0, 0, 0, 0, 0, 0, 0, 0, 0, 0, 0, 0, 0, 0, 0, 0, 0, 0, 0, 0, 0, 0, 0, 0, 0, 0, 0, 0, 0, 0, 0, 0, 0, 0, 0, 0, 0, 0, 0, 0, 0, 0, 0, 0, 0, 0, 0, 0, 0, 0, 0, 0, 0, 0, 0, 0, 0, 0, 0, 0, 0, 0, 0, 0, 0, 0, 0, 0, 0, 0, 0, 0, 0, -0.005584937, -0.005735012, -0.004899076, -0.0042159418, -0.0027386006, -0.0014200767, -0.00085636345, 7.97631e-05, 0.0007249042, 0.00091056543, 0.00096877705, 0.00065773324, 0.00016365483, -7.647365e-05, -0.0004194595, -0.00051052775, -0.00046266193, -0.00020425091, 0.00024485955, 0.0008734602, 0.0012412078, 0.0020176375, 0.0027507853, 0.0030745245, 0.0036210204, 0.0040172585, 0.0041439305, 0.004191199, 0.0038941912, 0.003242611, 0.0028157353, 0.0018807623, 0.0010199214, 0.000671623, 0.00017390492, -7.9971534e-05, -0.00010454158, -1.2458309e-05, 0.00043306372, 0.0012135238, 0.0016837406, 0.002623368, 0.003357241, 0.00359747, 0.0038007097, 0.0036501, 0.0031446617, 0.002744212, 0.0016183811, 9.260191e-05, -0.00076630234, -0.002477003, -0.0038825104, -0.004702491, -0.004840839, -0.004529308, -0.0034252552, -0.0025893247, -0.0004271874, 0.002205911, 0.0036092892, 0.006387776, 0.008862976, 0.010714706, 0.011298923, 0.011552189, 0.010386098, 0.009287075, 0.006410298, 0.0034115722, 0.0011634377, 0.00046634107, -6.2212464e-05, 0.0004553184, 0.0010434849, 0.0028159658, 0
0, 0, 0, 0, 0, 0, 0, 0, 0, 0, 0, 0, 0, 0, 0, 0, 0, 0, 0, 0, 0, 0, 0, 0, 0, 0, 0, 0, 0, 0, 0, 0, 0, 0, 0, 0, 0, 0, 0, 0, 0, 0, 0, 0, 0, 0, 0, 0, 0, 0, 0, 0, 0, 0, 0, 0, 0, 0, 0, 0, 0, 0, 0, 0, 0, 0, 0, 0, 0, 0, 0, 0, 0, -0.0016248119, -0.0025552798, -0.0026778087, -0.0024907805, -0.0018348468, -0.0010562429, -0.000677003, 7.327675e-06, 0.0005192154, 0.00067695405, 0.00075118215, 0.00052119256, 0.00012123767, -8.568869e-05, -0.00041730655, -0.0005754593, -0.00058604224, -0.00047800803, -0.00019592508, 0.000275248, 0.0005785134, 0.0012706657, 0.0019764744, 0.0023025093, 0.0028670882, 0.0032920116, 0.0034416565, 0.0035691957, 0.0034064765, 0.0029267762, 0.002585143, 0.0017911477, 0.0010022258, 0.00065958383, 0.00012589454, -0.00020658702, -0.00033399765, -0.00030316974, 2.4110582e-06, 0.0006425702, 0.0010548097, 0.001932479, 0.002689622, 0.0029708692, 0.0032962256, 0.0032982226, 0.0029625557, 0.0026543585, 0.0017246822, 0.00039258323, -0.00038215134, -0.0019858854, -0.003400297, -0.0043634474, -0.0046207155, -0.0046215057, -0.0038868105, -0.003238508, -0.0014268481, 0.00092901627, 0.0022315949, 0.004895489, 0.0073844576, 0.009398229, 0.010125057, 0.010787087, 0.010127337, 0.00927028, 0.0067379805, 0.0038309505, 0.0014684256, 0.0006680889, -0.00014408075, 0.00011120388, 0.00062459055, 0, 0
0, 0, 0, 0, 0, 0, 0, 0, 0, 0, 0, 0, 0, 0, 0, 0, 0, 0, 0, 0, 0, 0, 0, 0, 0, 0, 0, 0, 0, 0, 0, 0, 0, 0, 0, 0, 0, 0, 0, 0, 0, 0, 0, 0, 0, 0, 0, 0, 0, 0, 0, 0, 0, 0, 0, 0, 0, 0, 0, 0, 0, 0, 0, 0, 0, 0, 0, 0, 0, 0, 0, 0.0038009707, 0.0030923684, 0.0010027755, 2.1355303e-05, -0.00047860827, -0.0005893754, -0.0005791582, -0.0003445307, -0.00017722174, 0.00019187541, 0.00050877105, 0.00060957804, 0.00064435723, 0.00045798358, 0.00013273086, -4.6544894e-05, -0.00037672423, -0.0006293653, -0.000720742, -0.0008224419, -0.0007799911, -0.0005311749, -0.00031628125, 0.00026935883, 0.0009725017, 0.0013269068, 0.0019756854, 0.002497702, 0.0026997738, 0.0029573827, 0.002972327, 0.0027014213, 0.002462782, 0.0018273569, 0.001100192, 0.000745862, 0.00011683961, -0.00037016024, -0.0006770894, -0.0007399775, -0.00062738615, -0.00016538272, 0.00018126582, 0.0010071681, 0.0018412723, 0.0022051, 0.002753654, 0.0030086015, 0.0029225706, 0.002732925, 0.0020219402, 0.00086928456, 0.0001573058, -0.00140344, -0.0029243615, -0.0041612657, -0.0046133893, -0.005089163, -0.0048772795, -0.00448146, -0.0030977887, -0.0010133287, 0.00022667792, 0.0029195119, 0.005637647, 0.008075195, 0.009089233, 0.010471971, 0.0106602395, 0.010207983, 0.008256972, 0.0054653566, 0.0027513637, 0.0016369016, -2.0884816e-05, -0.00048185283, 0, 0, 0
0, 0, 0, 0, 0, 0, 0, 0, 0, 0, 0, 0, 0, 0, 0, 0, 0, 0, 0, 0, 0, 0, 0, 0, 0, 0, 0, 0, 0, 0, 0, 0, 0, 0, 0, 0, 0, 0, 0, 0, 0, 0, 0, 0, 0, 0, 0, 0, 0, 0, 0, 0, 0, 0, 0, 0, 0, 0, 0, 0, 0, 0, 0, 0, 0, 0, 0, 0, 0, 0, 0.005818254, 0.004043374, 0.0033870356, 0.0023372788, 0.0016553509, 0.0011661542, 0.0009784856, 0.0007292581, 0.0006484715, 0.0006625666, 0.0007566174, 0.0008534893, 0.000869292, 0.0007933328, 0.0005739649, 0.00026818152, 0.00010299745, -0.00022797259, -0.0005544121, -0.00071520463, -0.0010175697, -0.0012359308, -0.0012679641, -0.0011818646, -0.00079042924, -0.00016512086, 0.00019337423, 0.0009063165, 0.00152874, 0.0017886122, 0.0021833698, 0.0023816505, 0.0023359694, 0.002211582, 0.0017740878, 0.001151497, 0.0008044438, 0.00010110271, -0.00054570753, -0.0010566401, -0.0012301451, -0.0013506919, -0.0011136526, -0.0008614011, -0.000145342, 0.00072329614, 0.0011607254, 0.0019487552, 0.00251261, 0.0027495786, 0.0027158184, 0.0022873771, 0.0013587521, 0.0007273653, -0.0007618691, -0.0023642909, -0.003864049, -0.0045180344, -0.005513724, -0.0059169442, -0.005831914, -0.005007928, -0.0033172916, -0.0021903862, 0.00046606074, 0.0034014382, 0.006299482, 0.007636006, 0.009879965, 0.011227611, 0.011434381, 0.01071473, 0.008663856, 0.0056820554, 0.0037080236, 0, 0, 0, 0, 0
0, 0, 0, 0, 0, 0, 0, 0, 0, 0, 0, 0, 0, 0, 0, 0, 0, 0, 0, 0, 0, 0, 0, 0, 0, 0, 0, 0, 0, 0, 0, 0, 0, 0, 0, 0, 0, 0, 0, 0, 0, 0, 0, 0, 0, 0, 0, 0, 0, 0, 0, 0, 0, 0, 0, 0, 0, 0, 0, 0, 0, 0, 0, 0, 0, 0, 0, 0, 0.004355997, 0.0042047785, 0.0040711374, 0.0035720295, 0.003318678, 0.0028935566, 0.0025304842, 0.00218871, 0.0020295493, 0.0017620022, 0.0015864617, 0.0015341975, 0.0014754082, 0.0014140689, 0.001356969, 0.0011614735, 0.0008684673, 0.0005340148, 0.00036632936, 2.9798957e-05, -0.00033192767, -0.0005327138, -0.0009703334, -0.0014063087, -0.001723674, -0.0017936886, -0.0016950957, -0.0012821264, -0.0009887873, -0.0003267177, 0.00031915843, 0.0006088385, 0.0011000249, 0.0014513774, 0.0016166867, 0.0016126186, 0.0014099434, 0.00096231105, 0.000664473, -3.0771767e-05, -0.0007769834, -0.0014610732, -0.0017393058, -0.0020982213, -0.0021234306, -0.0019990655, -0.001490375, -0.00070529996, -0.0002485403, 0.000697533, 0.0015504614, 0.0021531938, 0.0023127452, 0.002265701, 0.0016698464, 0.0011729066, -0.00013337393, -0.0016991899, -0.0033446075, -0.0041471245, -0.00558909, -0.006604598, -0.00686256, -0.006726492, -0.005629599, -0.0047312053, -0.002354094, 0.0005701606, 0.003746297, 0.005340842, 0.008393406, 0.0111205615, 0.012297225, 0.013899956, 0.014088547, 0.012558612, 0, 0, 0, 0, 0, 0
0, 0, 0, 0, 0, 0, 0, 0, 0, 0, 0, 0, 0, 0, 0, 0, 0, 0, 0, 0, 0, 0, 0, 0, 0, 0, 0, 0, 0, 0, 0, 0, 0, 0, 0, 0, 0, 0, 0, 0, 0, 0, 0, 0, 0, 0, 0, 0, 0, 0, 0, 0, 0, 0, 0, 0, 0, 0, 0, 0, 0, 0, 0, 0, 0, 0, 0, 0.0028867081, 0.0027989869, 0.0027766512, 0.0028071094, 0.0028555938, 0.0028682332, 0.0028477018, 0.0027464626, 0.002575091, 0.002477016, 0.0022864295, 0.002132788, 0.0020742565, 0.0019774055, 0.0018608738, 0.0017749747, 0.0015273003, 0.0011947533, 0.0008351223, 0.00065964315, 0.00031602546, -5.3509677e-05, -0.0002630247, -0.0007501799, -0.0013044657, -0.0018316066, -0.002039786, -0.0022570812, -0.0021569033, -0.0019968788, -0.0015349876, -0.0009991837, -0.0007346627, -0.0002404739, 0.0001884643, 0.00051221205, 0.0006134887, 0.00065008143, 0.00042896517, 0.0002198771, -0.00036945392, -0.0011167167, -0.0018940641, -0.0022471389, -0.0028043138, -0.0030843173, -0.0031018686, -0.0028756193, -0.002310502, -0.0019167999, -0.00097305275, 5.3770502e-05, 0.0009817579, 0.001347107, 0.0017534485, 0.0016098991, 0.0013180107, 0.00034404057, -0.0010211284, -0.0026318044, -0.0034883101, -0.0052013, -0.0067037684, -0.007274204, -0.007852502, -0.007493721, -0.006940357, -0.005143079, -0.002590266, 0.00050515775, 0.0022001963, 0.005842678, 0.010007513, 0.012440849, 0.01780143, 0.021027002, 0, 0, 0, 0, 0, 0, 0
0, 0, 0, 0, 0, 0, 0, 0, 0, 0, 0, 0, 0, 0, 0, 0, 0, 0, 0, 0, 0, 0, 0, 0, 0, 0, 0, 0, 0, 0, 0, 0, 0, 0, 0, 0, 0, 0, 0, 0, 0, 0, 0, 0, 0, 0, 0, 0, 0, 0, 0, 0, 0, 0, 0, 0, 0, 0, 0, 0, 0, 0, 0, 0, 0, 0, 0, 0.0013947107, 0.0015326107, 0.0015800516, 0.0017493116, 0.0019964539, 0.0021189302, 0.002307443, 0.0023859232, 0.002361658, 0.0023233057, 0.002225151, 0.0021301943, 0.002090334, 0.0020183518, 0.0019247216, 0.0018532877, 0.0016408851, 0.0013437301, 0.0010084751, 0.000839939, 0.0005062653, 0.00015093204, -4.942036e-05, -0.0005203556, -0.0010881088, -0.00170146, -0.0019891744, -0.0024397068, -0.0026378501, -0.0026333262, -0.0024587745, -0.0021496126, -0.0019710222, -0.0015913133, -0.0011928261, -0.00080455805, -0.0006352472, -0.00040564116, -0.00039508886, -0.0004926329, -0.0009018826, -0.0015524335, -0.0023262296, -0.0027100344, -0.0033858716, -0.0038618108, -0.0040052505, -0.0040727663, -0.0038173893, -0.003560657, -0.002805977, -0.0018006307, -0.0006959273, -0.00017085744, 0.0006677096, 0.0010404965, 0.0010084356, 0.0005109261, -0.00048189194, -0.0018554172, -0.0026544053, -0.0043978547, -0.006154716, -0.006941266, -0.008104192, -0.008474516, -0.008313654, -0.007312037, -0.005520538, -0.0030304824, -0.0015030424, 0.0023248577, 0.00783976, 0.011502649, 0.023045601, 0, 0, 0, 0, 0, 0, 0, 0
0, 0, 0, 0, 0, 0, 0, 0, 0, 0, 0, 0, 0, 0, 0, 0, 0, 0, 0, 0, 0, 0, 0, 0, 0, 0, 0, 0, 0, 0, 0, 0, 0, 0, 0, 0, 0, 0, 0, 0, 0, 0, 0, 0, 0, 0, 0, 0, 0, 0, 0, 0, 0, 0, 0, 0, 0, 0, 0, 0, 0, 0, 0, 0, 0, -0.0006091197, -0.0003041367, 0.00029014205, 0.00048966106, 0.00056342524, 0.00075909524, 0.0010281594, 0.0011710451, 0.0014258603, 0.0015976861, 0.0016739112, 0.0016828504, 0.0016630429, 0.0016232287, 0.0016035086, 0.0015701057, 0.0015269102, 0.0014905072, 0.0013659627, 0.0011658171, 0.00091375987, 0.0007773549, 0.000491405, 0.00017500888, -3.6949039e-06, -0.00042255386, -0.00093670364, -0.0015248636, -0.0018237858, -0.0023625668, -0.0027401983, -0.0028510932, -0.0029338007, -0.002876761, -0.0028133243, -0.0026282615, -0.002359916, -0.0020173423, -0.0018335591, -0.0014992378, -0.0013052899, -0.0012956151, -0.0014942721, -0.001982374, -0.0026685696, -0.0030393228, -0.0037475398, -0.0043316293, -0.004559331, -0.0048634443, -0.004919324, -0.0048341835, -0.0044068648, -0.0036314894, -0.0025786215, -0.0019965249, -0.00087755267, -4.691876e-05, 0.00018941428, 0.0002430648, -0.00024229103, -0.0011975939, -0.0018306066, -0.0033552842, -0.005087053, -0.0059473617, -0.007442061, -0.008361988, -0.00854138, -0.008353504, -0.0076020383, -0.0064021503, -0.0055217817, -0.0023913945, 0.0045337984, 0.0072324863, 0, 0, 0, 0, 0, 0, 0, 0, 0
0, 0, 0, 0, 0, 0, 0, 0, 0, 0, 0, 0, 0, 0, 0, 0, 0, 0, 0, 0, 0, 0, 0, 0, 0, 0, 0, 0, 0, 0, 0, 0, 0, 0, 0, 0, 0, 0, 0, 0, 0, 0, 0, 0, 0, 0, 0, 0, 0, 0, 0, 0, 0, 0, 0, 0, 0, 0, 0, 0, 0, 0, 0, 0, -0.0003851597, -0.0004426729, -0.00046514207, -0.0003574907, -0.00029032, -0.00025361512, -0.00013423013, 5.693434e-05, 0.00016975764, 0.00039588774, 0.00058546016, 0.0007112522, 0.0007492315, 0.0007839942, 0.0007827854, 0.0007766797, 0.00076741923, 0.00076129386, 0.0007538189, 0.00071366405, 0.00062471716, 0.0004871087, 0.00040312286, 0.00020650544, -3.5499892e-05, -0.00017849181, -0.00051995233, -0.0009455873, -0.0014434658, -0.001705022, -0.0022057681, -0.0026138157, -0.002769604, -0.0029852448, -0.0031010793, -0.0031310848, -0.0031338292, -0.0030360955, -0.0028172934, -0.0026681647, -0.0023315432, -0.0020378062, -0.0019464506, -0.0019508363, -0.0022474234, -0.002792336, -0.0031181714, -0.0037888268, -0.00440028, -0.0046682158, -0.0051123244, -0.0054052453, -0.005475503, -0.0054089306, -0.005001729, -0.004223937, -0.0037143924, -0.002565635, -0.0014674491, -0.001023398, -0.00046365891, -0.0003992404, -0.0008250352, -0.001214174, -0.0023198011, -0.0037744713, -0.004570487, -0.006111822, -0.007315608, -0.007718523, -0.008158372, -0.008479597, -0.009230159, -0.009804978, -0.009671576, 0, 0, 0, 0, 0, 0, 0, 0, 0, 0, 0
0, 0, 0, 0, 0, 0, 0, 0, 0, 0, 0, 0, 0, 0, 0, 0, 0, 0, 0, 0, 0, 0, 0, 0, 0, 0, 0, 0, 0, 0, 0, 0, 0, 0, 0, 0, 0, 0, 0, 0, 0, 0, 0, 0, 0, 0, 0, 0, 0, 0, 0, 0, 0, 0, 0, 0, 0, 0, 0, 0, 0, 0, 0, 0.00017557021, -0.00017395694, -0.00030907334, -0.000532768, -0.00068168575, -0.00078035484, -0.0008104349, -0.0008205435, -0.00076096295, -0.0007086885, -0.0005762162, -0.00043314675, -0.0003117937, -0.0002652566, -0.00020641072, -0.00018915624, -0.00019035528, -0.00019844699, -0.00020084216, -0.0002000392, -0.00019901883, -0.00021144895, -0.0002471836, -0.00027536755, -0.00036043496, -0.0004943372, -0.00058489083, -0.0008196794, -0.0011314376, -0.0015084028, -0.0017096329, -0.0021029443, -0.0024394752, -0.0025770841, -0.0027938613, -0.0029561995, -0.0030239862, -0.0031278767, -0.0031581668, -0.0030719507, -0.0029792984, -0.0027108344, -0.0023976476, -0.0022614407, -0.0021154531, -0.0022225212, -0.002594367, -0.0028529896, -0.0034360448, -0.0040184674, -0.004291333, -0.0047899196, -0.005216442, -0.0053920103, -0.00562108, -0.0055974866, -0.005220175, -0.004884529, -0.003962111, -0.0028640907, -0.0023299295, -0.0014399758, -0.0009124297, -0.00081085536, -0.0009296318, -0.0015120734, -0.002521867, -0.0031498063, -0.004517107, -0.0058005406, -0.0063318987, -0.007188105, -0.008377113, -0.011031808, -0.013557275, -0.019378122, 0, 0, 0, 0, 0, 0, 0, 0, 0, 0, 0
0, 0, 0, 0, 0, 0, 0, 0, 0, 0, 0, 0, 0, 0, 0, 0, 0, 0, 0, 0, 0, 0, 0, 0, 0, 0, 0, 0, 0, 0, 0, 0, 0, 0, 0, 0, 0, 0, 0, 0, 0, 0, 0, 0, 0, 0, 0, 0, 0, 0, 0, 0, 0, 0, 0, 0, 0, 0, 0, 0, 0, 0.0011504348, 0.00094350637, 0.00040656928, 3.6155227e-05, -0.00012870255, -0.00043989252, -0.00071555696, -0.00094549306, -0.0010410517, -0.0011904886, -0.001280358, -0.0013023885, -0.0013056336, -0.0012649081, -0.0012043712, -0.0011750996, -0.0011332916, -0.0011224861, -0.0011283127, -0.0011529684, -0.0011803278, -0.0011904814, -0.0012010289, -0.0011956629, -0.0011781265, -0.0011674308, -0.0011541984, -0.0011720815, -0.0011997196, -0.0013036131, -0.0014791477, -0.0017177595, -0.0018515683, -0.0021182175, -0.0023454167, -0.0024360656, -0.0025762126, -0.0026836044, -0.0027338013, -0.0028300355, -0.0028965333, -0.002885794, -0.0028378533, -0.0026486143, -0.0023607267, -0.0022063302, -0.001953987, -0.0018842417, -0.0020619477, -0.0022343546, -0.0026855709, -0.0031950327, -0.0034501057, -0.003945768, -0.0044221133, -0.004650886, -0.0050613093, -0.005334631, -0.0053501935, -0.005226026, -0.004688142, -0.0038310431, -0.00333977, -0.002370927, -0.0015764525, -0.0010753988, -0.0009580356, -0.0010291812, -0.0015311696, -0.0019356025, -0.0030020776, -0.0043049273, -0.0049894694, -0.006289269, -0.008048388, -0.011788095, 0, 0, 0, 0, 0, 0, 0, 0, 0, 0, 0, 0, 0
0, 0, 0, 0, 0, 0, 0, 0, 0, 0, 0, 0, 0, 0, 0, 0, 0, 0, 0, 0, 0, 0, 0, 0, 0, 0, 0, 0, 0, 0, 0, 0, 0, 0, 0, 0, 0, 0, 0, 0, 0, 0, 0, 0, 0, 0, 0, 0, 0, 0, 0, 0, 0, 0, 0, 0, 0, 0, 0, 0, 0.0020864601, 0.0013980962, 0.0011087349, 0.000667649, 0.00032188374, 0.00015679751, -0.00017311018, -0.00049667, -0.00079983845, -0.0009404987, -0.0011982777, -0.0014212463, -0.0015166992, -0.0016697436, -0.0017678778, -0.0018195357, -0.0018342212, -0.0018568814, -0.0018856251, -0.0019060343, -0.0019580084, -0.0020196997, -0.0020505863, -0.0021049024, -0.0021339327, -0.0021253866, -0.002105603, -0.002045813, -0.0019798975, -0.001953879, -0.0019309412, -0.0019650355, -0.0020612783, -0.002127343, -0.0022731766, -0.0023975847, -0.0024414388, -0.0024888173, -0.0025018665, -0.0025054438, -0.0025180469, -0.0025313445, -0.0025114978, -0.0024746512, -0.0023241378, -0.002062022, -0.0018997609, -0.0015715852, -0.0013421068, -0.0013103053, -0.0013773884, -0.001647307, -0.0020322187, -0.0022471405, -0.002697184, -0.003166753, -0.003408187, -0.003894317, -0.004339486, -0.004644274, -0.0047041476, -0.004571521, -0.004087989, -0.0037390701, -0.002926071, -0.002106189, -0.0014133467, -0.0011455087, -0.0008253915, -0.0008576116, -0.0010272962, -0.0017222713, -0.0030465254, -0.004035257, -0.006325296, -0.0076749953, 0, 0, 0, 0, 0, 0, 0, 0, 0, 0, 0, 0, 0, 0
0, 0, 0, 0, 0, 0, 0, 0, 0, 0, 0, 0, 0, 0, 0, 0, 0, 0, 0, 0, 0, 0, 0, 0, 0, 0, 0, 0, 0, 0, 0, 0, 0, 0, 0, 0, 0, 0, 0, 0, 0, 0, 0, 0, 0, 0, 0, 0, 0, 0, 0, 0, 0, 0, 0, 0, 0, 0, 0, 0, 0.0019374486, 0.0015004548, 0.0013126556, 0.0009978226, 0.00070584595, 0.0005557588, 0.0002397905, -8.755645e-05, -0.0004132974, -0.00057367247, -0.0008897078, -0.0011995079, -0.0013495077, -0.0016298665, -0.0018693287, -0.0020593747, -0.002137142, -0.0022651376, -0.0023675251, -0.0024131404, -0.0025012507, -0.0025947734, -0.0026449359, -0.0027475508, -0.0028360942, -0.002883587, -0.0028866245, -0.0028493623, -0.00276796, -0.0027182684, -0.00261824, -0.0025428003, -0.0025168797, -0.002524832, -0.0025677115, -0.0026119733, -0.0026210635, -0.0025986463, -0.0025275976, -0.0024817633, -0.0023877255, -0.0022991637, -0.0022052987, -0.0021457612, -0.0019770605, -0.0017139452, -0.0015445094, -0.0011607744, -0.0007972019, -0.0005573096, -0.0005061882, -0.00054654473, -0.0007440967, -0.00088715873, -0.0012349363, -0.0016469219, -0.0018727292, -0.0023575567, -0.00286263, -0.003324414, -0.0035062912, -0.0036966358, -0.0035903072, -0.0034238782, -0.002911842, -0.0022653514, -0.0015986403, -0.0012873193, -0.00076622766, -0.00045999247, -0.0004226538, -0.00069564657, -0.0018494623, -0.0031686886, -0.007864742, 0, 0, 0, 0, 0, 0, 0, 0, 0, 0, 0, 0, 0, 0, 0
0, 0, 0, 0, 0, 0, 0, 0, 0, 0, 0, 0, 0, 0, 0, 0, 0, 0, 0, 0, 0, 0, 0, 0, 0, 0, 0, 0, 0, 0, 0, 0, 0, 0, 0, 0, 0, 0, 0, 0, 0, 0, 0, 0, 0, 0, 0, 0, 0, 0, 0, 0, 0, 0, 0, 0, 0, 0, 0.004280803, 0.0032328747, 0.0021135416, 0.0017154131, 0.0015939743, 0.0013835985, 0.0011551946, 0.0010263071, 0.0007412767, 0.00043244415, 0.000114269744, -4.567437e-05, -0.00037089252, -0.00070910814, -0.00088368537, -0.0012373056, -0.0015799678, -0.0018931174, -0.002034567, -0.002282814, -0.0024809602, -0.002562966, -0.002701567, -0.002827522, -0.0028926486, -0.0030341689, -0.003179546, -0.0033029323, -0.00334734, -0.0033904898, -0.0033700585, -0.0033381076, -0.0032421355, -0.0031278182, -0.0030322098, -0.0030009889, -0.0029718643, -0.0029619387, -0.0029502993, -0.0028903696, -0.002771221, -0.0026925283, -0.002513123, -0.002322728, -0.0021290171, -0.0020278846, -0.0018010964, -0.001512391, -0.0013362037, -0.0009207052, -0.00046389783, -5.1052615e-05, 0.00011301493, 0.00032372747, 0.00036946646, 0.00033471247, 0.0001647813, -0.00011984992, -0.0002988365, -0.00071658107, -0.0011980154, -0.0017029021, -0.0019419467, -0.0023307586, -0.0025191111, -0.0025201114, -0.0023419415, -0.0019753342, -0.001492684, -0.0012300404, -0.0007069566, -0.00025817577, -8.970248e-05, 5.8072605e-05, -0.0002622398, -0.0006866083, 0, 0, 0, 0, 0, 0, 0, 0, 0, 0, 0, 0, 0, 0, 0, 0
0, 0, 0, 0, 0, 0, 0, 0, 0, 0, 0, 0, 0, 0, 0, 0, 0, 0, 0, 0, 0, 0, 0, 0, 0, 0, 0, 0, 0, 0, 0, 0, 0, 0, 0, 0, 0, 0, 0, 0, 0, 0, 0, 0, 0, 0, 0, 0, 0, 0, 0, 0, 0, 0, 0, 0, 0, 0.0033399637, 0.0031309589, 0.0026357858, 0.0021490538, 0.0019226171, 0.0018575933, 0.0017409908, 0.001586691, 0.001487864, 0.0012511221, 0.0009765816, 0.00068537437, 0.00053768704, 0.00023614026, -8.272958e-05, -0.00025208856, -0.00061306386, -0.0009928276, -0.001375086, -0.0015603611, -0.0019066749, -0.002203405, -0.0023293812, -0.0025391146, -0.002711561, -0.0027943589, -0.0029679511, -0.003156924, -0.0033489175, -0.0034378453, -0.0035853165, -0.0036764375, -0.0036964642, -0.0036843952, -0.0036147642, -0.0035227684, -0.0034810354, -0.0034221332, -0.0033865676, -0.0033674592, -0.0033018142, -0.0031773418, -0.0030902438, -0.0028755271, -0.0026218062, -0.0023470668, -0.0022054769, -0.001912466, -0.0015909844, -0.0014094228, -0.0009886574, -0.0004949819, 2.578156e-05, 0.00027436498, 0.00070528075, 0.001010874, 0.0011078708, 0.0011852996, 0.0011085488, 0.0010169446, 0.0007381203, 0.000353621, -0.00010396061, -0.00034513572, -0.0008080083, -0.0011716641, -0.001293129, -0.0013957239, -0.001318003, -0.0010881211, -0.00092809525, -0.0005486202, -0.00016064788, 1.8758454e-05, 0.00034687592, 0.00056046783, 0, 0, 0, 0, 0, 0, 0, 0, 0, 0, 0, 0, 0, 0, 0, 0, 0
0, 0, 0, 0, 0, 0, 0, 0, 0, 0, 0, 0, 0, 0, 0, 0, 0, 0, 0, 0, 0, 0, 0, 0, 0, 0, 0, 0, 0, 0, 0, 0, 0, 0, 0, 0, 0, 0, 0, 0, 0, 0, 0, 0, 0, 0, 0, 0, 0, 0, 0, 0, 0, 0, 0, 0, 0.002130437, 0.0022129326, 0.002169912, 0.0020699166, 0.001986213, 0.0019593919, 0.0019576494, 0.0019429241, 0.001881146, 0.0018255017, 0.0016659008, 0.0014520967, 0.0012064639, 0.0010783669, 0.00081669353, 0.0005427098, 0.00039685288, 8.096113e-05, -0.0002703949, -0.00065117097, -0.00084816426, -0.0012427717, -0.0016141367, -0.0017824221, -0.0020771467, -0.0023199408, -0.0024294963, -0.002642755, -0.0028673352, -0.0031085487, -0.003231304, -0.0034698355, -0.00367796, -0.00376237, -0.0038779664, -0.0039152196, -0.0038945584, -0.0038738262, -0.0038351556, -0.003809111, -0.0037968478, -0.0037565413, -0.003668286, -0.0035996796, -0.0034101033, -0.0031555134, -0.0028516245, -0.0026884882, -0.0023514628, -0.00200321, -0.0018194428, -0.0014124641, -0.0009305866, -0.00037988336, -9.006037e-05, 0.00048195975, 0.0009992678, 0.0012224605, 0.0015698826, 0.0017611393, 0.001793404, 0.001732251, 0.0015215055, 0.0011908136, 0.000993366, 0.0005656187, 0.00015069499, -3.1080264e-05, -0.00030945573, -0.00045565437, -0.00046714512, -0.0004238344, -0.0002589289, -6.2951876e-05, 8.0851305e-06, 0.00017559898, 0, 0, 0, 0, 0, 0, 0, 0, 0, 0, 0, 0, 0, 0, 0, 0, 0, 0
0, 0, 0, 0, 0, 0, 0, 0, 0, 0, 0, 0, 0, 0, 0, 0, 0, 0, 0, 0, 0, 0, 0, 0, 0, 0, 0, 0, 0, 0, 0, 0, 0, 0, 0, 0, 0, 0, 0, 0, 0, 0, 0, 0, 0, 0, 0, 0, 0, 0, 0, 0, 0, 0, 0, 0.001279594, 0.001314134, 0.0014012572, 0.0014426892, 0.0015392358, 0.0016459059, 0.0017533473, 0.0018041731, 0.0018862844, 0.0019269718, 0.0019257745, 0.0018719397, 0.0017511591, 0.00157709, 0.0014771048, 0.0012642072, 0.0010402608, 0.00092288514, 0.0006711431, 0.0003879634, 6.559535e-05, -0.00011122089, -0.0004909517, -0.00088832935, -0.0010840751, -0.0014518038, -0.0017748007, -0.0019196786, -0.002189006, -0.0024507183, -0.0027240268, -0.0028667524, -0.0031610643, -0.00345287, -0.0035898797, -0.0038265858, -0.003993078, -0.0040851533, -0.0041100583, -0.0041391943, -0.0041607968, -0.0041707703, -0.004182922, -0.004163977, -0.004135155, -0.004026329, -0.0038390944, -0.0035747078, -0.0034198733, -0.0030820284, -0.0027269924, -0.002544215, -0.002155944, -0.0017106975, -0.0011887118, -0.0009002432, -0.00028478366, 0.0003495988, 0.0006598358, 0.0012314307, 0.0016912967, 0.0018633711, 0.0020742791, 0.0021053755, 0.001976947, 0.0018631862, 0.0015634898, 0.0012094325, 0.0010307771, 0.0007058273, 0.00045604448, 0.00028889798, 0.00022822116, 0.00013881564, 7.752237e-05, 0, 0, 0, 0, 0, 0, 0, 0, 0, 0, 0, 0, 0, 0, 0, 0, 0, 0, 0, 0
0, 0, 0, 0, 0, 0, 0, 0, 0, 0, 0, 0, 0, 0, 0, 0, 0, 0, 0, 0, 0, 0, 0, 0, 0, 0, 0, 0, 0, 0, 0, 0, 0, 0, 0, 0, 0, 0, 0, 0, 0, 0, 0, 0, 0, 0, 0, 0, 0, 0, 0, 0, 0, 0.000833694, 0.0007168341, 0.0007373287, 0.0007569761, 0.00082764134, 0.00088254665, 0.0010220644, 0.0011783513, 0.0013333353, 0.0014080493, 0.0015491331, 0.0016707396, 0.0017193442, 0.001777896, 0.0017703024, 0.0016924049, 0.0016303919, 0.001476613, 0.0013008647, 0.001207916, 0.0010149897, 0.0008048009, 0.00056542346, 0.00042982056, 0.00011990511, -0.00024106239, -0.00043497293, -0.00083068886, -0.0012116588, -0.0013891028, -0.0017173808, -0.0020207996, -0.0023176952, -0.0024691108, -0.0027828398, -0.0031100863, -0.0032750843, -0.003592782, -0.0038690534, -0.004082443, -0.0041651633, -0.0042938925, -0.004394182, -0.00443936, -0.00452313, -0.0045904405, -0.0046118544, -0.0046150265, -0.004544492, -0.0043842527, -0.0042709196, -0.0039904276, -0.0036628398, -0.0034887197, -0.003120288, -0.0027118356, -0.0022425398, -0.0019800842, -0.0013984818, -0.00074985006, -0.00040770412, 0.00028793258, 0.00094691257, 0.0012408518, 0.0017206424, 0.0020262664, 0.0021538134, 0.0021565256, 0.0020568178, 0.0018553104, 0.0017345726, 0.0014994243, 0.0013238677, 0.0011793061, 0.0010674774, 0.00062174996, 0, 0, 0, 0, 0, 0, 0, 0, 0, 0, 0, 0, 0, 0, 0, 0, 0, 0, 0, 0, 0
0, 0, 0, 0, 0, 0, 0, 0, 0, 0, 0, 0, 0, 0, 0, 0, 0, 0, 0, 0, 0, 0, 0, 0, 0, 0, 0, 0, 0, 0, 0, 0, 0, 0, 0, 0, 0, 0, 0, 0, 0, 0, 0, 0, 0, 0, 0, 0, 0, 0, 0, 0, 0, 0.0005409959, 0.00040474816, 0.000354794, 0.00031174734, 0.0003486029, 0.00039016892, 0.0005056385, 0.0006403606, 0.00077902275, 0.0008486361, 0.0009919173, 0.0011430094, 0.0012191106, 0.0013569767, 0.0014510457, 0.0014757678, 0.0014593413, 0.0013780235, 0.0012535235, 0.0011822063, 0.0010329288, 0.00087894313, 0.0007161489, 0.0006263228, 0.0004149253, 0.00014403484, -1.5055951e-05, -0.0003724534, -0.0007559812, -0.0009465089, -0.0013117606, -0.0016485933, -0.0019637335, -0.0021172222, -0.002426321, -0.002749297, -0.0029179656, -0.0032656624, -0.0036097784, -0.003922298, -0.004060471, -0.0042965207, -0.0044896053, -0.004575257, -0.0047355094, -0.004884207, -0.004952033, -0.0050641396, -0.0051236325, -0.0051030233, -0.0050557847, -0.0048889746, -0.0046384903, -0.004489796, -0.0041579828, -0.003786218, -0.0033682366, -0.003137641, -0.0026242163, -0.0020313382, -0.0017037769, -0.0009962814, -0.00025159924, 0.000115479794, 0.00079480116, 0.0013489409, 0.0017428878, 0.0018759577, 0.002020656, 0.0020321608, 0.0020077724, 0.001971555, 0.002085747, 0.0023254983, 0.002310494, 0, 0, 0, 0, 0, 0, 0, 0, 0, 0, 0, 0, 0, 0, 0, 0, 0, 0, 0, 0, 0, 0
0, 0, 0, 0, 0, 0, 0, 0, 0, 0, 0, 0, 0, 0, 0, 0, 0, 0, 0, 0, 0, 0, 0, 0, 0, 0, 0, 0, 0, 0, 0, 0, 0, 0, 0, 0, 0, 0, 0, 0, 0, 0, 0, 0, 0, 0, 0, 0, 0, 0, 0, 0, 0.00039344444, 0.0003037905, 0.00012741917, 4.6836016e-05, -6.0310856e-05, -8.439106e-05, -6.9492795e-05, -5.351125e-06, 8.187396e-05, 0.00017435479, 0.00022039178, 0.00032017275, 0.0004402098, 0.0005107527, 0.0006656224, 0.0008142792, 0.00091739336, 0.0009437252, 0.00094122405, 0.00087705784, 0.0008291262, 0.0007169799, 0.0006006994, 0.000490523, 0.0004366664, 0.0003188635, 0.00016046963, 5.7544108e-05, -0.00020252536, -0.00052356516, -0.0006975482, -0.0010519815, -0.0013945842, -0.0017140579, -0.0018649606, -0.0021585221, -0.0024548362, -0.0026110574, -0.002946627, -0.0033100701, -0.0036785707, -0.0038551919, -0.004177442, -0.0044543105, -0.0045774467, -0.004802241, -0.0050093275, -0.0051081292, -0.0052958876, -0.0054575517, -0.005568247, -0.0055944123, -0.005571894, -0.005446601, -0.005347525, -0.0050914115, -0.004775753, -0.0044113295, -0.0042113876, -0.0037684338, -0.0032571873, -0.002970665, -0.0023304282, -0.0016084147, -0.0012268729, -0.00045806772, 0.00026424264, 0.00088024075, 0.001135366, 0.0015294309, 0.0017839302, 0.001879001, 0.0020901775, 0.0025781416, 0.0037493745, 0.0040881066, 0, 0, 0, 0, 0, 0, 0, 0, 0, 0, 0, 0, 0, 0, 0, 0, 0, 0, 0, 0, 0, 0
0, 0, 0, 0, 0, 0, 0, 0, 0, 0, 0, 0, 0, 0, 0, 0, 0, 0, 0, 0, 0, 0, 0, 0, 0, 0, 0, 0, 0, 0, 0, 0, 0, 0, 0, 0, 0, 0, 0, 0, 0, 0, 0, 0, 0, 0, 0, 0, 0, 0, 0.0003711755, 0.0002777443, 0.0002478565, 0.00011912702, -8.2192964e-05, -0.00018614382, -0.0003599635, -0.00046097545, -0.00048378928, -0.00048601071, -0.0004545551, -0.00041642893, -0.00039931713, -0.0003666447, -0.0003202879, -0.00028506378, -0.00018193813, -4.733437e-05, 8.456926e-05, 0.0001370394, 0.00019952233, 0.00020041796, 0.00018007675, 0.00010976246, 2.1114767e-05, -6.031065e-05, -9.353025e-05, -0.000149106, -0.00021143247, -0.00025729198, -0.00039760556, -0.0006108546, -0.00074076053, -0.0010316924, -0.0013377656, -0.0016359875, -0.00177803, -0.0020470286, -0.0023076287, -0.0024421576, -0.0027357475, -0.003072165, -0.0034419668, -0.0036306712, -0.0039948025, -0.004323146, -0.004471162, -0.004737247, -0.0049731047, -0.0050840536, -0.005299636, -0.005509799, -0.0057045035, -0.0057872836, -0.0059004147, -0.0059182243, -0.005887409, -0.0057499614, -0.005527338, -0.0052377805, -0.005071678, -0.004698975, -0.004268773, -0.004028659, -0.0034885684, -0.0028580346, -0.0025088352, -0.0017560592, -0.0009723319, -0.00022104864, 0.00012185169, 0.0007221973, 0.0012205772, 0.0014571937, 0.0019784425, 0.0024775222, 0, 0, 0, 0, 0, 0, 0, 0, 0, 0, 0, 0, 0, 0, 0, 0, 0, 0, 0, 0, 0, 0, 0, 0
0, 0, 0, 0, 0, 0, 0, 0, 0, 0, 0, 0, 0, 0, 0, 0, 0, 0, 0, 0, 0, 0, 0, 0, 0, 0, 0, 0, 0, 0, 0, 0, 0, 0, 0, 0, 0, 0, 0, 0, 0, 0, 0, 0, 0, 0, 0, 0, 0, 0, 0.00044978835, 0.0002739506, 0.0001998336, 2.9435407e-05, -0.00019601296, -0.00032077753, -0.00055892725, -0.00074578513, -0.0008129221, -0.0008962615, -0.0009309338, -0.0009487923, -0.00096037966, -0.0009956311, -0.0010376497, -0.0010523379, -0.0010486721, -0.0009918776, -0.00089620665, -0.0008441273, -0.0007540301, -0.0007038542, -0.0006976295, -0.0007216122, -0.00078117615, -0.0008478687, -0.0008750581, -0.00090806367, -0.00091968017, -0.00092692603, -0.00096725096, -0.0010653926, -0.001139514, -0.0013304685, -0.0015618068, -0.0018072468, -0.001929016, -0.0021600516, -0.002376448, -0.0024834876, -0.002712784, -0.0029824905, -0.0032986403, -0.003469099, -0.003817657, -0.00415072, -0.004305078, -0.0045828363, -0.004821546, -0.0049292045, -0.0051330286, -0.005337595, -0.0055530244, -0.005660585, -0.005856715, -0.005992759, -0.006027893, -0.0060232007, -0.0059211124, -0.0057328157, -0.005610612, -0.0053166347, -0.004965676, -0.004768996, -0.004329129, -0.003812053, -0.0035185707, -0.0028583847, -0.0021172147, -0.0013435885, -0.0009653938, -0.00025365327, 0.00043812228, 0.00082757394, 0.0019151735, 0, 0, 0, 0, 0, 0, 0, 0, 0, 0, 0, 0, 0, 0, 0, 0, 0, 0, 0, 0, 0, 0, 0, 0, 0
0, 0, 0, 0, 0, 0, 0, 0, 0, 0, 0, 0, 0, 0, 0, 0, 0, 0, 0, 0, 0, 0, 0, 0, 0, 0, 0, 0, 0, 0, 0, 0, 0, 0, 0, 0, 0, 0, 0, 0, 0, 0, 0, 0, 0, 0, 0, 0, 0, 0.001053013, 0.00059204455, 0.00035235682, 0.00025887936, 6.367858e-05, -0.00018060888, -0.0003218564, -0.00061761745, -0.0008904324, -0.0010064001, -0.0011858393, -0.0013022792, -0.0013836945, -0.0014233297, -0.0015181793, -0.0016389227, -0.0017027366, -0.0018127746, -0.0018715307, -0.0018671525, -0.0018460889, -0.0017840704, -0.0017235561, -0.0017024706, -0.0016907279, -0.0017223534, -0.0017802283, -0.0018095359, -0.0018510934, -0.0018595112, -0.0018542521, -0.001842567, -0.00185608, -0.0018800199, -0.0019668296, -0.0021019503, -0.0022696147, -0.002358522, -0.0025335902, -0.0026927833, -0.0027666371, -0.002915868, -0.0030897448, -0.003307089, -0.0034329307, -0.0037083153, -0.0039945985, -0.0041340096, -0.0043920293, -0.0046129073, -0.0047094026, -0.004882524, -0.0050490424, -0.0052316524, -0.0053314785, -0.005538622, -0.005728155, -0.005804702, -0.005900253, -0.0059083044, -0.0058253747, -0.0057515814, -0.0055461726, -0.0052737673, -0.005116989, -0.0047653583, -0.0043558623, -0.0041242144, -0.0035984735, -0.0029912232, -0.0023361987, -0.0020064577, -0.0013508276, -0.0005805975, -1.8188919e-05, 0, 0, 0, 0, 0, 0, 0, 0, 0, 0, 0, 0, 0, 0, 0, 0, 0, 0, 0, 0, 0, 0, 0, 0, 0, 0
0, 0, 0, 0, 0, 0, 0, 0, 0, 0, 0, 0, 0, 0, 0, 0, 0, 0, 0, 0, 0, 0, 0, 0, 0, 0, 0, 0, 0, 0, 0, 0, 0, 0, 0, 0, 0, 0, 0, 0, 0, 0, 0, 0, 0, 0, 0, 0.001993804, 0.0017387464, 0.0010953231, 0.00070412067, 0.0004691061, 0.00037693905, 0.0001890994, -4.954248e-05, -0.00019447236, -0.0005226041, -0.0008642933, -0.0010253951, -0.0013069538, -0.0015216667, -0.0016821886, -0.0017529023, -0.0019020765, -0.0020824573, -0.0021840273, -0.0023916522, -0.0025701497, -0.0026875073, -0.0027202452, -0.0027403298, -0.0027231323, -0.0027092798, -0.0026942522, -0.002711657, -0.0027647782, -0.002799472, -0.0028637177, -0.0028996742, -0.0029033173, -0.0028885363, -0.002863452, -0.0028549968, -0.0028598618, -0.0029019096, -0.0029806031, -0.0030294014, -0.0031323247, -0.003224441, -0.0032624644, -0.0033265338, -0.0033936992, -0.0034895085, -0.0035534615, -0.0037139836, -0.0039067795, -0.004008844, -0.0042111673, -0.0043942262, -0.004475032, -0.004613409, -0.0047341525, -0.0048597436, -0.0049304534, -0.0050891917, -0.0052576642, -0.00533683, -0.0054648905, -0.0055322326, -0.0055239806, -0.005489309, -0.005360922, -0.0051608225, -0.005038638, -0.0047575147, -0.0044359285, -0.0042601386, -0.0038862873, -0.0034978562, -0.0031404279, -0.002990534, -0.002724411, -0.0021807603, 0, 0, 0, 0, 0, 0, 0, 0, 0, 0, 0, 0, 0, 0, 0, 0, 0, 0, 0, 0, 0, 0, 0, 0, 0, 0, 0
0, 0, 0, 0, 0, 0, 0, 0, 0, 0, 0, 0, 0, 0, 0, 0, 0, 0, 0, 0, 0, 0, 0, 0, 0, 0, 0, 0, 0, 0, 0, 0, 0, 0, 0, 0, 0, 0, 0, 0, 0, 0, 0, 0, 0, 0, 0, 0.001549816, 0.0013990293, 0.0010417077, 0.00075908273, 0.00056409516, 0.000486031, 0.00033079207, 0.00012920101, -9.807127e-07, -0.00031841814, -0.00068910193, -0.0008812701, -0.0012479995, -0.0015626756, -0.0018145948, -0.0019235347, -0.0021297282, -0.002354664, -0.0024805034, -0.0027539083, -0.0030277516, -0.0032640863, -0.0033589485, -0.0034960338, -0.003569359, -0.0035890308, -0.0036135034, -0.0036458145, -0.0037056585, -0.0037458756, -0.0038333877, -0.0039050924, -0.0039268965, -0.003937901, -0.0039130575, -0.0038927323, -0.0038506566, -0.0038223995, -0.0038198167, -0.0038279179, -0.0038550314, -0.0038787164, -0.0038833788, -0.0038734798, -0.0038477276, -0.0038291137, -0.0038295505, -0.003858604, -0.003927157, -0.003973865, -0.004083742, -0.0042010327, -0.0042559924, -0.0043527856, -0.004429414, -0.0044968035, -0.0045323195, -0.0046144244, -0.004711676, -0.0047623427, -0.004854852, -0.004917107, -0.0049295463, -0.0049123224, -0.0048281816, -0.004678183, -0.004580411, -0.0043472755, -0.0040824106, -0.0039493693, -0.0037218262, -0.003626724, -0.003761655, -0.003937376, -0.0044269166, 0, 0, 0, 0, 0, 0, 0, 0, 0, 0, 0, 0, 0, 0, 0, 0, 0, 0, 0, 0, 0, 0, 0, 0, 0, 0, 0, 0
0, 0, 0, 0, 0, 0, 0, 0, 0, 0, 0, 0, 0, 0, 0, 0, 0, 0, 0, 0, 0, 0, 0, 0, 0, 0, 0, 0, 0, 0, 0, 0, 0, 0, 0, 0, 0, 0, 0, 0, 0, 0, 0, 0, 0, 0, 0.0014404877, 0.0012266978, 0.0011324371, 0.0009349977, 0.0007479141, 0.00059631607, 0.0005336471, 0.00041531463, 0.00026642127, 0.00016621948, -0.00010033547, -0.00044983366, -0.0006466359, -0.0010560112, -0.0014469963, -0.0017858353, -0.0019341564, -0.0022021637, -0.0024656614, -0.0026061314, -0.0029132678, -0.0032446089, -0.0035695527, -0.003718366, -0.0039738417, -0.0041618436, -0.0042321817, -0.0043357546, -0.0044160797, -0.0045012822, -0.004549852, -0.0046564047, -0.0047559976, -0.0047948067, -0.0048405225, -0.0048388606, -0.004822453, -0.0047687334, -0.004702712, -0.004642397, -0.004617911, -0.0045800605, -0.0045456644, -0.004524, -0.004462596, -0.0043750126, -0.0042736833, -0.004223144, -0.0041353335, -0.004076117, -0.0040592873, -0.004049885, -0.004067275, -0.00408119, -0.0041114725, -0.0041347826, -0.0041466705, -0.004150397, -0.004158808, -0.0041735237, -0.004183545, -0.0042044963, -0.0042156284, -0.0042013647, -0.0041801636, -0.0041024876, -0.00397233, -0.0038862464, -0.0036768492, -0.0034374278, -0.0033269369, -0.003218645, -0.0034851828, -0.0042887614, -0.004948858, 0, 0, 0, 0, 0, 0, 0, 0, 0, 0, 0, 0, 0, 0, 0, 0, 0, 0, 0, 0, 0, 0, 0, 0, 0, 0, 0, 0, 0
0, 0, 0, 0, 0, 0, 0, 0, 0, 0, 0, 0, 0, 0, 0, 0, 0, 0, 0, 0, 0, 0, 0, 0, 0, 0, 0, 0, 0, 0, 0, 0, 0, 0, 0, 0, 0, 0, 0, 0, 0, 0, 0, 0, 0.0011342161, 0.0010860825, 0.0010282034, 0.00093368534, 0.0008888077, 0.00078734633, 0.00066722627, 0.0005475836, 0.00049442746, 0.00039935502, 0.0002923186, 0.00022207834, 2.3706441e-05, -0.00026394508, -0.0004396678, -0.0008345911, -0.001250977, -0.0016442672, -0.0018238259, -0.0021480632, -0.002446452, -0.0025970812, -0.0029168664, -0.003267829, -0.0036376622, -0.0038208815, -0.004164556, -0.004457516, -0.0045804237, -0.004780312, -0.0049319416, -0.0050608767, -0.005123777, -0.005249802, -0.005370142, -0.005422551, -0.0055008936, -0.0055335416, -0.0055318335, -0.005495579, -0.0054267063, -0.0053419285, -0.005298687, -0.0052173533, -0.0051407926, -0.005100673, -0.0050082514, -0.004890238, -0.004744762, -0.0046644984, -0.004498405, -0.004337569, -0.004263229, -0.004132579, -0.0040285825, -0.0039860588, -0.0039157835, -0.0038580028, -0.0038047268, -0.0037784642, -0.0037258086, -0.003674705, -0.0036502695, -0.003602672, -0.0035529812, -0.003493422, -0.003456796, -0.0033609553, -0.0032280006, -0.0031446419, -0.002946372, -0.0027227744, -0.0026246768, -0.0025876206, -0.003205881, -0.004708421, 0, 0, 0, 0, 0, 0, 0, 0, 0, 0, 0, 0, 0, 0, 0, 0, 0, 0, 0, 0, 0, 0, 0, 0, 0, 0, 0, 0, 0, 0
0, 0, 0, 0, 0, 0, 0, 0, 0, 0, 0, 0, 0, 0, 0, 0, 0, 0, 0, 0, 0, 0, 0, 0, 0, 0, 0, 0, 0, 0, 0, 0, 0, 0, 0, 0, 0, 0, 0, 0, 0, 0, 0, 0, 0.0006225318, 0.0006310432, 0.00060956326, 0.0005909912, 0.0005839964, 0.0005531831, 0.00048506891, 0.00039230386, 0.00034450242, 0.00025466768, 0.0001660186, 0.00011416134, -2.6586742e-05, -0.00023890844, -0.00037580452, -0.0007061251, -0.001087492, -0.0014813103, -0.0016710388, -0.002025266, -0.0023491576, -0.0025061565, -0.0028273698, -0.00317335, -0.0035468063, -0.0037398054, -0.004123622, -0.0044813612, -0.0046429257, -0.004923293, -0.005148262, -0.0053310567, -0.0054129097, -0.005566972, -0.005709512, -0.0057744845, -0.0058844825, -0.0059569427, -0.005976274, -0.005978598, -0.005936807, -0.005861617, -0.005815648, -0.0057170438, -0.005615339, -0.005562906, -0.005449675, -0.0053163655, -0.005155218, -0.005063922, -0.0048623104, -0.0046440903, -0.004531777, -0.0043079043, -0.004093298, -0.0039917557, -0.003803322, -0.003639178, -0.0034991154, -0.0034373163, -0.0033262935, -0.0032259058, -0.0031774528, -0.0030825124, -0.0029875252, -0.002889035, -0.0028367105, -0.0027195155, -0.002579357, -0.0024984803, -0.002321097, -0.0021512273, -0.0020899898, -0.002098544, -0.0024852173, 0, 0, 0, 0, 0, 0, 0, 0, 0, 0, 0, 0, 0, 0, 0, 0, 0, 0, 0, 0, 0, 0, 0, 0, 0, 0, 0, 0, 0, 0, 0
0, 0, 0, 0, 0, 0, 0, 0, 0, 0, 0, 0, 0, 0, 0, 0, 0, 0, 0, 0, 0, 0, 0, 0, 0, 0, 0, 0, 0, 0, 0, 0, 0, 0, 0, 0, 0, 0, 0, 0, 0, 0, 0, -0.00029947946, 4.2077478e-05, 8.0355116e-05, 9.274295e-05, 0.00011244918, 0.0001278776, 0.00014909652, 0.00013251363, 7.388583e-05, 3.4299126e-05, -5.2035513e-05, -0.00013884147, -0.00018417754, -0.00029007212, -0.00043658345, -0.00053132884, -0.0007695525, -0.0010679023, -0.001404144, -0.0015773803, -0.0019184903, -0.0022433966, -0.0024011075, -0.0027154246, -0.0030422714, -0.0033917231, -0.0035745003, -0.003948618, -0.004317041, -0.004492198, -0.0048133647, -0.005087459, -0.0053178077, -0.0054201386, -0.005607639, -0.00577786, -0.005856521, -0.0059980564, -0.0061097797, -0.006151339, -0.006200825, -0.006203585, -0.006162775, -0.0061285254, -0.006038744, -0.0059296475, -0.0058701374, -0.0057401177, -0.005594155, -0.0054266467, -0.005333522, -0.005126411, -0.004892868, -0.0047667325, -0.004499732, -0.0042180466, -0.004074349, -0.0037898775, -0.003521081, -0.0032826248, -0.0031776014, -0.002995071, -0.0028428396, -0.0027738973, -0.0026431575, -0.0025163062, -0.0023903637, -0.0023270417, -0.002197567, -0.002060859, -0.0019892063, -0.0018583601, -0.0018176271, -0.0018742993, -0.0021140638, 0, 0, 0, 0, 0, 0, 0, 0, 0, 0, 0, 0, 0, 0, 0, 0, 0, 0, 0, 0, 0, 0, 0, 0, 0, 0, 0, 0, 0, 0, 0, 0
0, 0, 0, 0, 0, 0, 0, 0, 0, 0, 0, 0, 0, 0, 0, 0, 0, 0, 0, 0, 0, 0, 0, 0, 0, 0, 0, 0, 0, 0, 0, 0, 0, 0, 0, 0, 0, 0, 0, 0, 0, 0, -0.0010445864, -0.0007057278, -0.0005835864, -0.00057583494, -0.00058400363, -0.0005655621, -0.0005433988, -0.00049309566, -0.0004641001, -0.00047704275, -0.0004995712, -0.0005655082, -0.0006449834, -0.0006864112, -0.00077166874, -0.0008702642, -0.0009289424, -0.0010753834, -0.0012682264, -0.0015066982, -0.0016394842, -0.0019207861, -0.0022111502, -0.0023568159, -0.0026492178, -0.0029474227, -0.0032570283, -0.003417063, -0.003745016, -0.004075392, -0.004237891, -0.0045479666, -0.004831367, -0.005084596, -0.0052003074, -0.005414339, -0.0056089563, -0.0056997, -0.0058658496, -0.0060069514, -0.006065452, -0.0061533805, -0.0061987857, -0.0062007727, -0.006185731, -0.00612636, -0.006031417, -0.005973006, -0.0058373543, -0.0056810942, -0.005507627, -0.005414316, -0.00521185, -0.0049876883, -0.0048660375, -0.004603337, -0.004312487, -0.004157318, -0.0038318592, -0.003498772, -0.0031803732, -0.0030332503, -0.0027715592, -0.00255205, -0.0024556054, -0.0022791044, -0.0021164413, -0.0019618748, -0.0018877153, -0.0017504403, -0.0016324802, -0.0015845216, -0.0015332046, -0.00165073, -0.0018801917, -0.0026666555, 0, 0, 0, 0, 0, 0, 0, 0, 0, 0, 0, 0, 0, 0, 0, 0, 0, 0, 0, 0, 0, 0, 0, 0, 0, 0, 0, 0, 0, 0, 0, 0
0, 0, 0, 0, 0, 0, 0, 0, 0, 0, 0, 0, 0, 0, 0, 0, 0, 0, 0, 0, 0, 0, 0, 0, 0, 0, 0, 0, 0, 0, 0, 0, 0, 0, 0, 0, 0, 0, 0, 0, 0, -0.0030464595, -0.0019139514, -0.0013943891, -0.0013364413, -0.0013594347, -0.0014141868, -0.0014307899, -0.0014202947, -0.0013738561, -0.0013204531, -0.0012905351, -0.00128945, -0.001314373, -0.0013654116, -0.0013956003, -0.0014585102, -0.0015203739, -0.0015518779, -0.0016231333, -0.0017170864, -0.0018461618, -0.0019254336, -0.002112162, -0.0023298594, -0.0024468084, -0.0026909546, -0.0029438818, -0.0032018074, -0.003331678, -0.003593345, -0.0038542096, -0.0039839875, -0.004239309, -0.004488214, -0.0047262358, -0.0048405835, -0.0050581703, -0.005260676, -0.0053551877, -0.005528531, -0.005677808, -0.0057416726, -0.005844237, -0.005912732, -0.005947136, -0.0059513133, -0.00593164, -0.0058718277, -0.0058267335, -0.005708171, -0.0055577075, -0.0053841923, -0.0052908836, -0.005093326, -0.0048833755, -0.0047731395, -0.0045399205, -0.0042829835, -0.0041432525, -0.0038378064, -0.0035018267, -0.0031522203, -0.0029797594, -0.002653978, -0.0023649482, -0.0022343448, -0.001997351, -0.0017818752, -0.0015813782, -0.001488045, -0.0013293875, -0.0012406068, -0.0012374278, -0.0013411288, -0.0015633025, -0.001669121, 0, 0, 0, 0, 0, 0, 0, 0, 0, 0, 0, 0, 0, 0, 0, 0, 0, 0, 0, 0, 0, 0, 0, 0, 0, 0, 0, 0, 0, 0, 0, 0, 0
0, 0, 0, 0, 0, 0, 0, 0, 0, 0, 0, 0, 0, 0, 0, 0, 0, 0, 0, 0, 0, 0, 0, 0, 0, 0, 0, 0, 0, 0, 0, 0, 0, 0, 0, 0, 0, 0, 0, 0, -0.0036429048, -0.0030549655, -0.0023661985, -0.002118597, -0.0021457176, -0.0021975916, -0.0023086218, -0.002385322, -0.0024038116, -0.0024005198, -0.0023611835, -0.002312415, -0.002292744, -0.002272358, -0.002278333, -0.002288883, -0.0023173082, -0.002345352, -0.0023568, -0.0023758737, -0.0023956296, -0.0024297454, -0.0024566352, -0.0025368126, -0.0026542698, -0.0027259793, -0.0028901694, -0.0030724802, -0.0032619152, -0.0033562863, -0.0035412882, -0.003719234, -0.0038063168, -0.003980019, -0.0041587125, -0.004344248, -0.0044387258, -0.004627476, -0.004809412, -0.0048953444, -0.0050514336, -0.0051833787, -0.0052384054, -0.0053269034, -0.005389395, -0.0054315105, -0.00544608, -0.0054595415, -0.005444582, -0.0054231337, -0.0053480417, -0.0052302065, -0.005075903, -0.0049880203, -0.004799087, -0.0046000187, -0.004499399, -0.004295761, -0.004083819, -0.0039709923, -0.0037215098, -0.0034319554, -0.003105209, -0.0029326377, -0.0025849515, -0.0022507275, -0.0020933552, -0.0017990384, -0.0015269398, -0.0012690907, -0.0011470704, -0.0009425714, -0.0008655551, -0.0009171924, -0.0012786112, -0.0019233538, 0, 0, 0, 0, 0, 0, 0, 0, 0, 0, 0, 0, 0, 0, 0, 0, 0, 0, 0, 0, 0, 0, 0, 0, 0, 0, 0, 0, 0, 0, 0, 0, 0, 0
0, 0, 0, 0, 0, 0, 0, 0, 0, 0, 0, 0, 0, 0, 0, 0, 0, 0, 0, 0, 0, 0, 0, 0, 0, 0, 0, 0, 0, 0, 0, 0, 0, 0, 0, 0, 0, 0, 0, -0.0031263847, -0.0029394163, -0.0028200697, -0.002713874, -0.0027625842, -0.0029007143, -0.0029844113, -0.0031529008, -0.0032984263, -0.0033546637, -0.003426097, -0.0034422595, -0.003416291, -0.003395062, -0.0033505033, -0.0033160227, -0.0033050654, -0.0032932977, -0.0032884835, -0.0032850823, -0.0032717057, -0.003246613, -0.0032158692, -0.0032019727, -0.0031868645, -0.0031978986, -0.0032153558, -0.0032743588, -0.0033598198, -0.0034607165, -0.0035127357, -0.0036140785, -0.003706394, -0.0037489862, -0.0038318832, -0.00392097, -0.004024853, -0.0040832865, -0.0042102197, -0.004342188, -0.004405916, -0.004521508, -0.004614912, -0.004651137, -0.004702786, -0.004733534, -0.0047548222, -0.0047655017, -0.004788645, -0.0048073865, -0.0048102196, -0.0047908267, -0.004727632, -0.0046170657, -0.0045454847, -0.004378589, -0.0041932357, -0.0040986757, -0.003913311, -0.0037336585, -0.0036436503, -0.0034498726, -0.0032225985, -0.0029528465, -0.0028019957, -0.0024791397, -0.0021439106, -0.00197764, -0.0016570238, -0.0013534365, -0.0010606436, -0.0009181439, -0.0006645303, -0.0005542996, -0.00062870566, -0.0010308424, 0, 0, 0, 0, 0, 0, 0, 0, 0, 0, 0, 0, 0, 0, 0, 0, 0, 0, 0, 0, 0, 0, 0, 0, 0, 0, 0, 0, 0, 0, 0, 0, 0, 0, 0
0, 0, 0, 0, 0, 0, 0, 0, 0, 0, 0, 0, 0, 0, 0, 0, 0, 0, 0, 0, 0, 0, 0, 0, 0, 0, 0, 0, 0, 0, 0, 0, 0, 0, 0, 0, 0, 0, -0.0038682036, -0.0030220216, -0.0027689708, -0.002820211, -0.0030426823, -0.003298732, -0.0035398582, -0.0036542157, -0.003873614, -0.0040780106, -0.004170672, -0.004324868, -0.004422395, -0.004459078, -0.0044576996, -0.004427336, -0.0043792794, -0.0043548406, -0.0043115583, -0.0042777457, -0.0042630583, -0.0042305877, -0.004185163, -0.004120781, -0.0040821405, -0.003998322, -0.003918276, -0.003883518, -0.0038317565, -0.003806028, -0.003803169, -0.0038069645, -0.0038192163, -0.003826772, -0.0038273742, -0.0038221888, -0.003817099, -0.003824924, -0.0038366385, -0.0038766707, -0.0039331843, -0.003963901, -0.0040218853, -0.004064701, -0.0040773354, -0.0040841834, -0.004070436, -0.0040508993, -0.004044503, -0.0040463316, -0.0040674056, -0.0040814024, -0.0041011237, -0.004092148, -0.004037668, -0.0039912723, -0.0038642914, -0.0037045034, -0.0036187528, -0.0034476474, -0.0032859603, -0.0032084573, -0.0030518717, -0.002877812, -0.0026685237, -0.002548643, -0.0022790951, -0.0019807816, -0.0018254112, -0.0015179191, -0.0012266843, -0.0009584116, -0.00083083013, -0.0005936549, -0.00042163054, -0.00038771098, 0, 0, 0, 0, 0, 0, 0, 0, 0, 0, 0, 0, 0, 0, 0, 0, 0, 0, 0, 0, 0, 0, 0, 0, 0, 0, 0, 0, 0, 0, 0, 0, 0, 0, 0, 0
0, 0, 0, 0, 0, 0, 0, 0, 0, 0, 0, 0, 0, 0, 0, 0, 0, 0, 0, 0, 0, 0, 0, 0, 0, 0, 0, 0, 0, 0, 0, 0, 0, 0, 0, 0, 0, -0.0028638993, -0.0028260588, -0.0026880559, -0.002803972, -0.0029615131, -0.0033502313, -0.003727619, -0.0040492546, -0.0041906005, -0.0044510197, -0.004697535, -0.0048158877, -0.0050363103, -0.0052146697, -0.0053318343, -0.005365045, -0.005385801, -0.00535998, -0.005336605, -0.0052828877, -0.005230871, -0.0052074073, -0.005162532, -0.005109239, -0.0050332304, -0.0049840687, -0.004862716, -0.0047198706, -0.0046450594, -0.0044988487, -0.004368496, -0.004262245, -0.0042175436, -0.004139984, -0.004067904, -0.004029894, -0.0039459635, -0.003853462, -0.0037640906, -0.0037248093, -0.0036637727, -0.0036275492, -0.0036172823, -0.0036057488, -0.0035932818, -0.0035826159, -0.0035471672, -0.0034917973, -0.0034273937, -0.0033969688, -0.003351903, -0.003336693, -0.0033398273, -0.0033579092, -0.0033733044, -0.0033618272, -0.0033404792, -0.0032623939, -0.003143406, -0.0030735743, -0.0029256402, -0.002781576, -0.0027133771, -0.0025813966, -0.0024442475, -0.0022855268, -0.0021944838, -0.0019840498, -0.0017389815, -0.0016063433, -0.0013360078, -0.001089128, -0.00090801547, -0.0008500507, -0.00078456383, -0.00066696876, 0, 0, 0, 0, 0, 0, 0, 0, 0, 0, 0, 0, 0, 0, 0, 0, 0, 0, 0, 0, 0, 0, 0, 0, 0, 0, 0, 0, 0, 0, 0, 0, 0, 0, 0, 0, 0
0, 0, 0, 0, 0, 0, 0, 0, 0, 0, 0, 0, 0, 0, 0, 0, 0, 0, 0, 0, 0, 0, 0, 0, 0, 0, 0, 0, 0, 0, 0, 0, 0, 0, 0, 0, -0.003260127, -0.0025909804, -0.002428262, -0.0024935359, -0.0028379906, -0.0030649523, -0.0035509903, -0.004009063, -0.0043991143, -0.0045685, -0.004871091, -0.005148062, -0.0052819946, -0.0055422126, -0.005778995, -0.0059687765, -0.006040056, -0.0061302455, -0.0061558154, -0.0061490447, -0.0061101723, -0.006056844, -0.006028911, -0.005974532, -0.0059163338, -0.0058384934, -0.0057873055, -0.0056544235, -0.005481521, -0.005383548, -0.0051763393, -0.004969427, -0.00477837, -0.0046913107, -0.0045341747, -0.0043911207, -0.004319854, -0.00416959, -0.0040034326, -0.0038270198, -0.0037396026, -0.0035766428, -0.0034407803, -0.0033842463, -0.0032930917, -0.0032206809, -0.003186441, -0.0031134048, -0.0030254645, -0.002923246, -0.0028695478, -0.002768952, -0.0026916012, -0.0026650527, -0.0026368988, -0.0026314314, -0.0026276042, -0.002619592, -0.0025801256, -0.0025061837, -0.0024583372, -0.0023492002, -0.0022353944, -0.0021804473, -0.0020755022, -0.001970802, -0.0018538566, -0.0017871413, -0.0016300667, -0.0014412925, -0.0013358867, -0.0011159721, -0.0009231517, -0.0008492179, -0.00088985485, -0.0011682878, 0, 0, 0, 0, 0, 0, 0, 0, 0, 0, 0, 0, 0, 0, 0, 0, 0, 0, 0, 0, 0, 0, 0, 0, 0, 0, 0, 0, 0, 0, 0, 0, 0, 0, 0, 0, 0, 0
0, 0, 0, 0, 0, 0, 0, 0, 0, 0, 0, 0, 0, 0, 0, 0, 0, 0, 0, 0, 0, 0, 0, 0, 0, 0, 0, 0, 0, 0, 0, 0, 0, 0, 0, 0, -0.0021253908, -0.0020703864, -0.0020948371, -0.0023442549, -0.002778731, -0.0030330485, -0.0035647058, -0.0040773167, -0.0045319456, -0.0047331266, -0.0050881687, -0.005398634, -0.0055445046, -0.0058259126, -0.0060926103, -0.006330649, -0.0064320215, -0.006588923, -0.0066794297, -0.006700458, -0.0067017586, -0.006666794, -0.006641459, -0.0065854113, -0.0065228464, -0.0064451275, -0.0063955965, -0.006266849, -0.0060924315, -0.0059892605, -0.005760096, -0.005514724, -0.005271647, -0.0051557375, -0.0049383617, -0.0047374475, -0.004638993, -0.004436042, -0.0042141494, -0.0039706477, -0.0038443923, -0.0035939175, -0.0033638456, -0.0032611499, -0.0030850493, -0.002943882, -0.0028826704, -0.0027680818, -0.0026504255, -0.0025182755, -0.002446768, -0.0022985567, -0.0021585622, -0.0020972365, -0.0020002904, -0.0019394722, -0.0019051944, -0.0018926583, -0.0018644861, -0.0018224502, -0.0017944655, -0.0017275889, -0.0016540077, -0.001617484, -0.001548181, -0.00147989, -0.0014026628, -0.0013571988, -0.001247696, -0.0011153417, -0.0010439077, -0.00090918015, -0.0008117353, -0.00081899954, -0.00092300004, 0, 0, 0, 0, 0, 0, 0, 0, 0, 0, 0, 0, 0, 0, 0, 0, 0, 0, 0, 0, 0, 0, 0, 0, 0, 0, 0, 0, 0, 0, 0, 0, 0, 0, 0, 0, 0, 0, 0
0, 0, 0, 0, 0, 0, 0, 0, 0, 0, 0, 0, 0, 0, 0, 0, 0, 0, 0, 0, 0, 0, 0, 0, 0, 0, 0, 0, 0, 0, 0, 0, 0, 0, 0, -0.0014786015, -0.0015128973, -0.0016889524, -0.0018234279, -0.0021776683, -0.0026236568, -0.0028711073, -0.0033944745, -0.003922872, -0.0044204816, -0.004648762, -0.00505795, -0.0054086535, -0.00556731, -0.0058637206, -0.006141639, -0.0064011654, -0.006520043, -0.006725874, -0.0068774624, -0.0069298665, -0.0069879335, -0.006992223, -0.0069793887, -0.0069345953, -0.0068737376, -0.0067981966, -0.006752233, -0.006636041, -0.006479086, -0.0063846963, -0.0061664586, -0.005920117, -0.0056607006, -0.005530648, -0.005277462, -0.0050345864, -0.004915485, -0.004673381, -0.0044143596, -0.004130505, -0.0039804275, -0.003672345, -0.0033715537, -0.0032304206, -0.0029756166, -0.0027614075, -0.0026677933, -0.0024997387, -0.0023422686, -0.0021791076, -0.0020934378, -0.0019128028, -0.0017301135, -0.0016430563, -0.0014878337, -0.0013680343, -0.0012847431, -0.0012544618, -0.001207832, -0.0011685563, -0.0011491312, -0.0011080942, -0.0010669903, -0.0010476953, -0.0010126729, -0.0009798615, -0.0009403203, -0.0009143698, -0.0008446756, -0.00076067814, -0.000725992, -0.0007304118, -0.000920559, -0.0010540532, 0, 0, 0, 0, 0, 0, 0, 0, 0, 0, 0, 0, 0, 0, 0, 0, 0, 0, 0, 0, 0, 0, 0, 0, 0, 0, 0, 0, 0, 0, 0, 0, 0, 0, 0, 0, 0, 0, 0, 0
0, 0, 0, 0, 0, 0, 0, 0, 0, 0, 0, 0, 0, 0, 0, 0, 0, 0, 0, 0, 0, 0, 0, 0, 0, 0, 0, 0, 0, 0, 0, 0, 0, 0, -0.001735549, -0.0014636192, -0.0013609254, -0.0015642298, -0.0017152362, -0.002064972, -0.0024614756, -0.00267606, -0.003137825, -0.003628384, -0.00412153, -0.0043588798, -0.004798069, -0.005180794, -0.0053512654, -0.0056598457, -0.0059389183, -0.006199754, -0.006323702, -0.0065542455, -0.006749271, -0.006828929, -0.0069457367, -0.007003353, -0.00701171, -0.0069959746, -0.0069492483, -0.0068817106, -0.006840374, -0.006740553, -0.006610436, -0.006531325, -0.006345102, -0.006124196, -0.00587677, -0.0057468293, -0.0054815076, -0.0052149016, -0.0050821584, -0.004814528, -0.004535933, -0.0042378963, -0.0040806113, -0.0037530337, -0.0034202214, -0.0032572171, -0.002948161, -0.0026706178, -0.0025446569, -0.0023149252, -0.0021049255, -0.0019022521, -0.0018010876, -0.0015963401, -0.0013926559, -0.0012941388, -0.0011109321, -0.00095517165, -0.000832396, -0.000782742, -0.0007021963, -0.0006396574, -0.00061308086, -0.00056741794, -0.000531251, -0.0005177538, -0.00049934996, -0.00048974104, -0.00047843732, -0.0004672793, -0.00042597935, -0.0003654043, -0.00034548546, -0.00044732235, -0.0012528363, -0.0020039745, 0, 0, 0, 0, 0, 0, 0, 0, 0, 0, 0, 0, 0, 0, 0, 0, 0, 0, 0, 0, 0, 0, 0, 0, 0, 0, 0, 0, 0, 0, 0, 0, 0, 0, 0, 0, 0, 0, 0, 0
0, 0, 0, 0, 0, 0, 0, 0, 0, 0, 0, 0, 0, 0, 0, 0, 0, 0, 0, 0, 0, 0, 0, 0, 0, 0, 0, 0, 0, 0, 0, 0, 0, -0.0015116208, -0.001399255, -0.0013521862, -0.0014102851, -0.0016295376, -0.0017685734, -0.0020692106, -0.0023883423, -0.0025574595, -0.0029228698, -0.0033279546, -0.0037611546, -0.003980238, -0.0044043725, -0.0047888407, -0.004962083, -0.0052719424, -0.0055438066, -0.0057924115, -0.005911937, -0.0061421, -0.0063549606, -0.006450824, -0.00661196, -0.006720959, -0.0067540896, -0.006779499, -0.0067597725, -0.0067088003, -0.0066749644, -0.006592274, -0.0064885076, -0.0064266366, -0.0062787742, -0.006095607, -0.005878867, -0.005759114, -0.005503046, -0.005232299, -0.005094279, -0.0048144823, -0.004530502, -0.0042379405, -0.004086812, -0.0037733288, -0.0034483667, -0.0032842676, -0.0029595804, -0.002648111, -0.0024995995, -0.0022179284, -0.0019553679, -0.0017075712, -0.0015881602, -0.0013583216, -0.0011425911, -0.001040908, -0.00085386983, -0.0006903368, -0.00055076036, -0.00048949954, -0.00038016346, -0.0002845249, -0.0002412326, -0.00016465968, -0.0001040956, -8.178004e-05, -5.4040105e-05, -4.7472513e-05, -4.8927715e-05, -4.616911e-05, -2.0076508e-05, 4.220297e-05, 8.062301e-05, 0.00012912213, 0, 0, 0, 0, 0, 0, 0, 0, 0, 0, 0, 0, 0, 0, 0, 0, 0, 0, 0, 0, 0, 0, 0, 0, 0, 0, 0, 0, 0, 0, 0, 0, 0, 0, 0, 0, 0, 0, 0, 0, 0, 0
0, 0, 0, 0, 0, 0, 0, 0, 0, 0, 0, 0, 0, 0, 0, 0, 0, 0, 0, 0, 0, 0, 0, 0, 0, 0, 0, 0, 0, 0, 0, 0, -0.0022446741, -0.0016160561, -0.0013799381, -0.0013954423, -0.0015490031, -0.0017860151, -0.0019156453, -0.0021759202, -0.0024304446, -0.0025583247, -0.002827419, -0.0031276783, -0.0034634054, -0.0036413518, -0.0040024132, -0.004348564, -0.0045093577, -0.0048009534, -0.0050540203, -0.005280087, -0.005387483, -0.00559634, -0.0057986598, -0.005895652, -0.006072684, -0.006213225, -0.0062653804, -0.0063289977, -0.0063413423, -0.006313153, -0.0062882365, -0.0062229577, -0.006140906, -0.006093184, -0.0059796846, -0.0058369786, -0.0056593814, -0.005557161, -0.0053274212, -0.005072323, -0.0049379426, -0.0046624173, -0.004384366, -0.0041069584, -0.003967746, -0.003685971, -0.0033958582, -0.003247067, -0.002943411, -0.0026357193, -0.002481752, -0.0021777938, -0.0018825002, -0.0015993034, -0.0014638732, -0.0012079214, -0.0009767904, -0.0008718453, -0.00068385963, -0.0005230145, -0.00038408983, -0.00032003937, -0.00019744413, -7.77571e-05, -1.8706287e-05, 9.389575e-05, 0.00019087964, 0.0002301476, 0.00028551332, 0.0003090057, 0.0003116709, 0.00031301347, 0.00033546472, 0.00039908846, 0.00043815322, 0.00046868302, 0, 0, 0, 0, 0, 0, 0, 0, 0, 0, 0, 0, 0, 0, 0, 0, 0, 0, 0, 0, 0, 0, 0, 0, 0, 0, 0, 0, 0, 0, 0, 0, 0, 0, 0, 0, 0, 0, 0, 0, 0, 0
0, 0, 0, 0, 0, 0, 0, 0, 0, 0, 0, 0, 0, 0, 0, 0, 0, 0, 0, 0, 0, 0, 0, 0, 0, 0, 0, 0, 0, 0, 0, 0, -0.0017144775, -0.0015235479, -0.001488558, -0.0015418865, -0.00172913, -0.0019665435, -0.0020893659, -0.0023280075, -0.0025467428, -0.0026490304, -0.0028487153, -0.003057258, -0.0032900379, -0.0034172477, -0.0036873824, -0.003963949, -0.0040979804, -0.0043481775, -0.004568944, -0.004763451, -0.0048535513, -0.0050263354, -0.0051952833, -0.005278501, -0.0054378095, -0.0055773705, -0.0056349454, -0.005717956, -0.005753857, -0.0057466826, -0.005730582, -0.0056803674, -0.0056145084, -0.0055767177, -0.0054892586, -0.005381027, -0.005243335, -0.005161699, -0.004971801, -0.004749944, -0.004629349, -0.0043751975, -0.004114502, -0.003856267, -0.00372937, -0.00347874, -0.0032276446, -0.003099666, -0.0028359143, -0.002560442, -0.0024180012, -0.002127327, -0.0018320058, -0.0015396071, -0.0013971617, -0.0011254611, -0.0008789583, -0.00076736324, -0.0005699834, -0.00040444758, -0.0002639105, -0.00019959739, -7.4450196e-05, 5.28205e-05, 0.000118621734, 0.00025044408, 0.0003734661, 0.0004270422, 0.0005105239, 0.0005586143, 0.0005811045, 0.0005907435, 0.00063027337, 0.0007163067, 0.0007619264, 0, 0, 0, 0, 0, 0, 0, 0, 0, 0, 0, 0, 0, 0, 0, 0, 0, 0, 0, 0, 0, 0, 0, 0, 0, 0, 0, 0, 0, 0, 0, 0, 0, 0, 0, 0, 0, 0, 0, 0, 0, 0, 0
0, 0, 0, 0, 0, 0, 0, 0, 0, 0, 0, 0, 0, 0, 0, 0, 0, 0, 0, 0, 0, 0, 0, 0, 0, 0, 0, 0, 0, 0, -0.002467623, -0.0020151963, -0.0017073866, -0.0017706064, -0.001930891, -0.0020169555, -0.0021919268, -0.0023746642, -0.002470342, -0.0026646922, -0.0028496138, -0.0029335797, -0.0030785142, -0.0031924867, -0.0032874318, -0.0033332729, -0.003431073, -0.0035443155, -0.0036062563, -0.0037351237, -0.003860886, -0.003973146, -0.0040226835, -0.0041081803, -0.0041791163, -0.004210839, -0.0042691226, -0.004323135, -0.0043481346, -0.00439048, -0.0044159554, -0.0044179643, -0.004409688, -0.0043752324, -0.004323165, -0.0042923875, -0.004223955, -0.0041483627, -0.00406156, -0.004012807, -0.003900478, -0.0037662608, -0.003690319, -0.0035207793, -0.0033311679, -0.003128136, -0.003024174, -0.002815239, -0.0026076797, -0.0025051169, -0.002301069, -0.0020971643, -0.0019941102, -0.0017847214, -0.0015681698, -0.0013444006, -0.001230565, -0.0010015727, -0.0007749813, -0.00066457305, -0.00045370287, -0.0002615698, -9.159109e-05, -1.4710156e-05, 0.00012557443, 0.00025312908, 0.00031478034, 0.00043413634, 0.00054695085, 0.0005999859, 0.0006967172, 0.00078669115, 0.0008964107, 0.00097307697, 0.001183163, 0, 0, 0, 0, 0, 0, 0, 0, 0, 0, 0, 0, 0, 0, 0, 0, 0, 0, 0, 0, 0, 0, 0, 0, 0, 0, 0, 0, 0, 0, 0, 0, 0, 0, 0, 0, 0, 0, 0, 0, 0, 0, 0, 0, 0
0, 0, 0, 0, 0, 0, 0, 0, 0, 0, 0, 0, 0, 0, 0, 0, 0, 0, 0, 0, 0, 0, 0, 0, 0, 0, 0, 0, 0, -0.0020451962, -0.0019540305, -0.0018826969, -0.0018951888, -0.0020613756, -0.0022592782, -0.0023502912, -0.0025136115, -0.002665068, -0.0027415014, -0.0028991308, -0.0030564624, -0.0031301607, -0.0032584704, -0.003352672, -0.0034149457, -0.003437729, -0.0034775948, -0.0035232585, -0.0035509237, -0.0036158247, -0.0036873273, -0.0037535476, -0.0037821343, -0.0038259928, -0.0038512864, -0.0038582673, -0.0038629582, -0.0038617565, -0.0038606003, -0.0038588191, -0.0038542, -0.0038411624, -0.0038292736, -0.0037925285, -0.0037388823, -0.003706213, -0.0036325941, -0.003551208, -0.003464027, -0.003418105, -0.0033208916, -0.0032141556, -0.0031562424, -0.003028817, -0.0028841447, -0.002721282, -0.0026338962, -0.0024500391, -0.0022587022, -0.0021621105, -0.0019706252, -0.001784613, -0.0016940887, -0.0015178326, -0.0013446856, -0.0011714876, -0.0010831828, -0.0009028898, -0.00071720587, -0.000622527, -0.00043299896, -0.00024701434, -7.205729e-05, 9.363408e-06, 0.00015893104, 0.0002922878, 0.0003533369, 0.00046542977, 0.000566661, 0.0006135233, 0.00070545106, 0.0008124392, 0.0009812714, 0.0011154842, 0.0016220183, 0, 0, 0, 0, 0, 0, 0, 0, 0, 0, 0, 0, 0, 0, 0, 0, 0, 0, 0, 0, 0, 0, 0, 0, 0, 0, 0, 0, 0, 0, 0, 0, 0, 0, 0, 0, 0, 0, 0, 0, 0, 0, 0, 0, 0
0, 0, 0, 0, 0, 0, 0, 0, 0, 0, 0, 0, 0, 0, 0, 0, 0, 0, 0, 0, 0, 0, 0, 0, 0, 0, 0, 0, 0, -0.0017703876, -0.0017401077, -0.0018113243, -0.0020442028, -0.00231949, -0.0025708538, -0.0026782283, -0.0028553198, -0.0029983637, -0.0030641342, -0.0031927745, -0.0033204881, -0.003381736, -0.00349111, -0.0035710528, -0.0036153877, -0.0036250895, -0.0036285538, -0.0036241354, -0.0036237966, -0.0036308626, -0.0036483225, -0.0036687, -0.0036764774, -0.0036824283, -0.0036707474, -0.0036583336, -0.0036208152, -0.0035736605, -0.0035491157, -0.0035023983, -0.0034609486, -0.003422736, -0.0034024427, -0.0033550272, -0.0032938526, -0.0032570409, -0.0031728335, -0.003076674, -0.0029738247, -0.0029216364, -0.00281718, -0.0027140244, -0.0026634797, -0.0025597655, -0.0024489907, -0.0023256624, -0.0022576982, -0.0021087877, -0.0019438915, -0.001856897, -0.0016800831, -0.0015063421, -0.0014229384, -0.0012652329, -0.0011193111, -0.0009818595, -0.00091430265, -0.00077799655, -0.00063608965, -0.0005619313, -0.00040791274, -0.0002488324, -8.995587e-05, -1.3307518e-05, 0.00013230712, 0.00026510074, 0.00032644987, 0.00043890643, 0.00053949305, 0.00058720127, 0.0006863577, 0.0008187021, 0.0010367952, 0.0011672691, 0, 0, 0, 0, 0, 0, 0, 0, 0, 0, 0, 0, 0, 0, 0, 0, 0, 0, 0, 0, 0, 0, 0, 0, 0, 0, 0, 0, 0, 0, 0, 0, 0, 0, 0, 0, 0, 0, 0, 0, 0, 0, 0, 0, 0, 0
0, 0, 0, 0, 0, 0, 0, 0, 0, 0, 0, 0, 0, 0, 0, 0, 0, 0, 0, 0, 0, 0, 0, 0, 0, 0, 0, -0.0031646295, -0.0027330255, -0.0018384636, -0.0017517956, -0.0018479438, -0.002147145, -0.0024793288, -0.0027782589, -0.0029073663, -0.0031208044, -0.0032850406, -0.0033546132, -0.0034791194, -0.0035932343, -0.0036470147, -0.0037441556, -0.0038181606, -0.003858667, -0.0038653042, -0.0038548901, -0.0038236834, -0.0038048462, -0.0037692306, -0.0037417698, -0.003720101, -0.0037094485, -0.0036822716, -0.0036415295, -0.0036147523, -0.0035481008, -0.0034680665, -0.0034255206, -0.003340801, -0.0032616544, -0.0031913973, -0.003158007, -0.0030909702, -0.0030163433, -0.0029741817, -0.0028773884, -0.0027655058, -0.0026431738, -0.002580368, -0.002455199, -0.002336244, -0.0022805901, -0.0021757802, -0.0020769893, -0.0019775063, -0.0019250393, -0.001810553, -0.0016799396, -0.0016088183, -0.0014567943, -0.001299851, -0.0012223885, -0.0010744851, -0.00093922915, -0.0008167701, -0.0007591554, -0.0006470075, -0.0005347715, -0.00047745806, -0.00035731235, -0.00023179955, -0.000103770544, -4.021688e-05, 8.444872e-05, 0.00020411664, 0.0002618261, 0.00037376772, 0.00048374204, 0.00053994847, 0.00066710584, 0.0008420125, 0.0011698694, 0.0013233366, 0, 0, 0, 0, 0, 0, 0, 0, 0, 0, 0, 0, 0, 0, 0, 0, 0, 0, 0, 0, 0, 0, 0, 0, 0, 0, 0, 0, 0, 0, 0, 0, 0, 0, 0, 0, 0, 0, 0, 0, 0, 0, 0, 0, 0, 0
0, 0, 0, 0, 0, 0, 0, 0, 0, 0, 0, 0, 0, 0, 0, 0, 0, 0, 0, 0, 0, 0, 0, 0, 0, 0, 0, -0.0017975745, -0.0017370654, -0.0016092543, -0.0017219257, -0.0018474449, -0.0021643802, -0.0025063122, -0.002826556, -0.0029705772, -0.0032210916, -0.003422536, -0.0035072577, -0.003654316, -0.0037799035, -0.0038369813, -0.003939364, -0.004021327, -0.004074014, -0.004087141, -0.004086466, -0.0040558167, -0.004032838, -0.003979554, -0.0039252937, -0.0038748807, -0.0038503471, -0.0037986464, -0.003737504, -0.003701562, -0.003617477, -0.003517688, -0.0034634518, -0.0033515154, -0.0032407076, -0.0031371042, -0.00308834, -0.0029946382, -0.0029010805, -0.002851511, -0.0027437431, -0.0026214637, -0.0024860268, -0.0024149416, -0.0022710739, -0.0021309287, -0.0020644069, -0.0019404372, -0.0018298443, -0.0017295249, -0.0016811071, -0.0015837935, -0.0014787116, -0.001422035, -0.0012985122, -0.0011644731, -0.0010954463, -0.00095780106, -0.00082562474, -0.0007037111, -0.0006464212, -0.0005383733, -0.0004348709, -0.00038408008, -0.00028212048, -0.00018001029, -7.9673024e-05, -3.0226456e-05, 6.7481305e-05, 0.00016455357, 0.00021403108, 0.00031746898, 0.00043477697, 0.0005038898, 0.0006785327, 0.0009100074, 0, 0, 0, 0, 0, 0, 0, 0, 0, 0, 0, 0, 0, 0, 0, 0, 0, 0, 0, 0, 0, 0, 0, 0, 0, 0, 0, 0, 0, 0, 0, 0, 0, 0, 0, 0, 0, 0, 0, 0, 0, 0, 0, 0, 0, 0, 0, 0
0, 0, 0, 0, 0, 0, 0, 0, 0, 0, 0, 0, 0, 0, 0, 0, 0, 0, 0, 0, 0, 0, 0, 0, 0, 0, -0.0012870829, -0.0011942319, -0.0012022145, -0.0013490015, -0.0016074197, -0.0017585638, -0.0020797702, -0.0024053361, -0.0027177793, -0.0028646498, -0.0031333922, -0.003365893, -0.0034685466, -0.0036503344, -0.003805638, -0.0038751275, -0.0039988076, -0.004101966, -0.004178662, -0.0042055896, -0.0042339195, -0.0042287535, -0.0042151846, -0.0041733813, -0.0041199396, -0.0040625185, -0.0040329383, -0.00397084, -0.0039003799, -0.0038609775, -0.0037704713, -0.0036643788, -0.0036060424, -0.0034816458, -0.0033522288, -0.0032242883, -0.0031622075, -0.003042884, -0.0029279352, -0.0028703797, -0.0027523153, -0.0026251923, -0.0024869612, -0.0024140582, -0.0022637853, -0.0021117677, -0.0020366434, -0.0018918167, -0.0017576746, -0.0016349928, -0.0015777386, -0.0014697845, -0.0013653586, -0.0013128768, -0.0012033645, -0.0010874537, -0.0010266595, -0.0009019138, -0.000775241, -0.0006514025, -0.0005916109, -0.0004766437, -0.00036690067, -0.00031429718, -0.00021199316, -0.00011430334, -2.4540359e-05, 1.7746064e-05, 9.820733e-05, 0.00017659158, 0.00021718435, 0.00030768962, 0.00042372214, 0.0004996602, 0.000722226, 0.001158657, 0, 0, 0, 0, 0, 0, 0, 0, 0, 0, 0, 0, 0, 0, 0, 0, 0, 0, 0, 0, 0, 0, 0, 0, 0, 0, 0, 0, 0, 0, 0, 0, 0, 0, 0, 0, 0, 0, 0, 0, 0, 0, 0, 0, 0, 0, 0, 0
0, 0, 0, 0, 0, 0, 0, 0, 0, 0, 0, 0, 0, 0, 0, 0, 0, 0, 0, 0, 0, 0, 0, 0, 0, 0, -0.0007207519, -0.0008336173, -0.0009144879, -0.001154134, -0.0014528306, -0.0016076671, -0.0019137252, -0.0022110688, -0.0024980765, -0.0026370727, -0.0029032717, -0.003149898, -0.0032647985, -0.0034764344, -0.0036632144, -0.00374765, -0.0038984942, -0.004026646, -0.00413035, -0.0041723154, -0.0042352136, -0.004268816, -0.0042745727, -0.0042678546, -0.004241462, -0.004201878, -0.004178362, -0.004124268, -0.0040593194, -0.0040223463, -0.0039378093, -0.0038387375, -0.003783896, -0.003664805, -0.0035363191, -0.00340271, -0.0033354785, -0.003201713, -0.0030707612, -0.0030062702, -0.0028780045, -0.0027471997, -0.0026120157, -0.0025419134, -0.0023975591, -0.0022475966, -0.0021708484, -0.0020170726, -0.001864193, -0.0017148112, -0.0016426576, -0.0015041527, -0.0013740404, -0.0013117082, -0.0011911469, -0.0010735077, -0.0010150535, -0.0008978898, -0.0007782998, -0.0006576173, -0.0005968664, -0.00047647135, -0.0003581395, -0.00029972396, -0.00018667614, -7.984134e-05, 1.7911409e-05, 6.273251e-05, 0.00014413074, 0.00021956331, 0.00025732923, 0.00034204405, 0.0004546542, 0.00052795274, 0.00071588944, 0, 0, 0, 0, 0, 0, 0, 0, 0, 0, 0, 0, 0, 0, 0, 0, 0, 0, 0, 0, 0, 0, 0, 0, 0, 0, 0, 0, 0, 0, 0, 0, 0, 0, 0, 0, 0, 0, 0, 0, 0, 0, 0, 0, 0, 0, 0, 0, 0
0, 0, 0, 0, 0, 0, 0, 0, 0, 0, 0, 0, 0, 0, 0, 0, 0, 0, 0, 0, 0, 0, 0, 0, 0, -0.00028679235, -0.00040242306, -0.0005841861, -0.0006996812, -0.00096881663, -0.0012619386, -0.0014078948, -0.0016890467, -0.0019560733, -0.0022144495, -0.0023421855, -0.0025944542, -0.0028410635, -0.0029607897, -0.003189375, -0.0033982808, -0.0034944997, -0.003666634, -0.0038139408, -0.0039377306, -0.003991387, -0.0040832516, -0.004154152, -0.0041815443, -0.004219983, -0.0042371745, -0.0042351675, -0.004227379, -0.004199113, -0.0041546375, -0.0041265874, -0.0040595033, -0.003979422, -0.003934813, -0.0038378248, -0.0037309157, -0.0036144843, -0.003553358, -0.0034258512, -0.0032930234, -0.0032254865, -0.0030899534, -0.0029544095, -0.0028196455, -0.0027520119, -0.002615727, -0.0024761413, -0.0024041638, -0.0022555436, -0.002099286, -0.0019359225, -0.0018525835, -0.0016851075, -0.001520472, -0.0014409104, -0.0012893957, -0.0011493383, -0.0010836545, -0.000958416, -0.00083816034, -0.00071897235, -0.0006591914, -0.0005380661, -0.00041491602, -0.0003525229, -0.00022844884, -0.00010791025, 5.8252463e-06, 5.899371e-05, 0.00015661483, 0.00024578453, 0.00028996653, 0.00038802478, 0.0005140161, 0.00059268146, 0.00075942226, 0, 0, 0, 0, 0, 0, 0, 0, 0, 0, 0, 0, 0, 0, 0, 0, 0, 0, 0, 0, 0, 0, 0, 0, 0, 0, 0, 0, 0, 0, 0, 0, 0, 0, 0, 0, 0, 0, 0, 0, 0, 0, 0, 0, 0, 0, 0, 0, 0
0, 0, 0, 0, 0, 0, 0, 0, 0, 0, 0, 0, 0, 0, 0, 0, 0, 0, 0, 0, 0, 0, 0, 0, -0.0003112998, -0.00021968925, -0.00025327172, -0.0004105163, -0.0005172539, -0.0007628636, -0.0010258763, -0.0011567023, -0.0014094192, -0.0016504182, -0.0018847735, -0.0020020753, -0.0022388387, -0.002478323, -0.0025977418, -0.002831563, -0.0030513366, -0.0031536163, -0.0033388634, -0.0034976308, -0.0036330703, -0.0036937883, -0.0038044706, -0.00390346, -0.0039488003, -0.0040298104, -0.0040946538, -0.004139291, -0.0041529564, -0.0041629593, -0.00415027, -0.0041364133, -0.004095789, -0.0040426957, -0.0040127817, -0.003948651, -0.0038777576, -0.003798223, -0.00375372, -0.0036538788, -0.0035388332, -0.0034758593, -0.0033423714, -0.0032034225, -0.0030643158, -0.0029960456, -0.002862006, -0.0027307903, -0.0026648345, -0.0025289, -0.002383108, -0.0022244602, -0.00213987, -0.0019620226, -0.001776988, -0.0016838285, -0.0015021103, -0.0013313206, -0.0012517413, -0.001103429, -0.0009672098, -0.0008386024, -0.0007756218, -0.0006499555, -0.00052206067, -0.00045689128, -0.00032489625, -0.00019256202, -6.387673e-05, -1.5555785e-06, 0.00011594945, 0.00022765386, 0.00028446928, 0.0004102274, 0.0005689215, 0.00066076143, 0, 0, 0, 0, 0, 0, 0, 0, 0, 0, 0, 0, 0, 0, 0, 0, 0, 0, 0, 0, 0, 0, 0, 0, 0, 0, 0, 0, 0, 0, 0, 0, 0, 0, 0, 0, 0, 0, 0, 0, 0, 0, 0, 0, 0, 0, 0, 0, 0, 0
0, 0, 0, 0, 0, 0, 0, 0, 0, 0, 0, 0, 0, 0, 0, 0, 0, 0, 0, 0, 0, 0, 0, 0, 1.6782067e-05, -3.0500765e-05, -0.00011628472, -0.000253576, -0.0003395077, -0.00053637626, -0.000752583, -0.0008630465, -0.0010823269, -0.0012968375, -0.0015096959, -0.001617404, -0.0018377334, -0.0020649547, -0.0021804625, -0.0024101418, -0.002630475, -0.0027345708, -0.002926406, -0.0030932971, -0.0032383108, -0.0033043518, -0.0034284978, -0.0035477895, -0.0036063462, -0.0037210782, -0.00382706, -0.0039164233, -0.0039524594, -0.0040046745, -0.0040298873, -0.00403299, -0.0040245717, -0.0040031653, -0.003989646, -0.003961275, -0.0039309487, -0.0038955284, -0.0038738796, -0.0038163534, -0.0037362606, -0.0036868814, -0.0035712002, -0.0034386013, -0.003298992, -0.0032292735, -0.0030936424, -0.002964954, -0.0029025283, -0.0027780135, -0.0026473063, -0.00250424, -0.0024262958, -0.0022577958, -0.0020749455, -0.0019796912, -0.0017862387, -0.0015953813, -0.0015034034, -0.001328669, -0.0011660748, -0.0010142002, -0.0009405238, -0.0007965957, -0.0006537785, -0.0005824245, -0.00043886562, -0.00029524745, -0.00015383969, -8.4987194e-05, 4.926392e-05, 0.00018094589, 0.0002490421, 0.00040322612, 0.00059147296, 0.0006852567, 0, 0, 0, 0, 0, 0, 0, 0, 0, 0, 0, 0, 0, 0, 0, 0, 0, 0, 0, 0, 0, 0, 0, 0, 0, 0, 0, 0, 0, 0, 0, 0, 0, 0, 0, 0, 0, 0, 0, 0, 0, 0, 0, 0, 0, 0, 0, 0, 0, 0
0, 0, 0, 0, 0, 0, 0, 0, 0, 0, 0, 0, 0, 0, 0, 0, 0, 0, 0, 0, 0, 0, 0, 0.00040559852, 0.0002741979, 0.00012337466, 5.953391e-06, -0.00011372964, -0.0001782179, -0.0003206915, -0.00048049178, -0.0005657084, -0.0007424084, -0.0009242227, -0.0011105565, -0.0012059754, -0.0014035155, -0.0016096059, -0.0017152787, -0.001928797, -0.002139399, -0.00224101, -0.002433299, -0.0026076522, -0.0027643575, -0.0028374281, -0.0029769775, -0.0031137161, -0.003182555, -0.0033210723, -0.0034562768, -0.003580259, -0.0036350272, -0.0037254915, -0.0037886745, -0.003809991, -0.003837247, -0.0038492598, -0.0038526193, -0.0038577146, -0.0038637065, -0.0038676502, -0.0038668367, -0.0038532463, -0.0038160214, -0.0037864225, -0.003704847, -0.003597122, -0.0034725477, -0.0034073007, -0.0032771134, -0.0031522987, -0.0030925134, -0.002975437, -0.0028560583, -0.0027276378, -0.002657815, -0.0025065718, -0.0023394092, -0.0022505664, -0.0020657207, -0.0018755632, -0.0017802746, -0.0015914947, -0.0014067268, -0.0012267985, -0.0011381542, -0.00096314034, -0.00079141004, -0.0007069183, -0.00054025307, -0.00037797357, -0.00022176973, -0.00014641763, -6.69856e-07, 0.00014255017, 0.00021593599, 0.00038160017, 0.0005825648, 0, 0, 0, 0, 0, 0, 0, 0, 0, 0, 0, 0, 0, 0, 0, 0, 0, 0, 0, 0, 0, 0, 0, 0, 0, 0, 0, 0, 0, 0, 0, 0, 0, 0, 0, 0, 0, 0, 0, 0, 0, 0, 0, 0, 0, 0, 0, 0, 0, 0, 0
0, 0, 0, 0, 0, 0, 0, 0, 0, 0, 0, 0, 0, 0, 0, 0, 0, 0, 0, 0, 0, 0, 0, 0.00037255406, 0.00030395063, 0.00017383505, 6.5513545e-05, -2.8247432e-05, -7.245242e-05, -0.00016441519, -0.0002677686, -0.00032545193, -0.00045313864, -0.00059478055, -0.0007467555, -0.00082574517, -0.00098998, -0.0011620586, -0.0012511909, -0.0014336612, -0.0016197375, -0.0017127598, -0.001896018, -0.0020726481, -0.0022408734, -0.0023219103, -0.0024784144, -0.0026313895, -0.0027074679, -0.002859616, -0.003009398, -0.0031525053, -0.0032187074, -0.0033375288, -0.0034338098, -0.0034731918, -0.003536942, -0.003584784, -0.003604921, -0.003640501, -0.0036742173, -0.0037054406, -0.0037191813, -0.0037379414, -0.0037384424, -0.003729492, -0.0036906314, -0.0036250511, -0.0035370407, -0.0034869032, -0.0033805524, -0.0032716193, -0.0032173884, -0.0031087794, -0.002997091, -0.0028768252, -0.0028121762, -0.0026728301, -0.002520677, -0.0024403776, -0.0022730166, -0.0020982015, -0.0020087447, -0.001825573, -0.0016361414, -0.0014405439, -0.0013400788, -0.0011359438, -0.0009306601, -0.00082913693, -0.00063020113, -0.00044007442, -0.00026055487, -0.0001762002, -1.792552e-05, 0.00012560945, 0.00019253668, 0.00029716713, 0, 0, 0, 0, 0, 0, 0, 0, 0, 0, 0, 0, 0, 0, 0, 0, 0, 0, 0, 0, 0, 0, 0, 0, 0, 0, 0, 0, 0, 0, 0, 0, 0, 0, 0, 0, 0, 0, 0, 0, 0, 0, 0, 0, 0, 0, 0, 0, 0, 0, 0, 0
0, 0, 0, 0, 0, 0, 0, 0, 0, 0, 0, 0, 0, 0, 0, 0, 0, 0, 0, 0, 0, 0, 0.00040546013, 0.00030217727, 0.00024695642, 0.00013982783, 5.0457886e-05, -1.8676496e-05, -4.7202706e-05, -0.00010008292, -0.00015767232, -0.00019199589, -0.0002746632, -0.00037593118, -0.00049093727, -0.00055163, -0.0006770954, -0.0008068048, -0.000873464, -0.001011888, -0.0011584805, -0.0012349428, -0.0013940297, -0.0015598673, -0.0017298866, -0.0018148584, -0.0019824065, -0.0021449206, -0.0022236928, -0.0023771531, -0.0025260013, -0.0026691793, -0.0027385813, -0.0028699192, -0.0029894765, -0.003044141, -0.0031423813, -0.0032262232, -0.0032629576, -0.0033279182, -0.003383354, -0.0034307847, -0.0034520386, -0.003487319, -0.003511324, -0.0035179511, -0.0035181313, -0.003499286, -0.003461183, -0.0034351172, -0.0033711845, -0.0032946437, -0.0032523905, -0.0031605014, -0.0030580761, -0.0029429356, -0.0028803397, -0.002746316, -0.0026021593, -0.0025275666, -0.0023751943, -0.0022190467, -0.0021395613, -0.001975151, -0.0017998489, -0.0016094872, -0.0015079798, -0.0012929919, -0.0010677774, -0.0009534582, -0.0007260285, -0.0005072155, -0.00030060712, -0.00020335341, -2.5296395e-05, 0.00012220237, 0.00018243451, 0.00026862902, 0, 0, 0, 0, 0, 0, 0, 0, 0, 0, 0, 0, 0, 0, 0, 0, 0, 0, 0, 0, 0, 0, 0, 0, 0, 0, 0, 0, 0, 0, 0, 0, 0, 0, 0, 0, 0, 0, 0, 0, 0, 0, 0, 0, 0, 0, 0, 0, 0, 0, 0, 0
0, 0, 0, 0, 0, 0, 0, 0, 0, 0, 0, 0, 0, 0, 0, 0, 0, 0, 0, 0, 0, 0.00037570266, 0.0002951394, 0.00018805382, 0.00013723415, 4.6048146e-05, -2.6835623e-05, -7.8940735e-05, -9.837724e-05, -0.00012916946, -0.0001595405, -0.00017857947, -0.00023014483, -0.00030115774, -0.00038602046, -0.00043140163, -0.0005226305, -0.0006117066, -0.00065579184, -0.0007458091, -0.00084367907, -0.00089718826, -0.0010172753, -0.0011555101, -0.0013093925, -0.0013899029, -0.0015525211, -0.0017106222, -0.0017856563, -0.0019270063, -0.002059025, -0.0021857915, -0.0022488928, -0.0023752225, -0.0025028978, -0.0025664333, -0.0026901073, -0.0028047203, -0.0028568574, -0.0029489521, -0.0030235199, -0.0030818405, -0.003106108, -0.0031465937, -0.0031790747, -0.0031931396, -0.0032176103, -0.0032353103, -0.0032427828, -0.0032408251, -0.0032249794, -0.0031897125, -0.0031646404, -0.003099159, -0.003013665, -0.0029091309, -0.0028504923, -0.0027229583, -0.0025851824, -0.0025145928, -0.002372855, -0.0022316282, -0.0021611075, -0.002016868, -0.0018637311, -0.0016945793, -0.0016022171, -0.0014005523, -0.001179064, -0.0010631141, -0.00082726707, -0.00059413444, -0.00037165947, -0.00026753018, -7.874451e-05, 8.0769714e-05, 0.00016446982, 0, 0, 0, 0, 0, 0, 0, 0, 0, 0, 0, 0, 0, 0, 0, 0, 0, 0, 0, 0, 0, 0, 0, 0, 0, 0, 0, 0, 0, 0, 0, 0, 0, 0, 0, 0, 0, 0, 0, 0, 0, 0, 0, 0, 0, 0, 0, 0, 0, 0, 0, 0, 0
0, 0, 0, 0, 0, 0, 0, 0, 0, 0, 0, 0, 0, 0, 0, 0, 0, 0, 0, 0, 0.00027177506, 0.0002533691, 0.000154886, 4.3066644e-05, -6.7178685e-06, -9.013812e-05, -0.0001529532, -0.0001963472, -0.0002118722, -0.00023489667, -0.00025548603, -0.00026842166, -0.00030478058, -0.00035781975, -0.0004235474, -0.00045867436, -0.00052604056, -0.0005852769, -0.0006115911, -0.0006608611, -0.0007129465, -0.00074305845, -0.00081763254, -0.00091522, -0.0010359832, -0.001102616, -0.0012418224, -0.0013788937, -0.0014432591, -0.001561159, -0.0016659518, -0.0017648045, -0.0018147955, -0.0019207571, -0.0020381568, -0.002101225, -0.0022327572, -0.002363694, -0.0024255728, -0.002536417, -0.0026256298, -0.0026923118, -0.0027183217, -0.0027594569, -0.002792539, -0.0028083182, -0.0028410347, -0.0028759527, -0.0029094487, -0.0029235878, -0.0029417176, -0.0029413956, -0.002932513, -0.0028957797, -0.002834754, -0.0027510226, -0.00270179, -0.002591309, -0.0024695066, -0.002406337, -0.0022776604, -0.0021490764, -0.0020847877, -0.001955542, -0.0018211384, -0.0016749025, -0.0015951543, -0.0014198745, -0.0012223715, -0.0011166666, -0.0008958155, -0.0006722383, -0.00046142226, -0.00036966972, -0.00023813886, -0.00017851198, 0, 0, 0, 0, 0, 0, 0, 0, 0, 0, 0, 0, 0, 0, 0, 0, 0, 0, 0, 0, 0, 0, 0, 0, 0, 0, 0, 0, 0, 0, 0, 0, 0, 0, 0, 0, 0, 0, 0, 0, 0, 0, 0, 0, 0, 0, 0, 0, 0, 0, 0, 0, 0, 0
0, 0, 0, 0, 0, 0, 0, 0, 0, 0, 0, 0, 0, 0, 0, 0, 0, 0, 0, 0, 0.00012682872, 9.420994e-05, -1.708782e-05, -0.00013308652, -0.00018334592, -0.0002657996, -0.00032584512, -0.00036739436, -0.0003829596, -0.00040638243, -0.00042712706, -0.00043869746, -0.0004691185, -0.0005118178, -0.0005634677, -0.0005909528, -0.0006416014, -0.00068182516, -0.0006967781, -0.0007189617, -0.0007381612, -0.0007501886, -0.0007846395, -0.00084106694, -0.00092051056, -0.000967659, -0.0010700137, -0.0011734479, -0.0012221623, -0.0013098253, -0.0013843431, -0.0014522922, -0.0014867027, -0.0015631206, -0.0016554224, -0.0017084404, -0.0018255328, -0.00194939, -0.002010143, -0.0021214103, -0.002213107, -0.0022820218, -0.0023086877, -0.002350503, -0.0023836195, -0.002399313, -0.0024325626, -0.0024689964, -0.0025071788, -0.0025252847, -0.0025538006, -0.0025673863, -0.0025671432, -0.00255054, -0.002513259, -0.0024567172, -0.0024222913, -0.0023427734, -0.0022510274, -0.002201621, -0.0020964805, -0.00198465, -0.0019266552, -0.0018074561, -0.0016831021, -0.0015513288, -0.0014814647, -0.001330436, -0.0011620582, -0.0010710107, -0.0008788896, -0.0006833288, -0.00050787936, -0.00044354636, -0.0004266145, -0.00058133004, 0, 0, 0, 0, 0, 0, 0, 0, 0, 0, 0, 0, 0, 0, 0, 0, 0, 0, 0, 0, 0, 0, 0, 0, 0, 0, 0, 0, 0, 0, 0, 0, 0, 0, 0, 0, 0, 0, 0, 0, 0, 0, 0, 0, 0, 0, 0, 0, 0, 0, 0, 0, 0, 0
0, 0, 0, 0, 0, 0, 0, 0, 0, 0, 0, 0, 0, 0, 0, 0, 0, 0, 0, 3.8806165e-06, -2.6869526e-05, -7.9337384e-05, -0.00021006928, -0.00033510113, -0.00038922954, -0.00047808167, -0.0005435409, -0.0005907468, -0.00060929655, -0.0006394151, -0.0006647134, -0.00067704986, -0.00070390594, -0.0007355922, -0.00077126664, -0.0007894612, -0.0008223294, -0.00084603176, -0.0008533487, -0.00086003495, -0.0008605995, -0.0008615643, -0.0008698906, -0.00089312677, -0.00093418104, -0.0009608016, -0.0010217777, -0.0010860122, -0.0011165958, -0.0011714747, -0.0012172766, -0.0012575156, -0.0012779753, -0.0013248986, -0.0013853469, -0.0014217637, -0.0015064186, -0.0016000457, -0.0016469478, -0.0017352733, -0.0018099459, -0.0018682989, -0.0018920751, -0.0019318244, -0.0019662327, -0.001982942, -0.002017066, -0.0020516918, -0.0020838364, -0.0020971925, -0.002116695, -0.0021232942, -0.0021211223, -0.0021074677, -0.0020827437, -0.0020497844, -0.0020307372, -0.001987019, -0.0019340377, -0.0019034175, -0.0018311874, -0.00174399, -0.0016945119, -0.0015859711, -0.0014674664, -0.0013417777, -0.001276739, -0.0011413193, -0.0009948818, -0.0009168414, -0.00075299176, -0.0005928653, -0.0004757063, -0.00045001385, -0.00044683457, 0, 0, 0, 0, 0, 0, 0, 0, 0, 0, 0, 0, 0, 0, 0, 0, 0, 0, 0, 0, 0, 0, 0, 0, 0, 0, 0, 0, 0, 0, 0, 0, 0, 0, 0, 0, 0, 0, 0, 0, 0, 0, 0, 0, 0, 0, 0, 0, 0, 0, 0, 0, 0, 0, 0
0, 0, 0, 0, 0, 0, 0, 0, 0, 0, 0, 0, 0, 0, 0, 0, 0, 0, 0, -5.227693e-05, -0.00016172935, -0.00023799007, -0.00039698838, -0.000539343, -0.0006005801, -0.00070339226, -0.0007831903, -0.0008448598, -0.0008705607, -0.00091428246, -0.0009500864, -0.00096545817, -0.0009920743, -0.0010136032, -0.0010311159, -0.0010382041, -0.0010490074, -0.0010533506, -0.0010532106, -0.0010482919, -0.0010392562, -0.0010347907, -0.0010288887, -0.0010302437, -0.0010410327, -0.0010494131, -0.0010709713, -0.0010952262, -0.001106775, -0.0011279214, -0.0011457701, -0.0011622184, -0.0011710898, -0.0011931512, -0.0012235485, -0.0012424393, -0.0012868218, -0.0013365244, -0.0013614413, -0.0014081353, -0.0014477189, -0.0014801238, -0.0014948522, -0.0015234692, -0.0015546726, -0.0015720794, -0.0016081784, -0.0016426938, -0.0016694401, -0.0016780125, -0.0016837489, -0.0016732509, -0.0016631081, -0.0016382524, -0.0016110248, -0.0015876227, -0.0015780648, -0.0015612721, -0.0015420173, -0.0015286158, -0.0014901337, -0.0014305243, -0.0013919236, -0.0012986391, -0.0011882792, -0.0010689127, -0.0010073507, -0.000882628, -0.0007528591, -0.0006846758, -0.0005410581, -0.00040771018, -0.00036938154, -0.00044360847, -0.0007392463, 0, 0, 0, 0, 0, 0, 0, 0, 0, 0, 0, 0, 0, 0, 0, 0, 0, 0, 0, 0, 0, 0, 0, 0, 0, 0, 0, 0, 0, 0, 0, 0, 0, 0, 0, 0, 0, 0, 0, 0, 0, 0, 0, 0, 0, 0, 0, 0, 0, 0, 0, 0, 0, 0, 0
0, 0, 0, 0, 0, 0, 0, 0, 0, 0, 0, 0, 0, 0, 0, 0, 0, 0, 2.7173828e-06, -9.4205025e-05, -0.0002658044, -0.00036132618, -0.00054609036, -0.00070731196, -0.0007769034, -0.0008971325, -0.0009957083, -0.001078207, -0.0011149027, -0.0011804384, -0.0012362101, -0.0012595154, -0.0012957017, -0.0013167956, -0.0013235259, -0.0013225283, -0.0013137474, -0.0012999667, -0.001292107, -0.0012759899, -0.0012604587, -0.0012531015, -0.0012397671, -0.001227605, -0.0012159477, -0.0012097062, -0.0011965644, -0.001182661, -0.0011751608, -0.0011604946, -0.0011481969, -0.0011400564, -0.0011378975, -0.0011382359, -0.0011434285, -0.0011472141, -0.0011550796, -0.0011614129, -0.0011628994, -0.0011627158, -0.0011590014, -0.0011546846, -0.0011542019, -0.0011597333, -0.0011761145, -0.001188516, -0.0012192192, -0.0012511711, -0.0012744584, -0.0012806031, -0.0012779066, -0.0012558695, -0.0012392811, -0.0012000675, -0.0011625753, -0.0011343793, -0.0011256082, -0.0011165467, -0.0011130786, -0.0011097251, -0.00109338, -0.0010562681, -0.0010282929, -0.000953608, -0.000858402, -0.0007519204, -0.0006970113, -0.00058788963, -0.00047789037, -0.0004210324, -0.00029844017, -0.00017493384, -0.0001198931, -0.00016398373, 0, 0, 0, 0, 0, 0, 0, 0, 0, 0, 0, 0, 0, 0, 0, 0, 0, 0, 0, 0, 0, 0, 0, 0, 0, 0, 0, 0, 0, 0, 0, 0, 0, 0, 0, 0, 0, 0, 0, 0, 0, 0, 0, 0, 0, 0, 0, 0, 0, 0, 0, 0, 0, 0, 0, 0
0, 0, 0, 0, 0, 0, 0, 0, 0, 0, 0, 0, 0, 0, 0, 0, 0, 6.535619e-05, 2.1322687e-05, -0.00013162375, -0.00033236202, -0.00043600003, -0.00063300243, -0.00080521527, -0.0008808498, -0.0010143411, -0.0011292563, -0.0012321165, -0.001280283, -0.001371323, -0.0014534991, -0.0014895882, -0.0015481223, -0.0015846691, -0.0015979013, -0.0015964912, -0.0015825629, -0.001560042, -0.0015475748, -0.0015242395, -0.0015040919, -0.001495063, -0.0014773543, -0.0014569578, -0.0014293997, -0.0014125232, -0.0013719548, -0.0013247558, -0.001299656, -0.0012495653, -0.0012044122, -0.0011676531, -0.0011529969, -0.0011298968, -0.0011124354, -0.0011038856, -0.0010838037, -0.0010566824, -0.0010401619, -0.0010013214, -0.00095859607, -0.00091736903, -0.0008995315, -0.00087279035, -0.0008607431, -0.0008606915, -0.00087004696, -0.0008861729, -0.00089937326, -0.0009021076, -0.00089517585, -0.00087072555, -0.0008528046, -0.0008087808, -0.00076386554, -0.000726863, -0.00071335555, -0.0006963432, -0.00068888237, -0.00068600883, -0.0006746524, -0.00064862124, -0.0006280657, -0.0005713979, -0.00049710396, -0.0004121203, -0.0003684918, -0.00028228012, -0.00019850039, -0.00015667947, -6.948896e-05, 1.43447705e-05, 7.207825e-05, 0, 0, 0, 0, 0, 0, 0, 0, 0, 0, 0, 0, 0, 0, 0, 0, 0, 0, 0, 0, 0, 0, 0, 0, 0, 0, 0, 0, 0, 0, 0, 0, 0, 0, 0, 0, 0, 0, 0, 0, 0, 0, 0, 0, 0, 0, 0, 0, 0, 0, 0, 0, 0, 0, 0, 0, 0
0, 0, 0, 0, 0, 0, 0, 0, 0, 0, 0, 0, 0, 0, 0, 0, 0, 9.489427e-05, 2.5857553e-05, -0.00015012013, -0.00035053169, -0.0004513248, -0.00064369495, -0.00081482966, -0.00089197163, -0.0010305927, -0.001154235, -0.0012699413, -0.001326383, -0.0014371441, -0.0015430446, -0.0015922022, -0.0016780287, -0.001740556, -0.0017759129, -0.0017836837, -0.001782342, -0.0017663855, -0.0017556038, -0.0017333372, -0.0017129595, -0.0017035039, -0.0016844509, -0.0016598621, -0.0016244877, -0.0016014029, -0.0015438646, -0.0014741365, -0.0014363034, -0.0013582538, -0.0012836651, -0.001217902, -0.0011892035, -0.0011399321, -0.0010982201, -0.0010782992, -0.0010362894, -0.0009872321, -0.00095926155, -0.00089676474, -0.0008286297, -0.0007599656, -0.00072731555, -0.00066861184, -0.00062210247, -0.00060413807, -0.00057814416, -0.0005623069, -0.00055067014, -0.00054441765, -0.0005273345, -0.00050155906, -0.00048498093, -0.0004459916, -0.0004035589, -0.00036360865, -0.00034615566, -0.0003184738, -0.00029813938, -0.00028955704, -0.00027080407, -0.00024546645, -0.0002285834, -0.00018584929, -0.0001327895, -7.3600924e-05, -4.3234053e-05, 1.7284701e-05, 7.7308454e-05, 0.00010773187, 0.00016231497, 0.00016376394, 0.000101055375, 0, 0, 0, 0, 0, 0, 0, 0, 0, 0, 0, 0, 0, 0, 0, 0, 0, 0, 0, 0, 0, 0, 0, 0, 0, 0, 0, 0, 0, 0, 0, 0, 0, 0, 0, 0, 0, 0, 0, 0, 0, 0, 0, 0, 0, 0, 0, 0, 0, 0, 0, 0, 0, 0, 0, 0, 0
0, 0, 0, 0, 0, 0, 0, 0, 0, 0, 0, 0, 0, 0, 0, 0, 0.0002882263, 0.00014029168, 5.788055e-05, -0.00011962609, -0.000304395, -0.0003963513, -0.0005731824, -0.0007352955, -0.0008096892, -0.0009468063, -0.0010721391, -0.0011915405, -0.0012507846, -0.00136972, -0.0014872003, -0.001543812, -0.0016480621, -0.001733662, -0.0017945825, -0.001815088, -0.0018374235, -0.0018399936, -0.001836318, -0.0018242191, -0.0018094219, -0.0018016357, -0.0017840528, -0.0017600786, -0.0017239152, -0.0016997308, -0.0016386885, -0.0015623147, -0.0015198642, -0.0014297635, -0.0013384856, -0.0012518356, -0.0012113224, -0.0011371184, -0.0010703644, -0.0010388035, -0.0009761492, -0.00091046543, -0.00087551976, -0.0008009033, -0.00072128297, -0.00063843344, -0.0005970519, -0.00051640853, -0.00044131884, -0.00040629707, -0.00034309443, -0.00028867333, -0.00024173623, -0.00022057659, -0.00018152507, -0.00014597338, -0.00012870667, -9.420103e-05, -5.973431e-05, -2.5067464e-05, -8.428822e-06, 2.2461765e-05, 5.0639974e-05, 6.398508e-05, 9.050191e-05, 0.00011876988, 0.00013410303, 0.00016694484, 0.00020232282, 0.0002391704, 0.00025815217, 0.00029848574, 0.0003477718, 0.0003780022, 0.00044140907, 0.0004311421, 0, 0, 0, 0, 0, 0, 0, 0, 0, 0, 0, 0, 0, 0, 0, 0, 0, 0, 0, 0, 0, 0, 0, 0, 0, 0, 0, 0, 0, 0, 0, 0, 0, 0, 0, 0, 0, 0, 0, 0, 0, 0, 0, 0, 0, 0, 0, 0, 0, 0, 0, 0, 0, 0, 0, 0, 0, 0
0, 0, 0, 0, 0, 0, 0, 0, 0, 0, 0, 0, 0, 0, 0, 0, 0.0003800443, 0.00023521944, 0.00014924456, -2.0153708e-05, -0.00018494068, -0.00026594952, -0.00042355273, -0.0005730892, -0.00064396067, -0.0007770737, -0.0009009154, -0.0010189144, -0.0010768112, -0.0011926577, -0.0013073735, -0.0013635748, -0.001470291, -0.0015639997, -0.0016398651, -0.0016699535, -0.0017134979, -0.0017373523, -0.0017432072, -0.0017460537, -0.0017410886, -0.0017367074, -0.0017233221, -0.0017023268, -0.0016704933, -0.00164938, -0.0015956901, -0.0015275961, -0.0014890973, -0.0014049624, -0.0013149892, -0.0012230999, -0.0011771868, -0.0010871285, -0.0009998092, -0.000957114, -0.00087348477, -0.0007909658, -0.0007497708, -0.0006666504, -0.000581957, -0.0004954942, -0.00045162608, -0.00036287797, -0.00027328462, -0.0002287511, -0.0001409125, -5.6453184e-05, 2.2420436e-05, 5.8681544e-05, 0.00012418076, 0.00017817177, 0.00020108905, 0.00023991398, 0.00027123996, 0.00029851872, 0.00031158247, 0.00033692044, 0.00036238655, 0.00037506685, 0.00040065972, 0.00042603648, 0.00043912968, 0.00046292873, 0.00048572733, 0.00050693017, 0.000518648, 0.0005497568, 0.00060660247, 0.00065109483, 0.0007689707, 0, 0, 0, 0, 0, 0, 0, 0, 0, 0, 0, 0, 0, 0, 0, 0, 0, 0, 0, 0, 0, 0, 0, 0, 0, 0, 0, 0, 0, 0, 0, 0, 0, 0, 0, 0, 0, 0, 0, 0, 0, 0, 0, 0, 0, 0, 0, 0, 0, 0, 0, 0, 0, 0, 0, 0, 0, 0, 0
0, 0, 0, 0, 0, 0, 0, 0, 0, 0, 0, 0, 0, 0, 0, 0.0011326706, 0.0006806246, 0.00039083068, 0.00029650657, 0.00013977736, -1.4249965e-06, -6.969395e-05, -0.00020514718, -0.00033893608, -0.0004043887, -0.0005320504, -0.00065408135, -0.00076996954, -0.00082585425, -0.0009342221, -0.001037916, -0.0010880801, -0.0011834095, -0.0012698693, -0.0013451272, -0.0013774702, -0.0014315307, -0.0014701417, -0.0014839665, -0.0015017214, -0.0015080253, -0.0015076172, -0.0014996, -0.0014826932, -0.001456096, -0.0014388593, -0.0013962305, -0.0013433245, -0.0013132291, -0.0012462713, -0.0011713991, -0.0010895696, -0.0010463023, -0.00095489767, -0.00085847185, -0.00080896483, -0.000709184, -0.00061037304, -0.00056204305, -0.00046832228, -0.0003785306, -0.00029125938, -0.00024801365, -0.0001611178, -7.220306e-05, -2.6547437e-05, 6.6481145e-05, 0.00016119269, 0.0002541428, 0.00029880667, 0.00038201758, 0.00045327653, 0.00048393026, 0.0005342486, 0.00057166384, 0.0005986343, 0.00060951256, 0.0006279959, 0.00064395525, 0.00065175444, 0.00066661, 0.0006804604, 0.000687254, 0.00069858605, 0.0007085173, 0.0007193371, 0.00072767114, 0.00076095486, 0.0008416517, 0.0009123773, 0.0011254504, 0, 0, 0, 0, 0, 0, 0, 0, 0, 0, 0, 0, 0, 0, 0, 0, 0, 0, 0, 0, 0, 0, 0, 0, 0, 0, 0, 0, 0, 0, 0, 0, 0, 0, 0, 0, 0, 0, 0, 0, 0, 0, 0, 0, 0, 0, 0, 0, 0, 0, 0, 0, 0, 0, 0, 0, 0, 0, 0
0, 0, 0, 0, 0, 0, 0, 0, 0, 0, 0, 0, 0, 0, 0, 0.00090892665, 0.0007111304, 0.0005211296, 0.00044968608, 0.00032967658, 0.00022186457, 0.0001690683, 6.195303e-05, -4.8986632e-05, -0.000106260086, -0.00022235455, -0.00033843718, -0.0004507738, -0.0005045347, -0.00060585677, -0.00069824484, -0.00074113935, -0.0008206151, -0.00089216465, -0.00095649797, -0.0009857995, -0.0010383917, -0.001082943, -0.0011014538, -0.001130262, -0.0011468593, -0.0011505795, -0.0011489227, -0.0011360191, -0.0011131725, -0.0010984103, -0.0010636118, -0.0010224361, -0.0009994019, -0.00094895356, -0.0008919789, -0.0008273384, -0.00079164427, -0.0007120833, -0.00062173244, -0.0005729329, -0.0004695485, -0.00036324057, -0.00031021808, -0.00020692014, -0.00010975687, -1.9683683e-05, 2.3150546e-05, 0.00010562676, 0.00018677572, 0.00022756415, 0.00031091127, 0.00039646326, 0.0004829347, 0.00052591856, 0.0006089828, 0.0006852363, 0.0007198128, 0.000780252, 0.0008275928, 0.0008616504, 0.0008741906, 0.0008911973, 0.00089961814, 0.00090126775, 0.00090108527, 0.0008968665, 0.00089380424, 0.00088652974, 0.00087998476, 0.00087942823, 0.0008857348, 0.00092762394, 0.0010419759, 0.0011378329, 0.0013710376, 0, 0, 0, 0, 0, 0, 0, 0, 0, 0, 0, 0, 0, 0, 0, 0, 0, 0, 0, 0, 0, 0, 0, 0, 0, 0, 0, 0, 0, 0, 0, 0, 0, 0, 0, 0, 0, 0, 0, 0, 0, 0, 0, 0, 0, 0, 0, 0, 0, 0, 0, 0, 0, 0, 0, 0, 0, 0, 0
0, 0, 0, 0, 0, 0, 0, 0, 0, 0, 0, 0, 0, 0, 0, 0.0009878421, 0.0007730131, 0.0006451013, 0.0005984405, 0.000520493, 0.00045039837, 0.0004158379, 0.00034404232, 0.00026521878, 0.00022219217, 0.00012985252, 3.0846422e-05, -6.9623304e-05, -0.000118643235, -0.00021135746, -0.00029390733, -0.00033079172, -0.000397244, -0.00045478615, -0.00050631794, -0.000530443, -0.0005760352, -0.000618605, -0.00063810573, -0.0006722603, -0.0006969629, -0.00070458936, -0.0007101205, -0.00070199335, -0.00068263547, -0.00066913303, -0.0006370462, -0.0005992485, -0.0005789251, -0.00053603435, -0.00048965105, -0.0004389134, -0.00041106195, -0.00034852696, -0.00027574986, -0.00023480809, -0.00014481507, -4.6918227e-05, 4.118966e-06, 0.00010710308, 0.00020690083, 0.00030040997, 0.0003441312, 0.00042548397, 0.0005000663, 0.00053579395, 0.0006051836, 0.0006729739, 0.00074070063, 0.0007741725, 0.0008413871, 0.0009067796, 0.00093899417, 0.000998894, 0.0010509992, 0.0010917312, 0.0011069875, 0.0011263451, 0.0011315339, 0.0011291652, 0.0011152633, 0.0010925451, 0.0010787959, 0.0010490124, 0.0010206766, 0.0010043923, 0.0010079313, 0.0010625364, 0.0012232865, 0.0013479774, 0, 0, 0, 0, 0, 0, 0, 0, 0, 0, 0, 0, 0, 0, 0, 0, 0, 0, 0, 0, 0, 0, 0, 0, 0, 0, 0, 0, 0, 0, 0, 0, 0, 0, 0, 0, 0, 0, 0, 0, 0, 0, 0, 0, 0, 0, 0, 0, 0, 0, 0, 0, 0, 0, 0, 0, 0, 0, 0, 0
0, 0, 0, 0, 0, 0, 0, 0, 0, 0, 0, 0, 0, 0, 0.001369755, 0.0010418476, 0.00085464277, 0.0007639248, 0.00073508976, 0.0006908894, 0.00065433985, 0.00063705473, 0.0006016366, 0.0005609621, 0.00053736795, 0.00048143967, 0.00041447894, 0.0003399099, 0.0003013517, 0.00022593245, 0.00015710467, 0.00012609351, 7.119424e-05, 2.4759784e-05, -1.5455389e-05, -3.4158318e-05, -6.974125e-05, -0.00010451234, -0.0001215299, -0.00015365254, -0.00018041112, -0.00019058578, -0.00020232653, -0.00020093283, -0.00018633167, -0.00017477348, -0.00014416901, -0.000106332605, -8.588582e-05, -4.245877e-05, 2.350911e-06, 4.759879e-05, 7.094486e-05, 0.00011959222, 0.0001733995, 0.00020317934, 0.00026875327, 0.00034333393, 0.00038390164, 0.00047084698, 0.0005614677, 0.0006516884, 0.0006951867, 0.000777051, 0.0008501807, 0.0008833846, 0.00094385777, 0.0009970883, 0.0010454048, 0.0010683634, 0.0011135817, 0.0011594467, 0.0011829535, 0.0012295922, 0.0012743413, 0.0013121258, 0.0013269637, 0.0013458605, 0.0013478221, 0.0013423337, 0.0013185572, 0.0012802947, 0.001257101, 0.0012057105, 0.001154747, 0.0011210507, 0.0011207319, 0.0011905873, 0.0014042443, 0.0015421727, 0, 0, 0, 0, 0, 0, 0, 0, 0, 0, 0, 0, 0, 0, 0, 0, 0, 0, 0, 0, 0, 0, 0, 0, 0, 0, 0, 0, 0, 0, 0, 0, 0, 0, 0, 0, 0, 0, 0, 0, 0, 0, 0, 0, 0, 0, 0, 0, 0, 0, 0, 0, 0, 0, 0, 0, 0, 0, 0, 0
0, 0, 0, 0, 0, 0, 0, 0, 0, 0, 0, 0, 0, 0.0015433924, 0.0013494291, 0.0010609231, 0.00092689303, 0.00086988474, 0.0008536094, 0.0008324664, 0.0008194544, 0.00081502006, 0.00080881204, 0.0008028038, 0.00079810794, 0.00078228855, 0.00075602543, 0.00071898283, 0.00069734815, 0.00065123005, 0.00060558104, 0.0005841415, 0.0005455829, 0.0005134628, 0.00048693497, 0.0004752575, 0.0004536365, 0.00043353724, 0.00042337956, 0.0004027105, 0.0003834881, 0.00037485242, 0.00036244464, 0.00035920972, 0.00036685224, 0.0003751115, 0.00040022354, 0.00043488407, 0.0004550454, 0.00049904117, 0.0005451682, 0.0005908213, 0.0006130588, 0.000655733, 0.0006969238, 0.0007174976, 0.00076008745, 0.00080735085, 0.00083380344, 0.0008935435, 0.0009622184, 0.0010369781, 0.0010754775, 0.0011518802, 0.0012229832, 0.0012551363, 0.001311991, 0.0013580103, 0.0013942019, 0.0014097439, 0.0014370792, 0.0014624739, 0.0014752785, 0.0015012975, 0.0015270801, 0.0015497603, 0.0015580693, 0.0015666379, 0.0015596249, 0.001549444, 0.0015154027, 0.0014645784, 0.0014339541, 0.0013660003, 0.0012994185, 0.0012570266, 0.0012585645, 0.0013455555, 0.0015685875, 0, 0, 0, 0, 0, 0, 0, 0, 0, 0, 0, 0, 0, 0, 0, 0, 0, 0, 0, 0, 0, 0, 0, 0, 0, 0, 0, 0, 0, 0, 0, 0, 0, 0, 0, 0, 0, 0, 0, 0, 0, 0, 0, 0, 0, 0, 0, 0, 0, 0, 0, 0, 0, 0, 0, 0, 0, 0, 0, 0, 0
0, 0, 0, 0, 0, 0, 0, 0, 0, 0, 0, 0, 0, 0.0012864447, 0.0012040287, 0.0010522373, 0.0009831097, 0.0009581242, 0.00095224, 0.0009462319, 0.00094670284, 0.00094940996, 0.0009603159, 0.00097655, 0.0009854435, 0.001001464, 0.0010115851, 0.0010132159, 0.0010106958, 0.0010011086, 0.0009876479, 0.0009807332, 0.0009679551, 0.0009587644, 0.0009534255, 0.0009524657, 0.00095285673, 0.0009546923, 0.0009555062, 0.0009562042, 0.0009553689, 0.0009543367, 0.0009520098, 0.0009517257, 0.00095657323, 0.00096194074, 0.0009793951, 0.0010063107, 0.0010231797, 0.0010622207, 0.0011058945, 0.001150911, 0.0011729484, 0.0012148005, 0.0012518358, 0.0012685357, 0.0012992462, 0.0013284445, 0.0013437504, 0.0013778997, 0.0014196777, 0.0014697775, 0.0014975788, 0.0015563206, 0.0016155461, 0.0016434077, 0.0016936965, 0.0017338581, 0.0017634145, 0.0017744346, 0.0017908649, 0.0018008726, 0.0018045616, 0.0018093918, 0.0018121435, 0.0018111616, 0.0018086683, 0.0017969271, 0.0017724502, 0.0017548347, 0.0017069903, 0.0016433113, 0.001606389, 0.0015267902, 0.0014553512, 0.0014302554, 0.0014548759, 0.0016028159, 0, 0, 0, 0, 0, 0, 0, 0, 0, 0, 0, 0, 0, 0, 0, 0, 0, 0, 0, 0, 0, 0, 0, 0, 0, 0, 0, 0, 0, 0, 0, 0, 0, 0, 0, 0, 0, 0, 0, 0, 0, 0, 0, 0, 0, 0, 0, 0, 0, 0, 0, 0, 0, 0, 0, 0, 0, 0, 0, 0, 0, 0
0, 0, 0, 0, 0, 0, 0, 0, 0, 0, 0, 0, 0.0023059847, 0.0015404574, 0.0012861355, 0.0010797409, 0.0010300913, 0.0010238193, 0.001025117, 0.0010303087, 0.0010394965, 0.0010462602, 0.0010657028, 0.0010924734, 0.0011079255, 0.0011410688, 0.0011743067, 0.0012043852, 0.0012178415, 0.0012417925, 0.0012626048, 0.0012721767, 0.0012917193, 0.001312835, 0.0013367231, 0.0013496767, 0.0013774339, 0.001406318, 0.0014206943, 0.0014481277, 0.0014731252, 0.001484153, 0.0015030451, 0.0015181052, 0.0015313376, 0.0015382745, 0.0015543632, 0.0015760943, 0.0015891094, 0.0016202094, 0.001656873, 0.001696851, 0.0017173159, 0.0017575832, 0.001795081, 0.001812135, 0.0018424435, 0.0018680264, 0.001879453, 0.0019011832, 0.0019235406, 0.001948797, 0.0019631458, 0.001994666, 0.0020290108, 0.0020460961, 0.0020784182, 0.0021052253, 0.002124449, 0.0021312428, 0.002138789, 0.0021381935, 0.0021350763, 0.0021234916, 0.002105372, 0.0020812002, 0.0020662933, 0.0020304893, 0.0019841597, 0.001956501, 0.0018912803, 0.0018129735, 0.0017698802, 0.001680479, 0.0016082294, 0.001617248, 0.0016901691, 0.0020598723, 0, 0, 0, 0, 0, 0, 0, 0, 0, 0, 0, 0, 0, 0, 0, 0, 0, 0, 0, 0, 0, 0, 0, 0, 0, 0, 0, 0, 0, 0, 0, 0, 0, 0, 0, 0, 0, 0, 0, 0, 0, 0, 0, 0, 0, 0, 0, 0, 0, 0, 0, 0, 0, 0, 0, 0, 0, 0, 0, 0, 0, 0
0, 0, 0, 0, 0, 0, 0, 0, 0, 0, 0, 0, 0.0015744464, 0.0013109865, 0.0011907176, 0.0010724865, 0.0010478098, 0.0010538463, 0.0010602621, 0.0010757413, 0.0010949017, 0.0011064417, 0.0011340985, 0.0011683148, 0.0011873331, 0.0012282324, 0.0012718854, 0.001317255, 0.001340365, 0.0013873952, 0.0014352895, 0.0014597663, 0.00150985, 0.0015620684, 0.0016163572, 0.0016438391, 0.0016989824, 0.0017533229, 0.0017799957, 0.001831933, 0.0018820482, 0.0019061402, 0.00195121, 0.001991315, 0.0020259237, 0.0020417874, 0.0020709734, 0.0020988584, 0.0021126892, 0.0021414347, 0.0021722587, 0.002205395, 0.0022228847, 0.002258968, 0.002295587, 0.0023137394, 0.0023480065, 0.0023789501, 0.0023926822, 0.0024155746, 0.0024319598, 0.0024427238, 0.002446498, 0.0024519882, 0.0024562923, 0.0024581216, 0.0024617747, 0.0024637752, 0.0024634944, 0.0024622504, 0.0024564352, 0.0024448326, 0.0024359238, 0.0024119588, 0.0023787525, 0.0023356979, 0.0023107815, 0.0022529578, 0.0021850625, 0.0021470443, 0.0020636339, 0.001971052, 0.0019224089, 0.0018272107, 0.0017582824, 0.001784546, 0.0018714532, 0.002236282, 0, 0, 0, 0, 0, 0, 0, 0, 0, 0, 0, 0, 0, 0, 0, 0, 0, 0, 0, 0, 0, 0, 0, 0, 0, 0, 0, 0, 0, 0, 0, 0, 0, 0, 0, 0, 0, 0, 0, 0, 0, 0, 0, 0, 0, 0, 0, 0, 0, 0, 0, 0, 0, 0, 0, 0, 0, 0, 0, 0, 0, 0
0, 0, 0, 0, 0, 0, 0, 0, 0, 0, 0, 0, 0.0013683978, 0.0011508258, 0.0010904676, 0.0010380097, 0.0010332777, 0.0010459472, 0.0010553527, 0.0010795036, 0.0011103845, 0.0011286994, 0.0011702469, 0.001216686, 0.00124089, 0.0012897991, 0.0013398087, 0.0013921927, 0.0014198249, 0.0014790104, 0.0015438534, 0.0015787042, 0.0016523113, 0.0017301831, 0.0018100571, 0.0018498414, 0.001927262, 0.002000823, 0.0020361538, 0.0021048274, 0.0021724084, 0.0022063057, 0.0022737193, 0.00234018, 0.0024037312, 0.0024338001, 0.00248935, 0.0025380254, 0.0025597902, 0.0025981977, 0.0026317304, 0.0026627064, 0.0026779028, 0.0027091603, 0.0027417997, 0.0027590278, 0.0027939354, 0.002828931, 0.002845197, 0.0028740638, 0.002893585, 0.0029016014, 0.002901062, 0.0028914222, 0.0028733166, 0.0028618157, 0.002836416, 0.0028096465, 0.0027831194, 0.002770258, 0.0027441478, 0.0027160929, 0.002700306, 0.002663488, 0.0026171543, 0.0025592465, 0.002526159, 0.0024509307, 0.0023642168, 0.0023170179, 0.002216109, 0.0021094359, 0.0020568382, 0.0019664678, 0.001933945, 0.0020329556, 0.002142384, 0, 0, 0, 0, 0, 0, 0, 0, 0, 0, 0, 0, 0, 0, 0, 0, 0, 0, 0, 0, 0, 0, 0, 0, 0, 0, 0, 0, 0, 0, 0, 0, 0, 0, 0, 0, 0, 0, 0, 0, 0, 0, 0, 0, 0, 0, 0, 0, 0, 0, 0, 0, 0, 0, 0, 0, 0, 0, 0, 0, 0, 0, 0
0, 0, 0, 0, 0, 0, 0, 0, 0, 0, 0, 0.0016638063, 0.0012938008, 0.0010934159, 0.0010485443, 0.0010144778, 0.0010131808, 0.0010245563, 0.0010340447, 0.0010615034, 0.0011018974, 0.0011267362, 0.0011834545, 0.0012456197, 0.001276953, 0.0013380997, 0.0013967957, 0.0014552674, 0.0014855564, 0.0015512842, 0.0016258373, 0.0016670013, 0.0017567116, 0.0018537737, 0.001953533, 0.0020028634, 0.0020975084, 0.0021851237, 0.002226265, 0.0023051545, 0.0023824917, 0.002421855, 0.0025030668, 0.0025886493, 0.0026772553, 0.002721521, 0.0028070065, 0.002884301, 0.0029186732, 0.002977521, 0.003024362, 0.003061465, 0.003077653, 0.0031071606, 0.0031359117, 0.0031504908, 0.0031809057, 0.0032125795, 0.0032281212, 0.0032564797, 0.003277603, 0.003286817, 0.0032863212, 0.0032735763, 0.0032468613, 0.0032288434, 0.0031862906, 0.0031381883, 0.003087876, 0.0030626354, 0.0030128418, 0.002962927, 0.0029373087, 0.0028823253, 0.0028197845, 0.0027469941, 0.0027061407, 0.0026153764, 0.0025125477, 0.0024568916, 0.0023377636, 0.0022140623, 0.0021555515, 0.0020718572, 0.002109204, 0.0024203616, 0.0027219576, 0, 0, 0, 0, 0, 0, 0, 0, 0, 0, 0, 0, 0, 0, 0, 0, 0, 0, 0, 0, 0, 0, 0, 0, 0, 0, 0, 0, 0, 0, 0, 0, 0, 0, 0, 0, 0, 0, 0, 0, 0, 0, 0, 0, 0, 0, 0, 0, 0, 0, 0, 0, 0, 0, 0, 0, 0, 0, 0, 0, 0, 0, 0
0, 0, 0, 0, 0, 0, 0, 0, 0, 0, 0.0018240358, 0.0015877612, 0.0012312114, 0.0010811669, 0.001051028, 0.0010290979, 0.0010270668, 0.0010333097, 0.001040267, 0.0010648039, 0.001106171, 0.0011330493, 0.0011974184, 0.0012702761, 0.0013075308, 0.0013803389, 0.0014490761, 0.0015148653, 0.0015481584, 0.0016191097, 0.0017003001, 0.0017454948, 0.0018462596, 0.0019567644, 0.002072039, 0.0021294067, 0.0022391896, 0.0023403636, 0.0023874117, 0.0024761572, 0.0025611669, 0.0026040194, 0.002693099, 0.0027891495, 0.0028920802, 0.0029451938, 0.0030514712, 0.003151881, 0.003197878, 0.0032788373, 0.0033440946, 0.003394621, 0.0034154654, 0.003450387, 0.0034796502, 0.0034930212, 0.003518378, 0.0035419385, 0.0035531176, 0.0035729574, 0.0035871293, 0.003592822, 0.003591538, 0.0035793744, 0.003553166, 0.0035350337, 0.0034891618, 0.0034327148, 0.0033688995, 0.00333512, 0.0032643226, 0.0031911454, 0.0031535348, 0.0030751873, 0.002990986, 0.002899144, 0.0028497342, 0.0027424577, 0.0026235238, 0.00255995, 0.002423499, 0.002280538, 0.0022126297, 0.0021198436, 0.0021940018, 0.0026183953, 0.0029423055, 0, 0, 0, 0, 0, 0, 0, 0, 0, 0, 0, 0, 0, 0, 0, 0, 0, 0, 0, 0, 0, 0, 0, 0, 0, 0, 0, 0, 0, 0, 0, 0, 0, 0, 0, 0, 0, 0, 0, 0, 0, 0, 0, 0, 0, 0, 0, 0, 0, 0, 0, 0, 0, 0, 0, 0, 0, 0, 0, 0, 0, 0, 0
0, 0, 0, 0, 0, 0, 0, 0, 0, 0, 0.0014387423, 0.0013356972, 0.001168518, 0.0011112831, 0.0011051275, 0.0011067872, 0.0011109591, 0.0011158144, 0.0011201361, 0.0011376527, 0.0011709766, 0.0011940625, 0.0012524925, 0.0013228798, 0.0013605459, 0.0014368667, 0.001511093, 0.0015832605, 0.0016193829, 0.0016951013, 0.001780634, 0.0018282159, 0.001934553, 0.0020528177, 0.002178342, 0.0022414434, 0.0023645794, 0.0024798869, 0.0025341625, 0.0026364597, 0.002732922, 0.0027805197, 0.0028774058, 0.0029792355, 0.0030870705, 0.0031427327, 0.0032549438, 0.003364042, 0.00341537, 0.003509446, 0.0035894602, 0.0036549852, 0.0036827172, 0.0037297532, 0.0037669525, 0.0037825943, 0.0038087233, 0.0038277318, 0.003834745, 0.0038434884, 0.003845446, 0.0038402446, 0.003834754, 0.0038179236, 0.0037913343, 0.0037740152, 0.0037306082, 0.003674395, 0.0036064875, 0.0035683215, 0.003484138, 0.00339127, 0.0033419437, 0.0032386594, 0.0031298222, 0.0030144895, 0.0029544781, 0.0028279831, 0.0026927632, 0.0026217308, 0.0024731024, 0.0023214174, 0.0022512032, 0.0021592553, 0.0022460446, 0.0026744483, 0, 0, 0, 0, 0, 0, 0, 0, 0, 0, 0, 0, 0, 0, 0, 0, 0, 0, 0, 0, 0, 0, 0, 0, 0, 0, 0, 0, 0, 0, 0, 0, 0, 0, 0, 0, 0, 0, 0, 0, 0, 0, 0, 0, 0, 0, 0, 0, 0, 0, 0, 0, 0, 0, 0, 0, 0, 0, 0, 0, 0, 0, 0, 0
0, 0, 0, 0, 0, 0, 0, 0, 0, 0, 0.0014891061, 0.001397016, 0.0012701054, 0.0012478008, 0.0012536825, 0.0012716914, 0.0012856355, 0.0012943902, 0.0012986449, 0.0013106115, 0.0013326331, 0.0013486996, 0.0013915827, 0.0014473159, 0.0014790201, 0.0015474275, 0.0016193069, 0.0016926172, 0.0017302062, 0.0018082892, 0.0018948198, 0.0019422384, 0.002047221, 0.0021646481, 0.0022909439, 0.0023558068, 0.002485156, 0.0026106918, 0.0026712478, 0.0027876613, 0.0028984053, 0.002952269, 0.003059552, 0.0031676348, 0.0032766135, 0.0033312244, 0.003438989, 0.0035429294, 0.0035925133, 0.0036858942, 0.0037702331, 0.0038449576, 0.0038786347, 0.003938675, 0.003989107, 0.0040105474, 0.004045741, 0.004068677, 0.0040753726, 0.0040791095, 0.004070673, 0.004052584, 0.004040586, 0.0040123486, 0.003977883, 0.003958125, 0.0039122403, 0.003855793, 0.0037862037, 0.0037459978, 0.003654067, 0.0035474314, 0.003489151, 0.0033646186, 0.0032321638, 0.003093184, 0.0030214426, 0.0028731525, 0.002719117, 0.0026401803, 0.0024834862, 0.0023438302, 0.0022922133, 0.0022745542, 0.0024394584, 0, 0, 0, 0, 0, 0, 0, 0, 0, 0, 0, 0, 0, 0, 0, 0, 0, 0, 0, 0, 0, 0, 0, 0, 0, 0, 0, 0, 0, 0, 0, 0, 0, 0, 0, 0, 0, 0, 0, 0, 0, 0, 0, 0, 0, 0, 0, 0, 0, 0, 0, 0, 0, 0, 0, 0, 0, 0, 0, 0, 0, 0, 0, 0, 0
0, 0, 0, 0, 0, 0, 0, 0, 0, 0.0041492106, 0.0025653846, 0.0020292236, 0.0016095134, 0.0015187277, 0.0015131354, 0.0015257319, 0.0015455444, 0.0015623632, 0.0015697528, 0.0015837766, 0.0016007965, 0.0016114792, 0.0016399206, 0.0016787275, 0.001702066, 0.0017564562, 0.0018192742, 0.0018887552, 0.0019252662, 0.0020024749, 0.002086039, 0.002130736, 0.0022277357, 0.002334694, 0.0024504075, 0.0025105905, 0.002633657, 0.002758006, 0.0028199267, 0.0029422638, 0.003061618, 0.0031204724, 0.0032363848, 0.0033502823, 0.0034609698, 0.0035142777, 0.0036161533, 0.003710081, 0.0037541061, 0.0038374246, 0.0039152326, 0.0039885533, 0.004023651, 0.0040901517, 0.00415068, 0.0041780844, 0.0042249747, 0.0042579724, 0.0042681736, 0.0042750123, 0.0042638527, 0.0042375573, 0.0042199953, 0.0041788323, 0.0041312086, 0.0041056345, 0.0040497645, 0.0039861756, 0.0039112014, 0.0038682804, 0.003770155, 0.0036546162, 0.0035907924, 0.0034522542, 0.0033022051, 0.0031428342, 0.0030607576, 0.0028902509, 0.0027132353, 0.0026234533, 0.0024512813, 0.0023240629, 0.0023035607, 0.0024481935, 0.0030060685, 0, 0, 0, 0, 0, 0, 0, 0, 0, 0, 0, 0, 0, 0, 0, 0, 0, 0, 0, 0, 0, 0, 0, 0, 0, 0, 0, 0, 0, 0, 0, 0, 0, 0, 0, 0, 0, 0, 0, 0, 0, 0, 0, 0, 0, 0, 0, 0, 0, 0, 0, 0, 0, 0, 0, 0, 0, 0, 0, 0, 0, 0, 0, 0, 0
0, 0, 0, 0, 0, 0, 0, 0, 0, 0.0036212855, 0.0026303267, 0.002284688, 0.0019408613, 0.0018414053, 0.0018300079, 0.0018384545, 0.0018643563, 0.001894028, 0.0019083509, 0.0019343001, 0.001957944, 0.0019693826, 0.0019944455, 0.0020246762, 0.002042753, 0.0020862485, 0.0021400696, 0.0022034994, 0.0022382296, 0.0023120171, 0.0023901267, 0.0024308688, 0.0025160294, 0.002606956, 0.0027037193, 0.0027541653, 0.0028590802, 0.002968117, 0.0030239334, 0.0031372658, 0.0032519617, 0.0033094187, 0.0034242074, 0.0035377208, 0.0036475244, 0.0037001034, 0.0037983223, 0.0038857376, 0.0039254795, 0.003998172, 0.0040643997, 0.0041270237, 0.0041577537, 0.004218291, 0.004277052, 0.0043051224, 0.004356138, 0.004395837, 0.004409775, 0.004422718, 0.004415399, 0.0043886662, 0.0043689, 0.004319672, 0.00426086, 0.004228631, 0.0041600196, 0.0040848353, 0.0040006773, 0.003954059, 0.0038493846, 0.0037281704, 0.003661164, 0.0035152463, 0.0033550991, 0.003182922, 0.0030927802, 0.0029037881, 0.00270326, 0.0025995108, 0.0023971817, 0.0022509906, 0.0022382855, 0.0024711825, 0.0031433506, 0, 0, 0, 0, 0, 0, 0, 0, 0, 0, 0, 0, 0, 0, 0, 0, 0, 0, 0, 0, 0, 0, 0, 0, 0, 0, 0, 0, 0, 0, 0, 0, 0, 0, 0, 0, 0, 0, 0, 0, 0, 0, 0, 0, 0, 0, 0, 0, 0, 0, 0, 0, 0, 0, 0, 0, 0, 0, 0, 0, 0, 0, 0, 0, 0
0, 0, 0, 0, 0, 0, 0, 0, 0, 0.0027202142, 0.002359724, 0.0022496674, 0.002150217, 0.0021372756, 0.0021457844, 0.002177558, 0.0022210532, 0.0022696313, 0.0022940002, 0.0023397645, 0.0023804128, 0.0023987142, 0.0024330798, 0.0024673266, 0.0024855619, 0.0025271205, 0.002577366, 0.0026370452, 0.0026698238, 0.0027393817, 0.0028116112, 0.0028482731, 0.0029221955, 0.002997255, 0.0030743445, 0.003113892, 0.0031954932, 0.003281245, 0.0033257958, 0.0034178728, 0.0035128193, 0.0035613072, 0.003660032, 0.0037605271, 0.003860704, 0.003909727, 0.0040030824, 0.0040871776, 0.00412509, 0.0041918587, 0.004248083, 0.0042963205, 0.004318711, 0.0043614996, 0.0044036526, 0.0044244304, 0.0044643483, 0.0044979956, 0.0045110174, 0.0045257118, 0.0045225937, 0.0044997274, 0.004481115, 0.004431059, 0.0043671653, 0.0043311967, 0.0042534578, 0.0041688755, 0.0040763738, 0.004026444, 0.0039167553, 0.0037925348, 0.0037243413, 0.003575694, 0.0034115415, 0.0032329177, 0.003138539, 0.0029388655, 0.002723486, 0.0026102562, 0.0023816577, 0.0022008787, 0.0021710363, 0.0023962867, 0, 0, 0, 0, 0, 0, 0, 0, 0, 0, 0, 0, 0, 0, 0, 0, 0, 0, 0, 0, 0, 0, 0, 0, 0, 0, 0, 0, 0, 0, 0, 0, 0, 0, 0, 0, 0, 0, 0, 0, 0, 0, 0, 0, 0, 0, 0, 0, 0, 0, 0, 0, 0, 0, 0, 0, 0, 0, 0, 0, 0, 0, 0, 0, 0, 0
0, 0, 0, 0, 0, 0, 0, 0, 0, 0.0022499827, 0.0021992514, 0.0022262186, 0.002321448, 0.0024190124, 0.0024626208, 0.0025419258, 0.002617147, 0.0026913418, 0.002727172, 0.0027955845, 0.0028568949, 0.0028845868, 0.0029350468, 0.0029808078, 0.0030032906, 0.00304999, 0.0031019582, 0.0031603363, 0.0031913808, 0.003256019, 0.0033216614, 0.0033542826, 0.003418851, 0.0034820167, 0.0035444074, 0.0035756214, 0.0036386286, 0.0037031542, 0.0037359972, 0.0038030567, 0.003871596, 0.003906422, 0.0039774175, 0.0040514525, 0.004128867, 0.004168453, 0.0042478493, 0.0043238746, 0.0043590562, 0.004421188, 0.0044700303, 0.0045055985, 0.004519167, 0.0045401943, 0.0045565073, 0.004564151, 0.0045791767, 0.004592691, 0.004598203, 0.0046037543, 0.004598334, 0.0045776046, 0.0045606657, 0.0045133587, 0.00444984, 0.004413064, 0.004332475, 0.00424392, 0.004147898, 0.0040967497, 0.003985881, 0.003861869, 0.0037939658, 0.003645791, 0.0034805778, 0.0032989802, 0.0032024996, 0.0029992422, 0.0027838622, 0.0026731333, 0.0024578602, 0.0022979288, 0.0022691553, 0.002342185, 0, 0, 0, 0, 0, 0, 0, 0, 0, 0, 0, 0, 0, 0, 0, 0, 0, 0, 0, 0, 0, 0, 0, 0, 0, 0, 0, 0, 0, 0, 0, 0, 0, 0, 0, 0, 0, 0, 0, 0, 0, 0, 0, 0, 0, 0, 0, 0, 0, 0, 0, 0, 0, 0, 0, 0, 0, 0, 0, 0, 0, 0, 0, 0, 0, 0
0, 0, 0, 0, 0, 0, 0, 0, 0.0032268683, 0.002491195, 0.0023637747, 0.002412993, 0.0025790776, 0.0027471979, 0.0028215935, 0.002951506, 0.0030644755, 0.0031672663, 0.0032153025, 0.0033054568, 0.0033861722, 0.003422587, 0.0034881467, 0.0035462184, 0.003573403, 0.0036268309, 0.003681292, 0.0037380033, 0.0037668438, 0.003824725, 0.0038819434, 0.003909946, 0.003964889, 0.0040185233, 0.004070987, 0.004097095, 0.0041488186, 0.0041994234, 0.004224199, 0.0042718886, 0.0043165176, 0.004337723, 0.0043787593, 0.004420045, 0.0044645714, 0.0044886963, 0.0045405095, 0.004595479, 0.0046227686, 0.0046727797, 0.004712373, 0.0047369986, 0.004743411, 0.0047460725, 0.0047383322, 0.004732294, 0.0047186976, 0.004705071, 0.0046984274, 0.0046848487, 0.0046674013, 0.004640829, 0.0046227127, 0.0045750723, 0.0045119617, 0.0044751805, 0.0043941657, 0.0043049753, 0.004208913, 0.0041581523, 0.0040494124, 0.003928675, 0.0038625246, 0.0037170146, 0.0035526142, 0.0033688282, 0.0032704084, 0.0030638352, 0.0028523155, 0.0027515008, 0.0025930146, 0.002583135, 0.0026824584, 0.003065775, 0, 0, 0, 0, 0, 0, 0, 0, 0, 0, 0, 0, 0, 0, 0, 0, 0, 0, 0, 0, 0, 0, 0, 0, 0, 0, 0, 0, 0, 0, 0, 0, 0, 0, 0, 0, 0, 0, 0, 0, 0, 0, 0, 0, 0, 0, 0, 0, 0, 0, 0, 0, 0, 0, 0, 0, 0, 0, 0, 0, 0, 0, 0, 0, 0, 0
0, 0, 0, 0, 0, 0, 0, 0, 0.0035353452, 0.0028187118, 0.0027018588, 0.0027555274, 0.0029411344, 0.0031434398, 0.0032377797, 0.003408025, 0.003556506, 0.0036882495, 0.0037488937, 0.0038600094, 0.0039578066, 0.004001602, 0.004080001, 0.0041476893, 0.0041784137, 0.0042367554, 0.004292252, 0.0043459367, 0.00437221, 0.0044222767, 0.0044693393, 0.004491714, 0.004534671, 0.004576241, 0.0046175946, 0.004638499, 0.004680306, 0.004721242, 0.0047404664, 0.0047751847, 0.0048030945, 0.0048140883, 0.004830815, 0.0048423503, 0.0048526563, 0.0048587057, 0.004874223, 0.004895291, 0.004907567, 0.0049327896, 0.00495372, 0.004964521, 0.0049647843, 0.004954229, 0.004930499, 0.0049150675, 0.004879651, 0.0048420485, 0.0048233685, 0.0047867624, 0.004749865, 0.00470851, 0.004684841, 0.0046291063, 0.0045606676, 0.004521959, 0.004437283, 0.004345435, 0.0042479998, 0.004197264, 0.004090461, 0.0039734202, 0.003909893, 0.0037693556, 0.003608075, 0.00342383, 0.0033231722, 0.0031079233, 0.0028868828, 0.0027854005, 0.0026590812, 0.0028110016, 0.003094065, 0.0041335234, 0, 0, 0, 0, 0, 0, 0, 0, 0, 0, 0, 0, 0, 0, 0, 0, 0, 0, 0, 0, 0, 0, 0, 0, 0, 0, 0, 0, 0, 0, 0, 0, 0, 0, 0, 0, 0, 0, 0, 0, 0, 0, 0, 0, 0, 0, 0, 0, 0, 0, 0, 0, 0, 0, 0, 0, 0, 0, 0, 0, 0, 0, 0, 0, 0, 0
0, 0, 0, 0, 0, 0, 0, 0.004358366, 0.0033964457, 0.0032084344, 0.0033639055, 0.003484678, 0.0037425542, 0.0039920206, 0.0041096867, 0.0043311184, 0.004533035, 0.0047160476, 0.0048004873, 0.004955121, 0.005090045, 0.005150001, 0.0052564708, 0.0053459234, 0.0053856918, 0.00545692, 0.005519949, 0.0055760453, 0.005601666, 0.0056469855, 0.0056835734, 0.0056978753, 0.0057180766, 0.0057282588, 0.005731215, 0.0057311426, 0.0057312925, 0.0057326434, 0.005733999, 0.0057363478, 0.00573528, 0.0057322406, 0.0057196557, 0.0056964858, 0.0056628035, 0.005642387, 0.0055963364, 0.0055469936, 0.005522537, 0.0054758913, 0.0054332265, 0.0053932006, 0.005373212, 0.00533151, 0.00528499, 0.0052595106, 0.005203463, 0.0051406696, 0.005106946, 0.005035832, 0.0049599856, 0.0048795566, 0.0048372303, 0.004747773, 0.0046514054, 0.004600263, 0.004493523, 0.0043817987, 0.0042670295, 0.0042090723, 0.0040913844, 0.003969709, 0.00390635, 0.0037715263, 0.0036216504, 0.0034514454, 0.0033575704, 0.0031511385, 0.0029270172, 0.0028172904, 0.0026519746, 0.0026621162, 0.0027335023, 0, 0, 0, 0, 0, 0, 0, 0, 0, 0, 0, 0, 0, 0, 0, 0, 0, 0, 0, 0, 0, 0, 0, 0, 0, 0, 0, 0, 0, 0, 0, 0, 0, 0, 0, 0, 0, 0, 0, 0, 0, 0, 0, 0, 0, 0, 0, 0, 0, 0, 0, 0, 0, 0, 0, 0, 0, 0, 0, 0, 0, 0, 0, 0, 0, 0, 0
0, 0, 0, 0, 0, 0, 0, 0.0037313465, 0.0034287039, 0.0034512242, 0.0036877154, 0.0038300904, 0.0041135936, 0.0043777684, 0.004501905, 0.0047363816, 0.0049536554, 0.0051542, 0.0052477866, 0.005420838, 0.0055735614, 0.0056420946, 0.0057637673, 0.005866894, 0.0059126057, 0.005994493, 0.006066362, 0.006130004, 0.006158909, 0.0062102703, 0.0062508155, 0.006266041, 0.0062848413, 0.0062869987, 0.006274794, 0.0062645515, 0.0062397188, 0.0062134927, 0.0062008486, 0.006177437, 0.0061551793, 0.006143679, 0.0061174184, 0.0060837255, 0.0060396306, 0.006013141, 0.0059520523, 0.0058822506, 0.0058453246, 0.0057703275, 0.0056970525, 0.005626782, 0.0055930484, 0.0055270074, 0.005461162, 0.00542765, 0.0053574475, 0.0052820467, 0.0052421587, 0.0051573752, 0.005066433, 0.0049695564, 0.004918885, 0.004813563, 0.004702521, 0.00464485, 0.004525422, 0.0044016703, 0.0042741667, 0.0042093094, 0.0040784343, 0.0039439746, 0.003874958, 0.0037317937, 0.0035788785, 0.0034134027, 0.0033257287, 0.003143067, 0.0029706848, 0.0029068736, 0.0029068019, 0.0032149004, 0.0034406912, 0, 0, 0, 0, 0, 0, 0, 0, 0, 0, 0, 0, 0, 0, 0, 0, 0, 0, 0, 0, 0, 0, 0, 0, 0, 0, 0, 0, 0, 0, 0, 0, 0, 0, 0, 0, 0, 0, 0, 0, 0, 0, 0, 0, 0, 0, 0, 0, 0, 0, 0, 0, 0, 0, 0, 0, 0, 0, 0, 0, 0, 0, 0, 0, 0, 0, 0
0, 0, 0, 0, 0, 0, 0.0051178373, 0.0044139945, 0.0037636654, 0.0037795024, 0.0040263236, 0.00417145, 0.004458748, 0.0047269696, 0.0048534996, 0.0050934055, 0.0053180214, 0.00552797, 0.005626898, 0.005811622, 0.005976564, 0.006051271, 0.0061849337, 0.0062990133, 0.0063498407, 0.0064407904, 0.00652032, 0.0065904283, 0.006622413, 0.0066794194, 0.0067256116, 0.0067435782, 0.006767125, 0.006771628, 0.0067570126, 0.0067431987, 0.006705653, 0.006660259, 0.0066363523, 0.0065890285, 0.0065438543, 0.0065221665, 0.0064789574, 0.0064326003, 0.006379146, 0.0063487412, 0.0062795645, 0.0061998405, 0.0061567123, 0.0060658925, 0.005971962, 0.0058786045, 0.0058323606, 0.00574201, 0.005652846, 0.005608246, 0.0055174422, 0.0054234564, 0.0053746873, 0.005273354, 0.005166832, 0.00505548, 0.004998074, 0.004880231, 0.0047580926, 0.0046953396, 0.0045663714, 0.0044324, 0.0042932206, 0.004221573, 0.004074791, 0.003922464, 0.0038440179, 0.0036823861, 0.003513074, 0.0033360126, 0.0032453847, 0.0030674825, 0.002930978, 0.0029113537, 0.0031204436, 0.0039687403, 0.004606787, 0, 0, 0, 0, 0, 0, 0, 0, 0, 0, 0, 0, 0, 0, 0, 0, 0, 0, 0, 0, 0, 0, 0, 0, 0, 0, 0, 0, 0, 0, 0, 0, 0, 0, 0, 0, 0, 0, 0, 0, 0, 0, 0, 0, 0, 0, 0, 0, 0, 0, 0, 0, 0, 0, 0, 0, 0, 0, 0, 0, 0, 0, 0, 0, 0, 0, 0
0, 0, 0, 0, 0, 0, 0.0053347033, 0.004646178, 0.004051196, 0.0040817237, 0.004327997, 0.004471698, 0.0047579254, 0.005027207, 0.005154814, 0.005397585, 0.0056253825, 0.0058386484, 0.0059394594, 0.0061287815, 0.006299443, 0.0063774604, 0.006518125, 0.006639251, 0.0066931527, 0.006789326, 0.006872544, 0.0069447793, 0.0069771525, 0.0070347963, 0.007081992, 0.00710121, 0.007129106, 0.0071406676, 0.0071338336, 0.0071233944, 0.007089078, 0.007040548, 0.007012527, 0.0069524674, 0.0068904166, 0.006859477, 0.0067979596, 0.0067358194, 0.0066700536, 0.0066350363, 0.0065590413, 0.006474417, 0.0064289477, 0.0063320766, 0.006229233, 0.006122719, 0.0060689785, 0.0059609828, 0.0058522183, 0.0057974504, 0.0056857984, 0.0055712652, 0.0055127554, 0.005393127, 0.0052704145, 0.0051445947, 0.0050809663, 0.004951857, 0.0048204088, 0.004753481, 0.004616475, 0.004473994, 0.0043243226, 0.0042463834, 0.004084281, 0.0039128703, 0.0038237826, 0.0036382305, 0.0034426248, 0.0032374656, 0.0031325424, 0.002927269, 0.0027711086, 0.0027478118, 0.0029703355, 0.0038430514, 0, 0, 0, 0, 0, 0, 0, 0, 0, 0, 0, 0, 0, 0, 0, 0, 0, 0, 0, 0, 0, 0, 0, 0, 0, 0, 0, 0, 0, 0, 0, 0, 0, 0, 0, 0, 0, 0, 0, 0, 0, 0, 0, 0, 0, 0, 0, 0, 0, 0, 0, 0, 0, 0, 0, 0, 0, 0, 0, 0, 0, 0, 0, 0, 0, 0, 0, 0
0, 0, 0, 0, 0, 0, 0.0043696123, 0.004125843, 0.004004603, 0.0042046662, 0.00450905, 0.0046665235, 0.004968867, 0.005248901, 0.0053808936, 0.0056308303, 0.00586327, 0.0060794065, 0.0061812713, 0.0063721496, 0.0065450734, 0.0066245464, 0.006769733, 0.006896026, 0.0069524674, 0.007053004, 0.007138519, 0.0072103823, 0.0072416933, 0.007295484, 0.007338234, 0.0073554916, 0.0073816865, 0.007396089, 0.007397029, 0.0073917974, 0.007369434, 0.007331161, 0.007306341, 0.0072478154, 0.007180357, 0.0071442425, 0.0070692175, 0.006991146, 0.006910703, 0.0068692453, 0.006783778, 0.006693628, 0.0066465153, 0.006547513, 0.0064423312, 0.0063318745, 0.0062752157, 0.0061593675, 0.006040043, 0.005979052, 0.0058539715, 0.0057245847, 0.005658662, 0.0055244183, 0.0053875498, 0.005248824, 0.0051789223, 0.0050382866, 0.0048962557, 0.004824351, 0.0046780976, 0.0045258477, 0.004365609, 0.004281969, 0.0041064015, 0.0039188913, 0.0038204002, 0.0036133896, 0.00339231, 0.0031563018, 0.0030337078, 0.0027924154, 0.002605888, 0.0025714561, 0.0027166908, 0, 0, 0, 0, 0, 0, 0, 0, 0, 0, 0, 0, 0, 0, 0, 0, 0, 0, 0, 0, 0, 0, 0, 0, 0, 0, 0, 0, 0, 0, 0, 0, 0, 0, 0, 0, 0, 0, 0, 0, 0, 0, 0, 0, 0, 0, 0, 0, 0, 0, 0, 0, 0, 0, 0, 0, 0, 0, 0, 0, 0, 0, 0, 0, 0, 0, 0, 0, 0
0, 0, 0, 0, 0, 0, 0.0036976077, 0.0036629483, 0.003840279, 0.0041891416, 0.0045628385, 0.004740467, 0.0050705723, 0.0053699473, 0.0055099083, 0.005773449, 0.006016369, 0.006239998, 0.0063444194, 0.0065392302, 0.0067154006, 0.0067967535, 0.0069465293, 0.0070796325, 0.0071398714, 0.007248011, 0.007339774, 0.0074154506, 0.0074472525, 0.0074994797, 0.0075373487, 0.007551369, 0.0075709154, 0.0075806514, 0.0075816894, 0.0075786053, 0.007564888, 0.007538749, 0.0075203134, 0.0074725295, 0.0074105724, 0.007374906, 0.0072957776, 0.0072082216, 0.0071151406, 0.0070673814, 0.0069703595, 0.006871602, 0.00682145, 0.006718849, 0.0066124815, 0.006501522, 0.0064444463, 0.0063271415, 0.006205052, 0.0061421664, 0.0060124844, 0.005877528, 0.0058083693, 0.005666786, 0.0055215303, 0.005373292, 0.005298138, 0.0051461873, 0.0049922015, 0.0049142283, 0.004755628, 0.0045915013, 0.0044195126, 0.0043301657, 0.0041434066, 0.0039444184, 0.00383999, 0.0036200364, 0.0033833236, 0.0031280562, 0.00299491, 0.0027316527, 0.002541011, 0.0025307883, 0.0029110068, 0, 0, 0, 0, 0, 0, 0, 0, 0, 0, 0, 0, 0, 0, 0, 0, 0, 0, 0, 0, 0, 0, 0, 0, 0, 0, 0, 0, 0, 0, 0, 0, 0, 0, 0, 0, 0, 0, 0, 0, 0, 0, 0, 0, 0, 0, 0, 0, 0, 0, 0, 0, 0, 0, 0, 0, 0, 0, 0, 0, 0, 0, 0, 0, 0, 0, 0, 0, 0
0, 0, 0, 0, 0, 0.004841345, 0.0037900363, 0.0036476406, 0.0037967195, 0.0041647, 0.004557328, 0.0047435984, 0.005089728, 0.005404617, 0.0055523496, 0.0058307624, 0.0060877493, 0.0063234637, 0.0064332383, 0.0066363253, 0.006819078, 0.006903461, 0.007059546, 0.0072009065, 0.0072662286, 0.0073856735, 0.007489674, 0.007576369, 0.007612969, 0.00767196, 0.0077123134, 0.007725847, 0.007741428, 0.007744493, 0.0077389968, 0.0077338535, 0.00771915, 0.007697496, 0.007683048, 0.007645551, 0.007594113, 0.007562975, 0.0074895816, 0.0074026403, 0.0073056505, 0.0072544743, 0.007149037, 0.0070412233, 0.006987039, 0.0068776314, 0.006766939, 0.0066537927, 0.006596079, 0.006477954, 0.006355435, 0.006292397, 0.006162406, 0.006027236, 0.00595779, 0.005814634, 0.0056662424, 0.0055125514, 0.0054339264, 0.0052733854, 0.005108947, 0.0050251936, 0.0048540854, 0.0046773315, 0.004493988, 0.0043992572, 0.004203226, 0.0039968616, 0.0038892678, 0.003663933, 0.0034233115, 0.0031662472, 0.003032981, 0.0027735063, 0.0025858888, 0.0025589205, 0.0026723812, 0, 0, 0, 0, 0, 0, 0, 0, 0, 0, 0, 0, 0, 0, 0, 0, 0, 0, 0, 0, 0, 0, 0, 0, 0, 0, 0, 0, 0, 0, 0, 0, 0, 0, 0, 0, 0, 0, 0, 0, 0, 0, 0, 0, 0, 0, 0, 0, 0, 0, 0, 0, 0, 0, 0, 0, 0, 0, 0, 0, 0, 0, 0, 0, 0, 0, 0, 0, 0
0, 0, 0, 0, 0, 0.0040947706, 0.00370789, 0.0036567478, 0.0038353857, 0.0041841334, 0.004560611, 0.0047425292, 0.005086577, 0.005405601, 0.0055568246, 0.0058444706, 0.0061129234, 0.0063608265, 0.0064766565, 0.0066908635, 0.006882567, 0.0069706216, 0.007133224, 0.0072811283, 0.0073503554, 0.0074796695, 0.007596106, 0.007697621, 0.0077418755, 0.007815921, 0.0078689875, 0.0078875655, 0.007909027, 0.007912388, 0.007902432, 0.007894088, 0.007872852, 0.007847106, 0.00783246, 0.00779806, 0.0077547887, 0.00772881, 0.0076667075, 0.0075897607, 0.0074993894, 0.0074496716, 0.0073435605, 0.0072310125, 0.007173527, 0.007056871, 0.0069390764, 0.006820159, 0.0067600533, 0.006637815, 0.006512217, 0.0064478605, 0.0063156807, 0.006178839, 0.006108505, 0.0059639886, 0.0058135516, 0.0056572156, 0.005576769, 0.0054117544, 0.0052410094, 0.005153532, 0.0049740705, 0.004788288, 0.0045960676, 0.004497123, 0.0042934986, 0.004080647, 0.0039704214, 0.00374144, 0.0035004911, 0.003250036, 0.003125413, 0.0029059194, 0.0028236613, 0.0028934353, 0.0032691641, 0, 0, 0, 0, 0, 0, 0, 0, 0, 0, 0, 0, 0, 0, 0, 0, 0, 0, 0, 0, 0, 0, 0, 0, 0, 0, 0, 0, 0, 0, 0, 0, 0, 0, 0, 0, 0, 0, 0, 0, 0, 0, 0, 0, 0, 0, 0, 0, 0, 0, 0, 0, 0, 0, 0, 0, 0, 0, 0, 0, 0, 0, 0, 0, 0, 0, 0, 0, 0
0, 0, 0, 0, 0, 0.004510817, 0.003775542, 0.0037210446, 0.003907371, 0.0042452323, 0.004606451, 0.004782393, 0.0051184786, 0.0054336763, 0.0055844504, 0.005873466, 0.0061465, 0.0064020394, 0.0065225014, 0.006746771, 0.0069471896, 0.007038616, 0.007205722, 0.007355404, 0.0074252174, 0.007556544, 0.007678104, 0.0077890228, 0.007839852, 0.007929722, 0.008000925, 0.008028528, 0.008066395, 0.008081415, 0.008076852, 0.00806878, 0.008044695, 0.008013743, 0.007996776, 0.007960338, 0.007919937, 0.007897465, 0.007845709, 0.0077816993, 0.0077034426, 0.0076588364, 0.0075595295, 0.0074488292, 0.0073903394, 0.0072693075, 0.0071450886, 0.007019157, 0.006955419, 0.0068264743, 0.0066939765, 0.0066262106, 0.0064872843, 0.0063436157, 0.006269919, 0.0061189053, 0.0059632016, 0.0058028847, 0.005721034, 0.0055538807, 0.0053813853, 0.0052928505, 0.0051107765, 0.0049211467, 0.004723809, 0.0046220734, 0.004411835, 0.004191209, 0.004076857, 0.0038391366, 0.0035897805, 0.0033355495, 0.0032137334, 0.0030251124, 0.003057633, 0.003258901, 0.0042426363, 0, 0, 0, 0, 0, 0, 0, 0, 0, 0, 0, 0, 0, 0, 0, 0, 0, 0, 0, 0, 0, 0, 0, 0, 0, 0, 0, 0, 0, 0, 0, 0, 0, 0, 0, 0, 0, 0, 0, 0, 0, 0, 0, 0, 0, 0, 0, 0, 0, 0, 0, 0, 0, 0, 0, 0, 0, 0, 0, 0, 0, 0, 0, 0, 0, 0, 0, 0, 0
0, 0, 0, 0, 0, 0.003883584, 0.0036317953, 0.0036801961, 0.003963091, 0.0043324144, 0.004701962, 0.004878515, 0.0052132146, 0.0055251955, 0.0056739813, 0.0059596086, 0.0062307687, 0.0064878566, 0.0066104257, 0.0068409564, 0.0070486944, 0.0071431636, 0.007313642, 0.0074623856, 0.0075301058, 0.0076557705, 0.00777213, 0.00788179, 0.007934228, 0.0080321925, 0.0081177205, 0.008154278, 0.008211661, 0.00824566, 0.008256636, 0.008254195, 0.008236938, 0.008207581, 0.008190328, 0.008152839, 0.008113059, 0.0080919, 0.008045815, 0.007990364, 0.007922202, 0.007882502, 0.007791145, 0.007685482, 0.007628137, 0.007506657, 0.0073792967, 0.0072486545, 0.0071822004, 0.007047021, 0.0069074635, 0.006835643, 0.0066871936, 0.006532459, 0.006452777, 0.0062898486, 0.0061232755, 0.0059544095, 0.0058696587, 0.005699062, 0.005525728, 0.005437234, 0.005255298, 0.0050649764, 0.004864985, 0.0047608544, 0.0045438907, 0.0043137744, 0.004193302, 0.0039408323, 0.0036725518, 0.0033962727, 0.0032641375, 0.0030656515, 0.0030991675, 0.0032515887, 0, 0, 0, 0, 0, 0, 0, 0, 0, 0, 0, 0, 0, 0, 0, 0, 0, 0, 0, 0, 0, 0, 0, 0, 0, 0, 0, 0, 0, 0, 0, 0, 0, 0, 0, 0, 0, 0, 0, 0, 0, 0, 0, 0, 0, 0, 0, 0, 0, 0, 0, 0, 0, 0, 0, 0, 0, 0, 0, 0, 0, 0, 0, 0, 0, 0, 0, 0, 0, 0
0, 0, 0, 0, 0, 0.0035078393, 0.0035369126, 0.003670763, 0.0040496304, 0.0044617625, 0.0048509636, 0.005032723, 0.0053717606, 0.0056827394, 0.005829637, 0.0061100367, 0.006375933, 0.006629462, 0.0067517264, 0.006984501, 0.007197877, 0.007295764, 0.007472234, 0.0076231323, 0.007689926, 0.007810375, 0.007918273, 0.008019799, 0.008069146, 0.008165156, 0.008255284, 0.008296453, 0.008367691, 0.008419429, 0.0084487675, 0.008454938, 0.008452143, 0.008433006, 0.008419195, 0.00838631, 0.00834868, 0.00832837, 0.008283429, 0.008229959, 0.008164277, 0.008125953, 0.008037436, 0.007933994, 0.007877409, 0.007756684, 0.007628934, 0.007497014, 0.0074297977, 0.007291996, 0.0071482267, 0.0070732664, 0.006916359, 0.006750112, 0.00666375, 0.0064862072, 0.0063046208, 0.0061228005, 0.006032466, 0.0058533275, 0.0056746746, 0.0055844765, 0.0053998753, 0.005206725, 0.0050021643, 0.004895116, 0.0046702633, 0.0044296677, 0.0043030544, 0.004035391, 0.00374708, 0.0034444924, 0.0032985064, 0.0030865106, 0.0032167505, 0.0035610476, 0, 0, 0, 0, 0, 0, 0, 0, 0, 0, 0, 0, 0, 0, 0, 0, 0, 0, 0, 0, 0, 0, 0, 0, 0, 0, 0, 0, 0, 0, 0, 0, 0, 0, 0, 0, 0, 0, 0, 0, 0, 0, 0, 0, 0, 0, 0, 0, 0, 0, 0, 0, 0, 0, 0, 0, 0, 0, 0, 0, 0, 0, 0, 0, 0, 0, 0, 0, 0, 0
0, 0, 0, 0, 0.005051189, 0.0038728672, 0.0037367088, 0.0038633172, 0.004249246, 0.0046688244, 0.005061929, 0.00524442, 0.0055827997, 0.0058904747, 0.0060346965, 0.006308499, 0.0065669804, 0.006814114, 0.0069339713, 0.007165498, 0.00738258, 0.0074841143, 0.0076702945, 0.00783103, 0.007901902, 0.008026842, 0.008134452, 0.00823139, 0.008277761, 0.0083682705, 0.008455339, 0.008496723, 0.008572049, 0.008633121, 0.008675498, 0.008689071, 0.008701087, 0.008695268, 0.0086871, 0.008662774, 0.008630299, 0.008611348, 0.008566952, 0.008511678, 0.008442642, 0.008402318, 0.008310115, 0.008203212, 0.008145151, 0.008022219, 0.007893291, 0.0077609345, 0.0076936693, 0.007555506, 0.007409785, 0.0073329904, 0.007169991, 0.0069941115, 0.00690175, 0.006710147, 0.0065131295, 0.0063154353, 0.0062174923, 0.0060242997, 0.0058332137, 0.0057374495, 0.0055425824, 0.0053393985, 0.0051247915, 0.0050122887, 0.004776384, 0.004525074, 0.004393163, 0.004115991, 0.0038193476, 0.0035095601, 0.0033600233, 0.0031324343, 0.0031331738, 0.0032212485, 0, 0, 0, 0, 0, 0, 0, 0, 0, 0, 0, 0, 0, 0, 0, 0, 0, 0, 0, 0, 0, 0, 0, 0, 0, 0, 0, 0, 0, 0, 0, 0, 0, 0, 0, 0, 0, 0, 0, 0, 0, 0, 0, 0, 0, 0, 0, 0, 0, 0, 0, 0, 0, 0, 0, 0, 0, 0, 0, 0, 0, 0, 0, 0, 0, 0, 0, 0, 0, 0
0, 0, 0, 0, 0.004462318, 0.004046821, 0.0040597436, 0.0041950312, 0.004564995, 0.0049602767, 0.0053329947, 0.0055073523, 0.0058329394, 0.0061309095, 0.006270918, 0.0065363413, 0.006786621, 0.0070259618, 0.007142412, 0.007369223, 0.0075865053, 0.0076905084, 0.007886004, 0.0080612125, 0.008140441, 0.008281428, 0.008402074, 0.008507128, 0.008555403, 0.008646444, 0.008731335, 0.008771335, 0.008844729, 0.008906388, 0.008952995, 0.008969944, 0.008990778, 0.008994988, 0.008991847, 0.00897639, 0.008950566, 0.008934061, 0.008892146, 0.008836302, 0.008764313, 0.008721671, 0.008623661, 0.008510408, 0.008449105, 0.00832021, 0.008186435, 0.0080501875, 0.007981168, 0.007839751, 0.007690353, 0.0076111234, 0.007441957, 0.00725749, 0.0071599195, 0.006956097, 0.0067446916, 0.006530659, 0.0064240764, 0.006212955, 0.006003465, 0.005898614, 0.005685374, 0.0054641045, 0.0052315714, 0.005110488, 0.004858859, 0.0045945086, 0.0044577187, 0.0041748644, 0.003881574, 0.003594758, 0.003471753, 0.0033607462, 0.0036186278, 0.0038604697, 0, 0, 0, 0, 0, 0, 0, 0, 0, 0, 0, 0, 0, 0, 0, 0, 0, 0, 0, 0, 0, 0, 0, 0, 0, 0, 0, 0, 0, 0, 0, 0, 0, 0, 0, 0, 0, 0, 0, 0, 0, 0, 0, 0, 0, 0, 0, 0, 0, 0, 0, 0, 0, 0, 0, 0, 0, 0, 0, 0, 0, 0, 0, 0, 0, 0, 0, 0, 0, 0
0, 0, 0, 0.006187901, 0.0052865865, 0.004460099, 0.004469075, 0.004600382, 0.004941285, 0.005297805, 0.005636082, 0.005796654, 0.0061010583, 0.00638547, 0.0065207495, 0.0067791915, 0.007023764, 0.007257279, 0.007370578, 0.007591389, 0.0078043076, 0.007907431, 0.008105942, 0.008291289, 0.008377948, 0.008537872, 0.00867934, 0.00880343, 0.008859797, 0.0089625195, 0.009052972, 0.009093969, 0.009166502, 0.009225974, 0.009271224, 0.009288163, 0.0093112, 0.009319957, 0.009319695, 0.009310836, 0.0092913965, 0.009277576, 0.0092405705, 0.009188098, 0.00911753, 0.0090748845, 0.008975018, 0.00885811, 0.008794393, 0.008659324, 0.00851807, 0.008373365, 0.008299936, 0.00814939, 0.007990448, 0.007906475, 0.0077272095, 0.0075320597, 0.0074288226, 0.007212818, 0.0069877175, 0.0067578894, 0.0066425893, 0.006411897, 0.0061812084, 0.0060649808, 0.005828257, 0.005582877, 0.00532631, 0.0051939185, 0.004921135, 0.0046388493, 0.0044944487, 0.004200473, 0.0039051014, 0.0036373923, 0.0035416973, 0.0035694728, 0.004263911, 0.0049536447, 0, 0, 0, 0, 0, 0, 0, 0, 0, 0, 0, 0, 0, 0, 0, 0, 0, 0, 0, 0, 0, 0, 0, 0, 0, 0, 0, 0, 0, 0, 0, 0, 0, 0, 0, 0, 0, 0, 0, 0, 0, 0, 0, 0, 0, 0, 0, 0, 0, 0, 0, 0, 0, 0, 0, 0, 0, 0, 0, 0, 0, 0, 0, 0, 0, 0, 0, 0, 0, 0
0, 0, 0, 0.005334455, 0.00504507, 0.004702192, 0.0048144883, 0.004953841, 0.0052788914, 0.0056051915, 0.005914472, 0.006063072, 0.006350155, 0.0066255466, 0.0067590354, 0.0070171743, 0.00726353, 0.0074981195, 0.0076110666, 0.007828472, 0.008035311, 0.00813521, 0.008328378, 0.008513311, 0.008602365, 0.008772891, 0.008931256, 0.009075666, 0.009142186, 0.0092632575, 0.009367581, 0.009413258, 0.009491161, 0.009551798, 0.009596182, 0.009612768, 0.009635592, 0.009646198, 0.00964737, 0.009642286, 0.009627376, 0.0096160695, 0.009584027, 0.009536818, 0.00947088, 0.0094304895, 0.009334472, 0.009219755, 0.0091563305, 0.009019575, 0.008872965, 0.008719348, 0.008640271, 0.008476683, 0.008303383, 0.008211969, 0.008018244, 0.0078090583, 0.0076990654, 0.0074695875, 0.0072300197, 0.006984686, 0.0068606352, 0.0066107824, 0.00635797, 0.0062297876, 0.0059676934, 0.0056958282, 0.005412921, 0.0052675223, 0.0049694804, 0.004663571, 0.00450791, 0.0041920366, 0.0038767117, 0.0035982367, 0.0035050325, 0.0035407764, 0.00392613, 0, 0, 0, 0, 0, 0, 0, 0, 0, 0, 0, 0, 0, 0, 0, 0, 0, 0, 0, 0, 0, 0, 0, 0, 0, 0, 0, 0, 0, 0, 0, 0, 0, 0, 0, 0, 0, 0, 0, 0, 0, 0, 0, 0, 0, 0, 0, 0, 0, 0, 0, 0, 0, 0, 0, 0, 0, 0, 0, 0, 0, 0, 0, 0, 0, 0, 0, 0, 0, 0, 0
0, 0, 0, 0.005945433, 0.0052798847, 0.004841317, 0.004989725, 0.005140625, 0.005474596, 0.005799245, 0.0061035673, 0.0062499037, 0.0065351925, 0.0068138107, 0.006950895, 0.00721931, 0.0074778907, 0.0077232984, 0.007840363, 0.008062462, 0.008268161, 0.008365669, 0.0085517075, 0.008729562, 0.008816241, 0.00898605, 0.009150143, 0.009305902, 0.009379647, 0.009516369, 0.009635787, 0.009688215, 0.009776827, 0.009844434, 0.009892938, 0.009911025, 0.009936246, 0.009949387, 0.009951892, 0.0099494085, 0.00993705, 0.00992695, 0.009897255, 0.00985277, 0.00979094, 0.009752939, 0.009662578, 0.0095538385, 0.009493166, 0.009360362, 0.009213976, 0.009056006, 0.008972911, 0.008798337, 0.008611415, 0.0085126, 0.00830391, 0.008080204, 0.007963064, 0.007719548, 0.00746587, 0.0072047915, 0.0070723086, 0.0068034376, 0.006529003, 0.006389144, 0.0061023175, 0.005804529, 0.005494863, 0.005336001, 0.005011013, 0.004677918, 0.004508452, 0.004163947, 0.0038190854, 0.0035177004, 0.0034263895, 0.0035811448, 0.0046394756, 0, 0, 0, 0, 0, 0, 0, 0, 0, 0, 0, 0, 0, 0, 0, 0, 0, 0, 0, 0, 0, 0, 0, 0, 0, 0, 0, 0, 0, 0, 0, 0, 0, 0, 0, 0, 0, 0, 0, 0, 0, 0, 0, 0, 0, 0, 0, 0, 0, 0, 0, 0, 0, 0, 0, 0, 0, 0, 0, 0, 0, 0, 0, 0, 0, 0, 0, 0, 0, 0, 0
0, 0, 0, 0.0050275107, 0.0047329008, 0.0046192473, 0.004895483, 0.0050848317, 0.005473411, 0.0058360486, 0.0061675496, 0.0063245334, 0.0066281096, 0.006923471, 0.007069384, 0.0073563857, 0.0076344674, 0.007898926, 0.0080246655, 0.0082607195, 0.00847531, 0.008575016, 0.0087618865, 0.008936456, 0.009020859, 0.0091858525, 0.009347354, 0.009503996, 0.009579555, 0.0097225, 0.009850733, 0.009907949, 0.010006994, 0.010084386, 0.010141521, 0.010163372, 0.010195458, 0.010214072, 0.010218863, 0.010219647, 0.010208585, 0.010198339, 0.010167621, 0.010121958, 0.0100599555, 0.010022523, 0.009935158, 0.009831559, 0.009773951, 0.009647299, 0.009505798, 0.009349505, 0.009265831, 0.009087179, 0.00889303, 0.008789922, 0.008571524, 0.008337376, 0.008214822, 0.007960156, 0.007694436, 0.007419805, 0.007279411, 0.0069929278, 0.0066982317, 0.0065473835, 0.0062372917, 0.0059147873, 0.0055794623, 0.0054071792, 0.0050546094, 0.00469286, 0.004508843, 0.004136334, 0.0037672182, 0.0034451354, 0.0033364182, 0.0033300393, 0, 0, 0, 0, 0, 0, 0, 0, 0, 0, 0, 0, 0, 0, 0, 0, 0, 0, 0, 0, 0, 0, 0, 0, 0, 0, 0, 0, 0, 0, 0, 0, 0, 0, 0, 0, 0, 0, 0, 0, 0, 0, 0, 0, 0, 0, 0, 0, 0, 0, 0, 0, 0, 0, 0, 0, 0, 0, 0, 0, 0, 0, 0, 0, 0, 0, 0, 0, 0, 0, 0, 0
0, 0, 0, 0.004079338, 0.003994442, 0.0041762968, 0.0046120547, 0.004855197, 0.005326321, 0.0057514026, 0.0061306874, 0.0063069765, 0.0066414964, 0.0069612428, 0.0071176575, 0.0074247355, 0.0077224458, 0.008006609, 0.008142073, 0.008397117, 0.008628947, 0.008736121, 0.008934701, 0.009116358, 0.009202625, 0.009368694, 0.009528355, 0.009681912, 0.009755952, 0.009896594, 0.010024612, 0.010082882, 0.010185859, 0.010269906, 0.010335283, 0.010361647, 0.010402872, 0.010429663, 0.010438019, 0.01044381, 0.010434711, 0.010424454, 0.010391747, 0.01034279, 0.010277491, 0.01023876, 0.0101504605, 0.010048315, 0.009992282, 0.009870414, 0.009734463, 0.009583302, 0.009501685, 0.0093258545, 0.009132446, 0.009029022, 0.00880884, 0.008571674, 0.00844725, 0.008187552, 0.007915119, 0.007631084, 0.0074848128, 0.00718423, 0.006872492, 0.0067122034, 0.0063819145, 0.0060375626, 0.0056785657, 0.0054937187, 0.0051139286, 0.0047221086, 0.004522736, 0.004121908, 0.0037398732, 0.0034542715, 0.0034028203, 0.0036373911, 0, 0, 0, 0, 0, 0, 0, 0, 0, 0, 0, 0, 0, 0, 0, 0, 0, 0, 0, 0, 0, 0, 0, 0, 0, 0, 0, 0, 0, 0, 0, 0, 0, 0, 0, 0, 0, 0, 0, 0, 0, 0, 0, 0, 0, 0, 0, 0, 0, 0, 0, 0, 0, 0, 0, 0, 0, 0, 0, 0, 0, 0, 0, 0, 0, 0, 0, 0, 0, 0, 0, 0
0, 0, 0, 0.0034938084, 0.0035015256, 0.0038335864, 0.004364592, 0.0046432745, 0.005174008, 0.0056500114, 0.0060723163, 0.0062669353, 0.006631344, 0.006972831, 0.007137809, 0.007458979, 0.007768749, 0.008064988, 0.008206942, 0.008476357, 0.008724123, 0.008839399, 0.009053951, 0.009249548, 0.009341477, 0.009515949, 0.009679802, 0.00983336, 0.009906051, 0.0100422185, 0.010164586, 0.01022024, 0.010319617, 0.010402999, 0.010471425, 0.010500353, 0.010548489, 0.010583308, 0.010595557, 0.01060813, 0.010603756, 0.0105948355, 0.010562801, 0.010512398, 0.010444805, 0.010404922, 0.010314712, 0.01021245, 0.0101568615, 0.010037333, 0.009905668, 0.009759671, 0.009680768, 0.009510392, 0.009322309, 0.009221343, 0.009005782, 0.008772621, 0.008649792, 0.008392228, 0.008120044, 0.007833427, 0.007684691, 0.007376602, 0.007054292, 0.0068876366, 0.006543394, 0.0061830715, 0.0058060642, 0.0056110234, 0.00520745, 0.0047863345, 0.0045697577, 0.0041308524, 0.003714063, 0.0034299924, 0.0034242554, 0.0040436382, 0, 0, 0, 0, 0, 0, 0, 0, 0, 0, 0, 0, 0, 0, 0, 0, 0, 0, 0, 0, 0, 0, 0, 0, 0, 0, 0, 0, 0, 0, 0, 0, 0, 0, 0, 0, 0, 0, 0, 0, 0, 0, 0, 0, 0, 0, 0, 0, 0, 0, 0, 0, 0, 0, 0, 0, 0, 0, 0, 0, 0, 0, 0, 0, 0, 0, 0, 0, 0, 0, 0, 0
0, 0, 0, 0.003473462, 0.0034914007, 0.003824289, 0.0043484177, 0.004624894, 0.0051582, 0.005645049, 0.0060837204, 0.0062870593, 0.0066675693, 0.0070211706, 0.007190227, 0.0075161136, 0.007827112, 0.008123238, 0.008265106, 0.00853564, 0.008787043, 0.0089053195, 0.0091276225, 0.00933223, 0.009428829, 0.009611878, 0.009782205, 0.009939181, 0.010012028, 0.010145739, 0.01026234, 0.010314182, 0.0104058115, 0.010482415, 0.010546892, 0.010575057, 0.010624155, 0.010662983, 0.010677882, 0.010696957, 0.010698999, 0.01069287, 0.01066574, 0.0106190555, 0.010553807, 0.010515093, 0.010427055, 0.010326844, 0.010272648, 0.0101560885, 0.010027733, 0.00988567, 0.0098089585, 0.00964337, 0.009460792, 0.009362947, 0.009154187, 0.0089284405, 0.008809508, 0.008559876, 0.008294732, 0.008013443, 0.007866484, 0.007559892, 0.007236442, 0.007068325, 0.0067195594, 0.0063535175, 0.0059687314, 0.0057685412, 0.0053515467, 0.0049098385, 0.004679045, 0.0042006527, 0.0037225706, 0.0033318098, 0.0032255405, 0.0032785407, 0, 0, 0, 0, 0, 0, 0, 0, 0, 0, 0, 0, 0, 0, 0, 0, 0, 0, 0, 0, 0, 0, 0, 0, 0, 0, 0, 0, 0, 0, 0, 0, 0, 0, 0, 0, 0, 0, 0, 0, 0, 0, 0, 0, 0, 0, 0, 0, 0, 0, 0, 0, 0, 0, 0, 0, 0, 0, 0, 0, 0, 0, 0, 0, 0, 0, 0, 0, 0, 0, 0, 0
0, 0, 0.0056721056, 0.004229392, 0.004030424, 0.0041778474, 0.004610108, 0.0048532463, 0.0053370264, 0.005793871, 0.0062174075, 0.0064171134, 0.006795294, 0.007148512, 0.007317023, 0.0076394556, 0.007943224, 0.008228507, 0.008364062, 0.008621178, 0.008859881, 0.008972677, 0.009186027, 0.009385104, 0.0094800955, 0.009661805, 0.009832194, 0.00998952, 0.010062221, 0.010194044, 0.010306332, 0.010355161, 0.010439286, 0.010507744, 0.010564283, 0.010589083, 0.0106333485, 0.010670033, 0.010685127, 0.010706592, 0.0107134655, 0.010710328, 0.010690023, 0.010650562, 0.010592987, 0.010558089, 0.010477472, 0.010384337, 0.010333483, 0.010222892, 0.010099464, 0.009961594, 0.009886695, 0.009724762, 0.009546438, 0.009451244, 0.009248811, 0.009031537, 0.008917466, 0.008678683, 0.008425216, 0.008155765, 0.008014467, 0.0077181933, 0.0074034203, 0.007239185, 0.0068970784, 0.0065368335, 0.0061570886, 0.0059591313, 0.0055451873, 0.0051025194, 0.0048688394, 0.0043767937, 0.0038732362, 0.0034490281, 0.0033294389, 0.0033966901, 0, 0, 0, 0, 0, 0, 0, 0, 0, 0, 0, 0, 0, 0, 0, 0, 0, 0, 0, 0, 0, 0, 0, 0, 0, 0, 0, 0, 0, 0, 0, 0, 0, 0, 0, 0, 0, 0, 0, 0, 0, 0, 0, 0, 0, 0, 0, 0, 0, 0, 0, 0, 0, 0, 0, 0, 0, 0, 0, 0, 0, 0, 0, 0, 0, 0, 0, 0, 0, 0, 0, 0
0, 0, 0.00515824, 0.004609647, 0.004512722, 0.0046668523, 0.0050373827, 0.0052468316, 0.0056694783, 0.0060780467, 0.0064666932, 0.0066537145, 0.0070134974, 0.007354862, 0.0075184996, 0.00783146, 0.008123557, 0.008393299, 0.008519519, 0.008755273, 0.008970411, 0.009071196, 0.009261679, 0.009440328, 0.009526252, 0.009692555, 0.00985111, 0.009999484, 0.010068609, 0.010194526, 0.010301752, 0.010348002, 0.010426589, 0.010488686, 0.010537939, 0.010558879, 0.010595287, 0.010625422, 0.010637851, 0.0106560625, 0.0106626, 0.010660485, 0.010644091, 0.010610975, 0.01056157, 0.0105312625, 0.010460363, 0.01037698, 0.010330682, 0.010228816, 0.010112898, 0.009981343, 0.009909242, 0.009752226, 0.009578681, 0.0094861975, 0.00929035, 0.009081642, 0.008972713, 0.008745669, 0.008505864, 0.008251327, 0.008117851, 0.0078374455, 0.0075381226, 0.0073814415, 0.0070539997, 0.006708471, 0.0063443375, 0.006154796, 0.0057586683, 0.00533555, 0.005112342, 0.004643158, 0.0041674986, 0.0037878088, 0.003702758, 0.0038528866, 0, 0, 0, 0, 0, 0, 0, 0, 0, 0, 0, 0, 0, 0, 0, 0, 0, 0, 0, 0, 0, 0, 0, 0, 0, 0, 0, 0, 0, 0, 0, 0, 0, 0, 0, 0, 0, 0, 0, 0, 0, 0, 0, 0, 0, 0, 0, 0, 0, 0, 0, 0, 0, 0, 0, 0, 0, 0, 0, 0, 0, 0, 0, 0, 0, 0, 0, 0, 0, 0, 0, 0
0, 0, 0.0061750202, 0.005074378, 0.0049599707, 0.0051238365, 0.005482202, 0.0056776167, 0.006064198, 0.0064336676, 0.006786019, 0.0069568204, 0.007288741, 0.0076081622, 0.0077628037, 0.008059966, 0.0083375545, 0.0085914945, 0.008708792, 0.0089239925, 0.009115277, 0.009203278, 0.009367179, 0.009519507, 0.009592664, 0.009734875, 0.00987179, 0.010001895, 0.010063301, 0.010176525, 0.010274396, 0.010317054, 0.010389794, 0.01044685, 0.010490748, 0.010508696, 0.010538133, 0.0105603505, 0.010568773, 0.0105794575, 0.010580112, 0.0105758915, 0.010557275, 0.0105246715, 0.010478471, 0.010450518, 0.010385811, 0.010309752, 0.010267447, 0.010173804, 0.010066525, 0.00994364, 0.00987584, 0.009727175, 0.009561666, 0.009473147, 0.009285809, 0.009086449, 0.008982702, 0.008767089, 0.008540149, 0.008300212, 0.008174558, 0.007910221, 0.0076276823, 0.007479224, 0.0071686013, 0.0068403184, 0.006494449, 0.0063148937, 0.005940915, 0.005544529, 0.0053373687, 0.0049097897, 0.0044981837, 0.004224289, 0.0042121075, 0.00450595, 0, 0, 0, 0, 0, 0, 0, 0, 0, 0, 0, 0, 0, 0, 0, 0, 0, 0, 0, 0, 0, 0, 0, 0, 0, 0, 0, 0, 0, 0, 0, 0, 0, 0, 0, 0, 0, 0, 0, 0, 0, 0, 0, 0, 0, 0, 0, 0, 0, 0, 0, 0, 0, 0, 0, 0, 0, 0, 0, 0, 0, 0, 0, 0, 0, 0, 0, 0, 0, 0, 0, 0
0, 0, 0.005498944, 0.005065436, 0.005097263, 0.005416404, 0.005840376, 0.0060501415, 0.006442479, 0.0067981137, 0.0071257763, 0.0072820666, 0.007583976, 0.007874855, 0.008016536, 0.008290453, 0.0085486965, 0.0087859295, 0.00889536, 0.009094623, 0.00926873, 0.009347503, 0.009491636, 0.009622519, 0.009684501, 0.009803772, 0.009917776, 0.010026154, 0.010077599, 0.010173009, 0.010256435, 0.0102930665, 0.010356369, 0.010406541, 0.010444867, 0.010460204, 0.010484108, 0.010499692, 0.010504449, 0.010507017, 0.0104992455, 0.010490852, 0.010464806, 0.010426234, 0.010376192, 0.010347048, 0.010281579, 0.01020677, 0.010165909, 0.010076583, 0.009975896, 0.00986162, 0.009798644, 0.00966019, 0.009505429, 0.009422146, 0.009245324, 0.009056127, 0.008957278, 0.008751689, 0.008535152, 0.00830643, 0.008186695, 0.007935154, 0.0076657655, 0.007523999, 0.007226734, 0.00691155, 0.0065789977, 0.0064059473, 0.006045452, 0.0056636757, 0.005465168, 0.005063004, 0.004709562, 0.0045881597, 0.004718825, 0.005390444, 0, 0, 0, 0, 0, 0, 0, 0, 0, 0, 0, 0, 0, 0, 0, 0, 0, 0, 0, 0, 0, 0, 0, 0, 0, 0, 0, 0, 0, 0, 0, 0, 0, 0, 0, 0, 0, 0, 0, 0, 0, 0, 0, 0, 0, 0, 0, 0, 0, 0, 0, 0, 0, 0, 0, 0, 0, 0, 0, 0, 0, 0, 0, 0, 0, 0, 0, 0, 0, 0, 0, 0
0, 0, 0.004890378, 0.0049114735, 0.0050931014, 0.0055946647, 0.0061114295, 0.0063484, 0.006770567, 0.0071321703, 0.0074496474, 0.0075964103, 0.007873468, 0.008135309, 0.008261929, 0.008507359, 0.008740518, 0.008957288, 0.009058311, 0.009243653, 0.009406546, 0.009480144, 0.0096140215, 0.009733414, 0.009788809, 0.009893057, 0.009989948, 0.010079967, 0.010122018, 0.01019907, 0.0102653615, 0.010294192, 0.010343599, 0.010382827, 0.010412851, 0.010424822, 0.010442892, 0.010452946, 0.010454804, 0.010451158, 0.010436073, 0.010423861, 0.010389728, 0.010343013, 0.010285232, 0.01025269, 0.010181198, 0.010101966, 0.010059618, 0.009969203, 0.009870131, 0.00976029, 0.009700443, 0.009569918, 0.00942425, 0.009345742, 0.00917832, 0.008997977, 0.008903194, 0.008705073, 0.008495065, 0.008272742, 0.008156423, 0.007912162, 0.007650446, 0.007512581, 0.0072225207, 0.0069136973, 0.006585996, 0.006414482, 0.0060540936, 0.0056667137, 0.005462477, 0.0050433455, 0.004677043, 0.0046185697, 0.004890681, 0.006554905, 0, 0, 0, 0, 0, 0, 0, 0, 0, 0, 0, 0, 0, 0, 0, 0, 0, 0, 0, 0, 0, 0, 0, 0, 0, 0, 0, 0, 0, 0, 0, 0, 0, 0, 0, 0, 0, 0, 0, 0, 0, 0, 0, 0, 0, 0, 0, 0, 0, 0, 0, 0, 0, 0, 0, 0, 0, 0, 0, 0, 0, 0, 0, 0, 0, 0, 0, 0, 0, 0, 0, 0
0, 0, 0.0049358425, 0.005039578, 0.0052530956, 0.0058019003, 0.0063512484, 0.0066005187, 0.007040363, 0.007410415, 0.0077267997, 0.007869725, 0.008132803, 0.008373872, 0.008488293, 0.008707663, 0.0089148255, 0.009108834, 0.009200127, 0.009370105, 0.009522739, 0.009592741, 0.009721283, 0.009836142, 0.009888987, 0.00998637, 0.010073777, 0.010151608, 0.010186803, 0.010248893, 0.010299476, 0.010320557, 0.010355032, 0.010380929, 0.010400007, 0.010407197, 0.010417141, 0.01042067, 0.010419626, 0.0104108155, 0.010390999, 0.010376416, 0.010337247, 0.01028494, 0.010220917, 0.010185077, 0.010106757, 0.010020871, 0.009975293, 0.009879235, 0.009776039, 0.009664196, 0.009604263, 0.009475091, 0.009332383, 0.009255866, 0.009092707, 0.008916475, 0.0088235615, 0.0086282035, 0.008420306, 0.008199578, 0.0080840895, 0.00784164, 0.0075822813, 0.0074456343, 0.007157419, 0.0068490715, 0.0065196077, 0.0063462327, 0.0059787673, 0.005578003, 0.005363306, 0.0049099564, 0.004470956, 0.004209496, 0.004223883, 0, 0, 0, 0, 0, 0, 0, 0, 0, 0, 0, 0, 0, 0, 0, 0, 0, 0, 0, 0, 0, 0, 0, 0, 0, 0, 0, 0, 0, 0, 0, 0, 0, 0, 0, 0, 0, 0, 0, 0, 0, 0, 0, 0, 0, 0, 0, 0, 0, 0, 0, 0, 0, 0, 0, 0, 0, 0, 0, 0, 0, 0, 0, 0, 0, 0, 0, 0, 0, 0, 0, 0, 0
0, 0.007908404, 0.0058541764, 0.0054722712, 0.00559368, 0.006049225, 0.006557958, 0.0067973817, 0.0072292825, 0.0076000057, 0.00791961, 0.008063601, 0.008326464, 0.00856212, 0.008671854, 0.008878142, 0.009069085, 0.009245844, 0.009328923, 0.009484358, 0.009626127, 0.009692178, 0.009815365, 0.009926988, 0.009978569, 0.0100731235, 0.010156562, 0.010228339, 0.010259748, 0.010312862, 0.010353142, 0.010368751, 0.010391941, 0.010406419, 0.010414238, 0.010416133, 0.010415852, 0.010410263, 0.010405199, 0.010389723, 0.010365297, 0.010348892, 0.010306687, 0.010251632, 0.010184197, 0.010146395, 0.01006316, 0.009970949, 0.009921786, 0.009817869, 0.009706316, 0.00958657, 0.009523163, 0.009387889, 0.009240452, 0.009162031, 0.00899558, 0.008816532, 0.008722365, 0.008524366, 0.008313852, 0.008090446, 0.00797361, 0.0077289245, 0.0074675838, 0.0073300167, 0.0070397523, 0.006728247, 0.0063940114, 0.006217602, 0.0058436026, 0.0054375017, 0.005221845, 0.004774512, 0.0043616057, 0.00415824, 0.004215108, 0, 0, 0, 0, 0, 0, 0, 0, 0, 0, 0, 0, 0, 0, 0, 0, 0, 0, 0, 0, 0, 0, 0, 0, 0, 0, 0, 0, 0, 0, 0, 0, 0, 0, 0, 0, 0, 0, 0, 0, 0, 0, 0, 0, 0, 0, 0, 0, 0, 0, 0, 0, 0, 0, 0, 0, 0, 0, 0, 0, 0, 0, 0, 0, 0, 0, 0, 0, 0, 0, 0, 0, 0
0, 0.0065973178, 0.0057690083, 0.0056205993, 0.0057519046, 0.0061776317, 0.0066504558, 0.0068768887, 0.0072944597, 0.0076638847, 0.0079906965, 0.008140234, 0.008415326, 0.008662343, 0.008776731, 0.008989149, 0.009181838, 0.009356493, 0.009437375, 0.009587416, 0.009723219, 0.009786476, 0.009905073, 0.010013513, 0.0100639695, 0.010157166, 0.010239744, 0.010310664, 0.010341484, 0.010392997, 0.010430819, 0.010444758, 0.010463612, 0.010472049, 0.010472104, 0.010469358, 0.010458949, 0.010442465, 0.010432101, 0.010406698, 0.01037393, 0.01035412, 0.01030647, 0.010247026, 0.010175763, 0.010135845, 0.010047901, 0.009949603, 0.009896792, 0.009783975, 0.009662126, 0.009531071, 0.009461891, 0.009315246, 0.009157041, 0.009073379, 0.00889708, 0.008709047, 0.008610646, 0.00840501, 0.008187581, 0.007957686, 0.00783794, 0.007587794, 0.007321538, 0.007181637, 0.0068867714, 0.006570023, 0.006229443, 0.0060495953, 0.0056692325, 0.0052615507, 0.0050500166, 0.0046348665, 0.004326156, 0.004384392, 0.004645763, 0, 0, 0, 0, 0, 0, 0, 0, 0, 0, 0, 0, 0, 0, 0, 0, 0, 0, 0, 0, 0, 0, 0, 0, 0, 0, 0, 0, 0, 0, 0, 0, 0, 0, 0, 0, 0, 0, 0, 0, 0, 0, 0, 0, 0, 0, 0, 0, 0, 0, 0, 0, 0, 0, 0, 0, 0, 0, 0, 0, 0, 0, 0, 0, 0, 0, 0, 0, 0, 0, 0, 0, 0
0, 0.005676302, 0.0053007477, 0.0054270686, 0.005619737, 0.0060920613, 0.0065706014, 0.006795999, 0.0072131814, 0.0075887144, 0.007928515, 0.008086709, 0.00838213, 0.008651954, 0.008777863, 0.009012658, 0.009225497, 0.009416827, 0.009504603, 0.009665379, 0.009808264, 0.009873965, 0.009995444, 0.010105464, 0.010156683, 0.0102515435, 0.010336655, 0.010411422, 0.010444425, 0.010500939, 0.010543764, 0.010559845, 0.01058151, 0.010590325, 0.010587909, 0.010582581, 0.010564832, 0.010538499, 0.0105224075, 0.010484816, 0.010439698, 0.010414013, 0.010355125, 0.010285645, 0.010205333, 0.0101612, 0.010064755, 0.009957563, 0.009899974, 0.009776754, 0.009643116, 0.009499128, 0.009423132, 0.0092626335, 0.009090535, 0.009000003, 0.008810251, 0.008609291, 0.008504802, 0.008287743, 0.0080599245, 0.007820743, 0.0076965895, 0.0074382974, 0.0071648075, 0.007021495, 0.006720487, 0.006397906, 0.006051055, 0.0058676405, 0.0054789647, 0.0050611654, 0.0048446325, 0.0044259974, 0.0041532274, 0.004428864, 0.00501998, 0, 0, 0, 0, 0, 0, 0, 0, 0, 0, 0, 0, 0, 0, 0, 0, 0, 0, 0, 0, 0, 0, 0, 0, 0, 0, 0, 0, 0, 0, 0, 0, 0, 0, 0, 0, 0, 0, 0, 0, 0, 0, 0, 0, 0, 0, 0, 0, 0, 0, 0, 0, 0, 0, 0, 0, 0, 0, 0, 0, 0, 0, 0, 0, 0, 0, 0, 0, 0, 0, 0, 0, 0
0, 0.0050714933, 0.0048408867, 0.0050919554, 0.005324375, 0.0058447034, 0.0063482397, 0.006582266, 0.0070143086, 0.007405345, 0.0077633886, 0.007931919, 0.008250446, 0.008546381, 0.00868634, 0.008950523, 0.009193677, 0.009415107, 0.009517414, 0.009705026, 0.00987118, 0.009946822, 0.0100847855, 0.010207326, 0.010263487, 0.010367006, 0.010459838, 0.010542403, 0.010579604, 0.010644965, 0.010696693, 0.010716963, 0.0107459035, 0.0107596805, 0.010758981, 0.010753374, 0.010732528, 0.010699629, 0.010679074, 0.010630399, 0.010571815, 0.010538831, 0.010464868, 0.010380185, 0.010284922, 0.010233359, 0.010122652, 0.010001598, 0.009937194, 0.009800214, 0.009652515, 0.009493949, 0.0094105555, 0.009235064, 0.009047813, 0.008949742, 0.0087451, 0.0085295895, 0.008418001, 0.008187562, 0.007947011, 0.007695929, 0.007566188, 0.0072972304, 0.007014401, 0.0068671843, 0.006559683, 0.006232604, 0.00588277, 0.0056979083, 0.0053047687, 0.004876335, 0.004649503, 0.0041899937, 0.0038101105, 0.0037200511, 0.003809902, 0, 0, 0, 0, 0, 0, 0, 0, 0, 0, 0, 0, 0, 0, 0, 0, 0, 0, 0, 0, 0, 0, 0, 0, 0, 0, 0, 0, 0, 0, 0, 0, 0, 0, 0, 0, 0, 0, 0, 0, 0, 0, 0, 0, 0, 0, 0, 0, 0, 0, 0, 0, 0, 0, 0, 0, 0, 0, 0, 0, 0, 0, 0, 0, 0, 0, 0, 0, 0, 0, 0, 0, 0
0, 0.0046717646, 0.0044834125, 0.004762922, 0.0050049736, 0.0055431523, 0.0060657556, 0.006309861, 0.006762874, 0.007175252, 0.007555059, 0.007734758, 0.008076618, 0.00839747, 0.008550687, 0.008843361, 0.009117521, 0.0093723005, 0.009491899, 0.0097144125, 0.009914145, 0.010005595, 0.010172217, 0.010318631, 0.010384971, 0.010505538, 0.0106117325, 0.010705178, 0.010747248, 0.01082154, 0.0108816475, 0.010905839, 0.010941927, 0.010961142, 0.010963722, 0.010958945, 0.010937832, 0.01090208, 0.010878966, 0.010822761, 0.010753571, 0.010714222, 0.010625863, 0.010525196, 0.01041265, 0.010352149, 0.010223242, 0.010083997, 0.010010655, 0.009856286, 0.0096916715, 0.009516583, 0.009424919, 0.009233175, 0.009029958, 0.008924025, 0.00870377, 0.008472966, 0.008353816, 0.008108302, 0.007853138, 0.0075880615, 0.007451591, 0.0071701542, 0.0068766815, 0.0067251385, 0.0064116092, 0.006082583, 0.005735375, 0.0055536167, 0.0051694685, 0.004752194, 0.0045307064, 0.004078155, 0.0036967765, 0.0036018156, 0.0037029607, 0, 0, 0, 0, 0, 0, 0, 0, 0, 0, 0, 0, 0, 0, 0, 0, 0, 0, 0, 0, 0, 0, 0, 0, 0, 0, 0, 0, 0, 0, 0, 0, 0, 0, 0, 0, 0, 0, 0, 0, 0, 0, 0, 0, 0, 0, 0, 0, 0, 0, 0, 0, 0, 0, 0, 0, 0, 0, 0, 0, 0, 0, 0, 0, 0, 0, 0, 0, 0, 0, 0, 0, 0
0, 0.004402379, 0.00422457, 0.0044950587, 0.0047311573, 0.0052642603, 0.0057943393, 0.006046171, 0.0065200147, 0.0069569102, 0.007362344, 0.0075548342, 0.007921862, 0.008267629, 0.008433373, 0.008751709, 0.009052885, 0.009336746, 0.009471716, 0.009726663, 0.0099598, 0.010067789, 0.010266062, 0.010440895, 0.01051989, 0.010662378, 0.010785522, 0.010891248, 0.01093797, 0.011019492, 0.011084834, 0.011111167, 0.011150637, 0.011172183, 0.011175895, 0.011171361, 0.011149782, 0.011112256, 0.011087648, 0.011026904, 0.010951028, 0.010907439, 0.010808892, 0.010695645, 0.010568211, 0.010499399, 0.010352529, 0.010194286, 0.0101112295, 0.009937684, 0.009754302, 0.009560866, 0.009460216, 0.009250783, 0.0090304855, 0.008916207, 0.008679601, 0.008432524, 0.008305264, 0.008043544, 0.0077724895, 0.007492025, 0.0073482073, 0.007053351, 0.006748631, 0.006592608, 0.006272983, 0.0059429733, 0.0056012184, 0.0054251254, 0.005060135, 0.004675878, 0.004478199, 0.0040959637, 0.0038302427, 0.0038979433, 0.0040653124, 0, 0, 0, 0, 0, 0, 0, 0, 0, 0, 0, 0, 0, 0, 0, 0, 0, 0, 0, 0, 0, 0, 0, 0, 0, 0, 0, 0, 0, 0, 0, 0, 0, 0, 0, 0, 0, 0, 0, 0, 0, 0, 0, 0, 0, 0, 0, 0, 0, 0, 0, 0, 0, 0, 0, 0, 0, 0, 0, 0, 0, 0, 0, 0, 0, 0, 0, 0, 0, 0, 0, 0, 0
0, 0.0042140633, 0.0040379204, 0.0042915284, 0.0045180055, 0.0050388495, 0.005570618, 0.005828516, 0.006322387, 0.0067863804, 0.0072220527, 0.0074299327, 0.007827198, 0.008201784, 0.008381076, 0.008725003, 0.009050174, 0.009357025, 0.009503578, 0.009782052, 0.01003953, 0.010159744, 0.010382252, 0.010580477, 0.010670452, 0.010832589, 0.010971751, 0.011089156, 0.011140091, 0.011227104, 0.01129474, 0.011321417, 0.011360304, 0.011379956, 0.011380866, 0.011374679, 0.011349455, 0.01130794, 0.011281228, 0.011215753, 0.011134524, 0.011087873, 0.010982237, 0.010860209, 0.010721804, 0.010646744, 0.010485402, 0.010310937, 0.010219216, 0.010027694, 0.009825926, 0.0096139, 0.009504008, 0.009276375, 0.0090382835, 0.008915349, 0.0086616995, 0.00839788, 0.008262337, 0.007984274, 0.0076972684, 0.007401715, 0.0072507868, 0.0069427947, 0.0066267885, 0.0064659254, 0.0061388672, 0.0058049653, 0.00546379, 0.0052903052, 0.0049371556, 0.004578748, 0.0044033583, 0.004100569, 0.00400631, 0.004400291, 0.00473825, 0, 0, 0, 0, 0, 0, 0, 0, 0, 0, 0, 0, 0, 0, 0, 0, 0, 0, 0, 0, 0, 0, 0, 0, 0, 0, 0, 0, 0, 0, 0, 0, 0, 0, 0, 0, 0, 0, 0, 0, 0, 0, 0, 0, 0, 0, 0, 0, 0, 0, 0, 0, 0, 0, 0, 0, 0, 0, 0, 0, 0, 0, 0, 0, 0, 0, 0, 0, 0, 0, 0, 0, 0
0, 0.0040756366, 0.0039009338, 0.0041452376, 0.0043665553, 0.0048819557, 0.0054181134, 0.005682204, 0.006195726, 0.006687235, 0.0071549914, 0.007379842, 0.007811204, 0.008218137, 0.008412459, 0.008783162, 0.009130734, 0.009455951, 0.009610345, 0.009902903, 0.010172964, 0.010299297, 0.010533907, 0.01074416, 0.010840154, 0.011013859, 0.011163361, 0.011288919, 0.011342856, 0.011433636, 0.0115023535, 0.01152858, 0.011565107, 0.011580582, 0.0115757715, 0.011566193, 0.011533479, 0.011483993, 0.011453129, 0.011379516, 0.01128998, 0.011239359, 0.011125902, 0.0109958155, 0.0108488025, 0.010768972, 0.0105970735, 0.010410252, 0.010311737, 0.010105565, 0.009887855, 0.0096592, 0.009540903, 0.009296547, 0.009041877, 0.00891087, 0.008641427, 0.008362285, 0.008219313, 0.00792674, 0.0076258886, 0.0073173475, 0.007160193, 0.00684063, 0.006514003, 0.006348063, 0.0060114106, 0.00566832, 0.0053179585, 0.005139771, 0.004776853, 0.0044094333, 0.004230941, 0.003934288, 0.0039179055, 0.0047522234, 0.0056901313, 0, 0, 0, 0, 0, 0, 0, 0, 0, 0, 0, 0, 0, 0, 0, 0, 0, 0, 0, 0, 0, 0, 0, 0, 0, 0, 0, 0, 0, 0, 0, 0, 0, 0, 0, 0, 0, 0, 0, 0, 0, 0, 0, 0, 0, 0, 0, 0, 0, 0, 0, 0, 0, 0, 0, 0, 0, 0, 0, 0, 0, 0, 0, 0, 0, 0, 0, 0, 0, 0, 0, 0, 0
0, 0.0039776186, 0.0038121415, 0.004069714, 0.0042977803, 0.0048263236, 0.005376032, 0.00564773, 0.0061791055, 0.0066927653, 0.00718679, 0.0074257557, 0.007886134, 0.008321117, 0.008528437, 0.00892199, 0.009287366, 0.009625322, 0.009784316, 0.010083032, 0.010356491, 0.010483855, 0.010719828, 0.010930984, 0.01102745, 0.011202432, 0.011353392, 0.011480414, 0.011534953, 0.011626414, 0.01169479, 0.011720316, 0.011754307, 0.011765619, 0.011754451, 0.0117409155, 0.011698809, 0.0116380835, 0.011601111, 0.01151484, 0.0114126485, 0.011355856, 0.011230987, 0.011090689, 0.010934524, 0.010850374, 0.010669851, 0.010473685, 0.0103700515, 0.010152697, 0.009922782, 0.0096813515, 0.009556557, 0.0092993025, 0.009032469, 0.008895418, 0.008614428, 0.008324365, 0.008175992, 0.007872974, 0.0075621726, 0.00724407, 0.0070823603, 0.006753833, 0.006418204, 0.0062476904, 0.0059009646, 0.0055456175, 0.0051795603, 0.0049915756, 0.0046037887, 0.0042002043, 0.003996669, 0.0036201421, 0.0034043523, 0.003508056, 0, 0, 0, 0, 0, 0, 0, 0, 0, 0, 0, 0, 0, 0, 0, 0, 0, 0, 0, 0, 0, 0, 0, 0, 0, 0, 0, 0, 0, 0, 0, 0, 0, 0, 0, 0, 0, 0, 0, 0, 0, 0, 0, 0, 0, 0, 0, 0, 0, 0, 0, 0, 0, 0, 0, 0, 0, 0, 0, 0, 0, 0, 0, 0, 0, 0, 0, 0, 0, 0, 0, 0, 0, 0
0, 0.0039475067, 0.0038113277, 0.004116605, 0.0043665823, 0.0049293083, 0.00550107, 0.005780586, 0.0063239248, 0.006847654, 0.0073522017, 0.007596726, 0.008068626, 0.008514818, 0.008727266, 0.00912952, 0.009500731, 0.009841292, 0.010000461, 0.010297559, 0.01056735, 0.010692235, 0.010922306, 0.011126502, 0.011219149, 0.011386119, 0.011529305, 0.011649279, 0.011700694, 0.01178678, 0.011850525, 0.0118740145, 0.011904183, 0.011911008, 0.011894082, 0.01187683, 0.011825551, 0.011753116, 0.011709645, 0.011609111, 0.0114923, 0.011428262, 0.011289709, 0.011137486, 0.010971231, 0.0108826, 0.0106939515, 0.010490039, 0.010382517, 0.010157094, 0.009918804, 0.009669224, 0.009540626, 0.009276429, 0.009003504, 0.0088636875, 0.008577527, 0.008282372, 0.008131517, 0.007823476, 0.007507467, 0.007184082, 0.0070198155, 0.0066859494, 0.006344768, 0.0061713452, 0.0058177374, 0.0054531456, 0.005074138, 0.0048780334, 0.0044695716, 0.004039065, 0.0038193266, 0.0034039388, 0.0031398844, 0.0032138233, 0, 0, 0, 0, 0, 0, 0, 0, 0, 0, 0, 0, 0, 0, 0, 0, 0, 0, 0, 0, 0, 0, 0, 0, 0, 0, 0, 0, 0, 0, 0, 0, 0, 0, 0, 0, 0, 0, 0, 0, 0, 0, 0, 0, 0, 0, 0, 0, 0, 0, 0, 0, 0, 0, 0, 0, 0, 0, 0, 0, 0, 0, 0, 0, 0, 0, 0, 0, 0, 0, 0, 0, 0, 0
0, 0.0040911785, 0.004007584, 0.004374616, 0.0046485546, 0.005244012, 0.005831988, 0.00611484, 0.006657892, 0.007174701, 0.0076684183, 0.007906678, 0.008365002, 0.008797218, 0.009002807, 0.009391741, 0.009750296, 0.01007864, 0.010231861, 0.010517197, 0.010775374, 0.010894358, 0.011112358, 0.011303659, 0.0113894185, 0.011541706, 0.011669434, 0.011774071, 0.011818146, 0.011890654, 0.011942737, 0.011961277, 0.0119827995, 0.011982355, 0.011958735, 0.011937994, 0.011878798, 0.011797025, 0.011748301, 0.011636644, 0.01150818, 0.011438365, 0.01128883, 0.011126653, 0.010951854, 0.010859378, 0.0106638875, 0.01045395, 0.010343669, 0.010113128, 0.009870443, 0.00961743, 0.009487678, 0.009222213, 0.008949069, 0.008809613, 0.008524368, 0.00823005, 0.008079434, 0.007771628, 0.0074553676, 0.0071313935, 0.0069667427, 0.006632211, 0.006290912, 0.006117361, 0.005763309, 0.0053974357, 0.005015687, 0.004817544, 0.0044046897, 0.003971339, 0.0037522581, 0.0033468893, 0.0031116486, 0.003222862, 0, 0, 0, 0, 0, 0, 0, 0, 0, 0, 0, 0, 0, 0, 0, 0, 0, 0, 0, 0, 0, 0, 0, 0, 0, 0, 0, 0, 0, 0, 0, 0, 0, 0, 0, 0, 0, 0, 0, 0, 0, 0, 0, 0, 0, 0, 0, 0, 0, 0, 0, 0, 0, 0, 0, 0, 0, 0, 0, 0, 0, 0, 0, 0, 0, 0, 0, 0, 0, 0, 0, 0, 0, 0
0, 0.0047195493, 0.004589245, 0.004916, 0.005179691, 0.005763077, 0.006340735, 0.0066170422, 0.007142915, 0.007636038, 0.008100051, 0.008321696, 0.008744517, 0.009140137, 0.00932775, 0.00968249, 0.010009977, 0.010310562, 0.010450936, 0.010712727, 0.01094948, 0.011058472, 0.011257237, 0.011429753, 0.011505974, 0.011638567, 0.011745811, 0.011829523, 0.011863258, 0.011915561, 0.011949192, 0.011959206, 0.011965699, 0.011953123, 0.011919872, 0.011895106, 0.011828872, 0.011740964, 0.0116892755, 0.011572118, 0.011438559, 0.011366348, 0.011212368, 0.011046108, 0.01086742, 0.010773242, 0.0105746, 0.010362107, 0.010250746, 0.01001872, 0.009775658, 0.009523579, 0.009394784, 0.009132362, 0.008863548, 0.008726514, 0.008446575, 0.00815768, 0.00800971, 0.007706549, 0.0073944353, 0.0070744595, 0.0069118543, 0.0065819947, 0.006246169, 0.0060757305, 0.0057285912, 0.005370225, 0.0049966513, 0.0048029153, 0.0044001644, 0.0039800727, 0.0037695414, 0.003386537, 0.003179366, 0.0033116487, 0, 0, 0, 0, 0, 0, 0, 0, 0, 0, 0, 0, 0, 0, 0, 0, 0, 0, 0, 0, 0, 0, 0, 0, 0, 0, 0, 0, 0, 0, 0, 0, 0, 0, 0, 0, 0, 0, 0, 0, 0, 0, 0, 0, 0, 0, 0, 0, 0, 0, 0, 0, 0, 0, 0, 0, 0, 0, 0, 0, 0, 0, 0, 0, 0, 0, 0, 0, 0, 0, 0, 0, 0, 0
0.008102664, 0.0067349607, 0.005557432, 0.0056249537, 0.005837099, 0.0063653244, 0.006910088, 0.007172033, 0.007668024, 0.008127174, 0.0085518835, 0.008752073, 0.009129507, 0.00947833, 0.009642738, 0.009952409, 0.010237923, 0.010500113, 0.01062262, 0.010851118, 0.011057512, 0.011152349, 0.011324717, 0.011472609, 0.011537139, 0.011647033, 0.011732083, 0.011793805, 0.011816621, 0.011847449, 0.011860305, 0.011860483, 0.011848805, 0.011820759, 0.011775423, 0.011745806, 0.011672629, 0.011580652, 0.011527899, 0.011409921, 0.01127704, 0.011205667, 0.011053541, 0.01088939, 0.010712746, 0.010619469, 0.010422867, 0.010212688, 0.010102691, 0.009873699, 0.009634519, 0.009387314, 0.009261394, 0.009005369, 0.008743904, 0.008610867, 0.008339311, 0.008059136, 0.00791547, 0.0076208008, 0.0073169083, 0.007005064, 0.0068467143, 0.0065259435, 0.006200266, 0.0060354676, 0.0057006464, 0.0053560394, 0.0049976003, 0.0048118974, 0.0044260114, 0.0040234355, 0.0038216438, 0.0034552854, 0.0032618304, 0.0034027086, 0, 0, 0, 0, 0, 0, 0, 0, 0, 0, 0, 0, 0, 0, 0, 0, 0, 0, 0, 0, 0, 0, 0, 0, 0, 0, 0, 0, 0, 0, 0, 0, 0, 0, 0, 0, 0, 0, 0, 0, 0, 0, 0, 0, 0, 0, 0, 0, 0, 0, 0, 0, 0, 0, 0, 0, 0, 0, 0, 0, 0, 0, 0, 0, 0, 0, 0, 0, 0, 0, 0, 0, 0, 0
0.00692529, 0.0064447047, 0.005914637, 0.006102371, 0.0063267993, 0.0068516787, 0.007377656, 0.0076270634, 0.008093261, 0.008517472, 0.008903324, 0.009083029, 0.009418221, 0.009723878, 0.009866524, 0.010133271, 0.0103769265, 0.010598873, 0.01070201, 0.010893348, 0.011064987, 0.011143438, 0.011285139, 0.0114056785, 0.011457772, 0.011545146, 0.011610258, 0.0116540175, 0.011668288, 0.01168269, 0.011679641, 0.011672082, 0.011645549, 0.011604004, 0.011547546, 0.011513587, 0.011434091, 0.011339125, 0.011286061, 0.011169412, 0.011039771, 0.010970551, 0.010823321, 0.0106647415, 0.010494023, 0.010403855, 0.010213761, 0.010010514, 0.009904275, 0.009683224, 0.009452549, 0.009214315, 0.009092933, 0.008846316, 0.008594708, 0.008466827, 0.008205908, 0.007936885, 0.007798917, 0.007515767, 0.0072235344, 0.00692339, 0.0067710006, 0.0064624394, 0.0061495486, 0.0059914025, 0.0056707044, 0.0053414204, 0.0049994295, 0.0048221718, 0.004452989, 0.0040656603, 0.0038703594, 0.0035137492, 0.003325687, 0.0034701992, 0, 0, 0, 0, 0, 0, 0, 0, 0, 0, 0, 0, 0, 0, 0, 0, 0, 0, 0, 0, 0, 0, 0, 0, 0, 0, 0, 0, 0, 0, 0, 0, 0, 0, 0, 0, 0, 0, 0, 0, 0, 0, 0, 0, 0, 0, 0, 0, 0, 0, 0, 0, 0, 0, 0, 0, 0, 0, 0, 0, 0, 0, 0, 0, 0, 0, 0, 0, 0, 0, 0, 0, 0, 0
0.0061794696, 0.0059351735, 0.005842669, 0.006245965, 0.006523746, 0.0070970887, 0.0076282006, 0.007871049, 0.008314011, 0.008707658, 0.009060304, 0.009223224, 0.00952522, 0.009798176, 0.009924577, 0.01015867, 0.010369019, 0.010557237, 0.01064352, 0.01080145, 0.010940819, 0.011003872, 0.011116847, 0.011212425, 0.011253585, 0.01132262, 0.011373803, 0.011407167, 0.011417217, 0.011424421, 0.011414942, 0.011404228, 0.011371368, 0.011323694, 0.011261798, 0.011225679, 0.0111432215, 0.011047544, 0.010994945, 0.010880725, 0.010754977, 0.010688, 0.010546209, 0.010393878, 0.010230521, 0.010144531, 0.009963668, 0.009770942, 0.00967036, 0.009461395, 0.00924326, 0.009017578, 0.008902331, 0.0086678, 0.008428027, 0.008305967, 0.008056967, 0.007800334, 0.0076688807, 0.007399194, 0.0071208687, 0.0068347524, 0.006689279, 0.006394159, 0.006094201, 0.0059423638, 0.005634188, 0.0053175576, 0.0049886885, 0.0048180474, 0.004461598, 0.004085424, 0.003894649, 0.0035444295, 0.0033594742, 0.0035061073, 0, 0, 0, 0, 0, 0, 0, 0, 0, 0, 0, 0, 0, 0, 0, 0, 0, 0, 0, 0, 0, 0, 0, 0, 0, 0, 0, 0, 0, 0, 0, 0, 0, 0, 0, 0, 0, 0, 0, 0, 0, 0, 0, 0, 0, 0, 0, 0, 0, 0, 0, 0, 0, 0, 0, 0, 0, 0, 0, 0, 0, 0, 0, 0, 0, 0, 0, 0, 0, 0, 0, 0, 0, 0
0.0056680436, 0.0054890793, 0.005547526, 0.006040541, 0.006338802, 0.0069177058, 0.0074233687, 0.0076464918, 0.00804217, 0.008384187, 0.008685769, 0.008824431, 0.009081511, 0.009314544, 0.009422644, 0.009622344, 0.00980034, 0.009957034, 0.0100276545, 0.010154278, 0.010262889, 0.010311067, 0.010396622, 0.010469601, 0.010501873, 0.010558575, 0.010604708, 0.010639163, 0.0106517235, 0.01066663, 0.010667443, 0.010662466, 0.010641589, 0.01060652, 0.010557712, 0.010528474, 0.010460739, 0.010381186, 0.010337026, 0.010239865, 0.010131055, 0.0100723235, 0.00994663, 0.009810779, 0.009665564, 0.009589666, 0.009431591, 0.009265554, 0.009179497, 0.009001388, 0.008814932, 0.008619838, 0.008519075, 0.008311188, 0.008095225, 0.007984336, 0.0077569475, 0.0075223995, 0.007402542, 0.007157697, 0.0069055627, 0.0066456525, 0.006512583, 0.0062401276, 0.0059590144, 0.0058150953, 0.0055204392, 0.0052154493, 0.0048975926, 0.004732781, 0.0043888595, 0.0040263273, 0.0038425904, 0.003505631, 0.0033307725, 0.0034809255, 0, 0, 0, 0, 0, 0, 0, 0, 0, 0, 0, 0, 0, 0, 0, 0, 0, 0, 0, 0, 0, 0, 0, 0, 0, 0, 0, 0, 0, 0, 0, 0, 0, 0, 0, 0, 0, 0, 0, 0, 0, 0, 0, 0, 0, 0, 0, 0, 0, 0, 0, 0, 0, 0, 0, 0, 0, 0, 0, 0, 0, 0, 0, 0, 0, 0, 0, 0, 0, 0, 0, 0, 0, 0
0.0057998127, 0.005566858, 0.0054627648, 0.0058124135, 0.006055419, 0.006553908, 0.007009476, 0.007215292, 0.007586025, 0.007910257, 0.008197236, 0.008329273, 0.008574365, 0.008797648, 0.0089020245, 0.00909695, 0.009274119, 0.009433473, 0.009506484, 0.00963939, 0.009755328, 0.009807255, 0.009900216, 0.009980559, 0.010016521, 0.010080745, 0.010134587, 0.010177177, 0.010193888, 0.010217642, 0.010228007, 0.010228216, 0.010218698, 0.010196381, 0.010162081, 0.01014068, 0.010089688, 0.010027727, 0.00999243, 0.009912899, 0.009820713, 0.009769836, 0.009659053, 0.009536922, 0.009404856, 0.009335554, 0.009191125, 0.009039539, 0.008961051, 0.008798316, 0.008627001, 0.008445958, 0.008351624, 0.008155144, 0.007948572, 0.007841823, 0.007621918, 0.0073944023, 0.007278081, 0.0070405644, 0.0067960713, 0.006543583, 0.0064140577, 0.0061475984, 0.005870827, 0.0057284334, 0.0054354984, 0.0051312046, 0.004814006, 0.0046497383, 0.004308346, 0.003950827, 0.0037705575, 0.0034419515, 0.003274384, 0.0034257763, 0, 0, 0, 0, 0, 0, 0, 0, 0, 0, 0, 0, 0, 0, 0, 0, 0, 0, 0, 0, 0, 0, 0, 0, 0, 0, 0, 0, 0, 0, 0, 0, 0, 0, 0, 0, 0, 0, 0, 0, 0, 0, 0, 0, 0, 0, 0, 0, 0, 0, 0, 0, 0, 0, 0, 0, 0, 0, 0, 0, 0, 0, 0, 0, 0, 0, 0, 0, 0, 0, 0, 0, 0, 0
0.006252976, 0.005807718, 0.005290968, 0.0054083527, 0.0055818073, 0.0059947288, 0.0064072637, 0.0066010663, 0.0069587827, 0.0072781704, 0.0075635775, 0.0076953867, 0.007940848, 0.008166036, 0.008272171, 0.008473103, 0.00865993, 0.008832651, 0.008913587, 0.009064064, 0.009198936, 0.009260541, 0.009372486, 0.009470649, 0.009515008, 0.009594893, 0.00966288, 0.009718524, 0.009741418, 0.009777243, 0.009799558, 0.009805848, 0.009809119, 0.009800835, 0.00978235, 0.009769519, 0.009736969, 0.009694702, 0.009669511, 0.009610112, 0.009537703, 0.009496474, 0.009403896, 0.009298643, 0.009182102, 0.009120124, 0.008989884, 0.008851936, 0.008780152, 0.008630447, 0.008471356, 0.008301421, 0.008212082, 0.008024496, 0.007825228, 0.007721519, 0.007506671, 0.007283235, 0.0071686967, 0.0069343136, 0.006692734, 0.006443036, 0.0063146865, 0.006050234, 0.005774612, 0.0056324806, 0.005339353, 0.005034077, 0.004715826, 0.0045513124, 0.0042106365, 0.0038561001, 0.0036783835, 0.0033567518, 0.0031957855, 0.0033471666, 0, 0, 0, 0, 0, 0, 0, 0, 0, 0, 0, 0, 0, 0, 0, 0, 0, 0, 0, 0, 0, 0, 0, 0, 0, 0, 0, 0, 0, 0, 0, 0, 0, 0, 0, 0, 0, 0, 0, 0, 0, 0, 0, 0, 0, 0, 0, 0, 0, 0, 0, 0, 0, 0, 0, 0, 0, 0, 0, 0, 0, 0, 0, 0, 0, 0, 0, 0, 0, 0, 0, 0, 0, 0
0.00712581, 0.005871685, 0.00475974, 0.0047403704, 0.0048866794, 0.0052718357, 0.0056741, 0.005866627, 0.00622711, 0.0065542078, 0.0068506626, 0.006988834, 0.0072484063, 0.007489473, 0.0076042027, 0.007823693, 0.008030781, 0.0082253385, 0.008317693, 0.008491674, 0.00865074, 0.008724516, 0.008860722, 0.008982266, 0.009037885, 0.00913927, 0.009227548, 0.009302305, 0.009334431, 0.009387977, 0.009427204, 0.009441622, 0.009460691, 0.009468017, 0.00946534, 0.009460665, 0.0094449315, 0.0094201155, 0.009403903, 0.00936267, 0.009308687, 0.009276538, 0.009201615, 0.009113054, 0.009011745, 0.008956767, 0.0088392915, 0.0087126205, 0.008646028, 0.008505771, 0.008355228, 0.008192956, 0.008107166, 0.007925966, 0.007732112, 0.0076306094, 0.0074193403, 0.0071981056, 0.0070842314, 0.006850375, 0.0066085528, 0.0063582445, 0.00622948, 0.0059641595, 0.0056875194, 0.005544725, 0.005249912, 0.0049423547, 0.004621333, 0.004455378, 0.004111791, 0.0037553217, 0.003577306, 0.0032567948, 0.0030975172, 0.0032460946, 0, 0, 0, 0, 0, 0, 0, 0, 0, 0, 0, 0, 0, 0, 0, 0, 0, 0, 0, 0, 0, 0, 0, 0, 0, 0, 0, 0, 0, 0, 0, 0, 0, 0, 0, 0, 0, 0, 0, 0, 0, 0, 0, 0, 0, 0, 0, 0, 0, 0, 0, 0, 0, 0, 0, 0, 0, 0, 0, 0, 0, 0, 0, 0, 0, 0, 0, 0, 0, 0, 0, 0, 0, 0
0, 0.0039071315, 0.0037374375, 0.0039316975, 0.004113114, 0.004526246, 0.0049379203, 0.0051337564, 0.005501885, 0.0058403676, 0.006152999, 0.0063010715, 0.0065834126, 0.0068501113, 0.006978355, 0.007225283, 0.0074593616, 0.007679783, 0.0077845175, 0.007982383, 0.008164538, 0.008249742, 0.008408829, 0.0085536875, 0.008621044, 0.008746115, 0.008858283, 0.008957016, 0.009001038, 0.009077909, 0.009139333, 0.009164188, 0.009202751, 0.009227657, 0.009240825, 0.009243525, 0.0092416555, 0.0092299655, 0.009220253, 0.009192115, 0.009151333, 0.009125829, 0.009064491, 0.008988908, 0.008899707, 0.008850337, 0.008742657, 0.008624126, 0.008560958, 0.008426617, 0.00828109, 0.008123498, 0.0080399355, 0.007863007, 0.007673149, 0.007573483, 0.007365222, 0.007145977, 0.007032575, 0.006798866, 0.0065562017, 0.0063042995, 0.006174688, 0.005907568, 0.0056290273, 0.0054852134, 0.005187951, 0.0048772274, 0.004551855, 0.0043831053, 0.0040326985, 0.0036677527, 0.0034850312, 0.003154798, 0.0029860502, 0.0031255272, 0, 0, 0, 0, 0, 0, 0, 0, 0, 0, 0, 0, 0, 0, 0, 0, 0, 0, 0, 0, 0, 0, 0, 0, 0, 0, 0, 0, 0, 0, 0, 0, 0, 0, 0, 0, 0, 0, 0, 0, 0, 0, 0, 0, 0, 0, 0, 0, 0, 0, 0, 0, 0, 0, 0, 0, 0, 0, 0, 0, 0, 0, 0, 0, 0, 0, 0, 0, 0, 0, 0, 0, 0, 0
0, 0.0032304898, 0.0031190435, 0.0033467526, 0.0035321345, 0.0039423043, 0.0043473793, 0.00454063, 0.004907357, 0.005251131, 0.0055765836, 0.0057336604, 0.0060382513, 0.0063309837, 0.0064729317, 0.006747202, 0.007007125, 0.007250949, 0.0073664226, 0.0075839777, 0.007784309, 0.007878365, 0.008055435, 0.008219325, 0.0082967505, 0.008443053, 0.008577801, 0.008700033, 0.008755989, 0.008856576, 0.008940996, 0.008976825, 0.009035825, 0.00907871, 0.009107204, 0.009116459, 0.009125803, 0.009123336, 0.009117619, 0.009097064, 0.009063685, 0.009042051, 0.008988552, 0.008921106, 0.008839869, 0.008794216, 0.008693278, 0.008580133, 0.008519052, 0.008388085, 0.00824511, 0.008089755, 0.008007411, 0.007833086, 0.007646117, 0.0075479746, 0.007342676, 0.0071259835, 0.007013646, 0.0067814197, 0.0065392307, 0.0062870714, 0.0061571435, 0.005889014, 0.0056093833, 0.005465014, 0.0051665446, 0.0048539294, 0.004525364, 0.0043543666, 0.00399735, 0.0036216823, 0.0034315703, 0.0030814027, 0.0028865205, 0.003003761, 0, 0, 0, 0, 0, 0, 0, 0, 0, 0, 0, 0, 0, 0, 0, 0, 0, 0, 0, 0, 0, 0, 0, 0, 0, 0, 0, 0, 0, 0, 0, 0, 0, 0, 0, 0, 0, 0, 0, 0, 0, 0, 0, 0, 0, 0, 0, 0, 0, 0, 0, 0, 0, 0, 0, 0, 0, 0, 0, 0, 0, 0, 0, 0, 0, 0, 0, 0, 0, 0, 0, 0, 0, 0
0, 0.0030448283, 0.0028986468, 0.0030749196, 0.0032371462, 0.0036097737, 0.003988555, 0.0041724336, 0.004527754, 0.0048693246, 0.005200638, 0.005363168, 0.0056823343, 0.005992582, 0.006143731, 0.0064361217, 0.0067129233, 0.006971969, 0.007094393, 0.0073251277, 0.0075378967, 0.0076381434, 0.007827901, 0.00800526, 0.008089804, 0.008250903, 0.008401158, 0.008539263, 0.008603326, 0.008720123, 0.008820756, 0.008864662, 0.00893943, 0.00899695, 0.009037982, 0.0090526305, 0.009070767, 0.0090746535, 0.00907139, 0.009054832, 0.009024945, 0.009005046, 0.008955196, 0.008892026, 0.00881549, 0.008772249, 0.008675804, 0.008566274, 0.008506616, 0.0083776, 0.00823566, 0.008081063, 0.007999147, 0.007826059, 0.007640893, 0.007543904, 0.007341358, 0.007127846, 0.0070171156, 0.0067878426, 0.0065481444, 0.0062979497, 0.006168792, 0.005902168, 0.0056241574, 0.0054807286, 0.0051844497, 0.004874488, 0.0045487434, 0.004379043, 0.0040238425, 0.0036476525, 0.0034553132, 0.0030927663, 0.0028684686, 0.0029472772, 0, 0, 0, 0, 0, 0, 0, 0, 0, 0, 0, 0, 0, 0, 0, 0, 0, 0, 0, 0, 0, 0, 0, 0, 0, 0, 0, 0, 0, 0, 0, 0, 0, 0, 0, 0, 0, 0, 0, 0, 0, 0, 0, 0, 0, 0, 0, 0, 0, 0, 0, 0, 0, 0, 0, 0, 0, 0, 0, 0, 0, 0, 0, 0, 0, 0, 0, 0, 0, 0, 0, 0, 0, 0
0, 0.003052954, 0.0028867973, 0.003023278, 0.00316547, 0.003504089, 0.003858832, 0.0040343967, 0.004379157, 0.0047169784, 0.0050494913, 0.005213906, 0.005538038, 0.0058537438, 0.006007426, 0.00630449, 0.006585665, 0.0068494137, 0.00697454, 0.007211582, 0.0074318736, 0.0075361505, 0.007734272, 0.007919518, 0.008007665, 0.008174958, 0.008329891, 0.0084716175, 0.008537215, 0.008657283, 0.008761977, 0.008808356, 0.008889045, 0.008953391, 0.009001307, 0.009019164, 0.009042791, 0.009050696, 0.009048994, 0.009034676, 0.009006356, 0.008987146, 0.008938902, 0.008877714, 0.008803739, 0.0087619545, 0.008668401, 0.008561374, 0.008502658, 0.008374942, 0.008233526, 0.008079246, 0.007997453, 0.007824904, 0.0076409224, 0.0075447867, 0.007344715, 0.007134497, 0.0070256894, 0.006800411, 0.0065648844, 0.0063190027, 0.006192074, 0.0059301024, 0.0056574275, 0.005516985, 0.0052277036, 0.004926436, 0.004611592, 0.0044484497, 0.004109198, 0.0037538987, 0.0035743322, 0.003243076, 0.003057268, 0.0031554603, 0, 0, 0, 0, 0, 0, 0, 0, 0, 0, 0, 0, 0, 0, 0, 0, 0, 0, 0, 0, 0, 0, 0, 0, 0, 0, 0, 0, 0, 0, 0, 0, 0, 0, 0, 0, 0, 0, 0, 0, 0, 0, 0, 0, 0, 0, 0, 0, 0, 0, 0, 0, 0, 0, 0, 0, 0, 0, 0, 0, 0, 0, 0, 0, 0, 0, 0, 0, 0, 0, 0, 0, 0, 0
0, 0.0031283, 0.0029572372, 0.0030845436, 0.0032218671, 0.0035528014, 0.0039035159, 0.004078263, 0.004423231, 0.0047620465, 0.0050949473, 0.005258916, 0.0055804094, 0.005890937, 0.0060413224, 0.0063312994, 0.0066058924, 0.006865159, 0.0069891047, 0.007225935, 0.0074483356, 0.007554287, 0.0077556176, 0.007942634, 0.008030636, 0.008195299, 0.008344412, 0.008477931, 0.008538952, 0.008649849, 0.008746465, 0.008789523, 0.008865245, 0.008926996, 0.008974295, 0.008992245, 0.009016557, 0.009025332, 0.009023919, 0.009009926, 0.008981613, 0.008962333, 0.008913888, 0.008852866, 0.008779468, 0.008738115, 0.008645658, 0.008539815, 0.008481755, 0.008355143, 0.008214791, 0.008061457, 0.007980125, 0.007808838, 0.0076266015, 0.007531642, 0.007334566, 0.00712812, 0.0070215333, 0.0068013906, 0.006571747, 0.006332407, 0.0062089176, 0.0059545436, 0.0056903344, 0.0055545685, 0.0052756662, 0.004986891, 0.00468763, 0.004533895, 0.004218032, 0.003895748, 0.0037389428, 0.0034790577, 0.0034677754, 0.0042008543, 0.0050161965, 0, 0, 0, 0, 0, 0, 0, 0, 0, 0, 0, 0, 0, 0, 0, 0, 0, 0, 0, 0, 0, 0, 0, 0, 0, 0, 0, 0, 0, 0, 0, 0, 0, 0, 0, 0, 0, 0, 0, 0, 0, 0, 0, 0, 0, 0, 0, 0, 0, 0, 0, 0, 0, 0, 0, 0, 0, 0, 0, 0, 0, 0, 0, 0, 0, 0, 0, 0, 0, 0, 0, 0, 0
0, 0.0032296737, 0.0030607774, 0.0032016085, 0.0033477084, 0.0036970675, 0.004064753, 0.0042468677, 0.0046033547, 0.0049483804, 0.0052816756, 0.0054435898, 0.005757042, 0.0060554813, 0.006198901, 0.006474264, 0.006735223, 0.006982888, 0.0071020094, 0.007331111, 0.0075478344, 0.007651326, 0.007847439, 0.008027722, 0.008111358, 0.0082651405, 0.008400774, 0.008518965, 0.008571967, 0.0086668655, 0.00874838, 0.008784497, 0.008847913, 0.008899677, 0.008939361, 0.00895429, 0.008973688, 0.00897864, 0.008975613, 0.008958613, 0.008927468, 0.0089068785, 0.008855887, 0.008792662, 0.008717445, 0.0086754095, 0.008582315, 0.008476549, 0.008418862, 0.00829372, 0.008155656, 0.0080050975, 0.007925389, 0.0077576004, 0.0075794705, 0.0074868076, 0.0072947885, 0.007094211, 0.0069907974, 0.0067775263, 0.0065555475, 0.0063246093, 0.006205692, 0.005960842, 0.0057065887, 0.0055760033, 0.0053079994, 0.005031134, 0.0047451057, 0.0045984215, 0.0042976397, 0.003990678, 0.0038403792, 0.003582968, 0.0035110381, 0.003866455, 0.004164583, 0, 0, 0, 0, 0, 0, 0, 0, 0, 0, 0, 0, 0, 0, 0, 0, 0, 0, 0, 0, 0, 0, 0, 0, 0, 0, 0, 0, 0, 0, 0, 0, 0, 0, 0, 0, 0, 0, 0, 0, 0, 0, 0, 0, 0, 0, 0, 0, 0, 0, 0, 0, 0, 0, 0, 0, 0, 0, 0, 0, 0, 0, 0, 0, 0, 0, 0, 0, 0, 0, 0, 0, 0
0, 0.003365129, 0.0032009415, 0.0033673714, 0.003529922, 0.0039118393, 0.004306547, 0.0044991123, 0.0048695947, 0.0052197855, 0.005549975, 0.0057076057, 0.006008279, 0.006290371, 0.006424847, 0.0066816737, 0.006924278, 0.0071539585, 0.007264343, 0.0074763577, 0.00767614, 0.0077711376, 0.007950054, 0.008112613, 0.008187236, 0.008322697, 0.008440004, 0.008540309, 0.008584608, 0.008662722, 0.008728037, 0.008756386, 0.00880505, 0.008843308, 0.008870812, 0.008880191, 0.008889681, 0.008886088, 0.008879282, 0.008855558, 0.008818681, 0.008795497, 0.008739963, 0.008672795, 0.008594518, 0.008551266, 0.008456614, 0.008350836, 0.008293712, 0.008171015, 0.00803703, 0.007891922, 0.007815309, 0.0076543875, 0.0074838004, 0.007395158, 0.007211644, 0.007020115, 0.00692134, 0.0067176167, 0.006505434, 0.006284742, 0.006171023, 0.005936615, 0.0056925723, 0.00556699, 0.0053086057, 0.0050405753, 0.0047616106, 0.0046172882, 0.004317007, 0.003999576, 0.0038363645, 0.0035226461, 0.0033126264, 0.0033899017, 0.0035397154, 0, 0, 0, 0, 0, 0, 0, 0, 0, 0, 0, 0, 0, 0, 0, 0, 0, 0, 0, 0, 0, 0, 0, 0, 0, 0, 0, 0, 0, 0, 0, 0, 0, 0, 0, 0, 0, 0, 0, 0, 0, 0, 0, 0, 0, 0, 0, 0, 0, 0, 0, 0, 0, 0, 0, 0, 0, 0, 0, 0, 0, 0, 0, 0, 0, 0, 0, 0, 0, 0, 0, 0, 0
0, 0.0035560464, 0.0033962843, 0.003591805, 0.003772283, 0.004186701, 0.0046034683, 0.0048025483, 0.005177685, 0.005523283, 0.0058417683, 0.005991626, 0.0062742056, 0.006536238, 0.0066602435, 0.0068955915, 0.007115482, 0.0073208716, 0.007418366, 0.0076031657, 0.007774262, 0.007854563, 0.008004192, 0.0081386715, 0.008200096, 0.008311112, 0.0084071215, 0.008488918, 0.008524895, 0.008587512, 0.008638196, 0.008659384, 0.008693625, 0.008717379, 0.008730529, 0.00873303, 0.008729624, 0.008714694, 0.008702928, 0.0086707, 0.008627288, 0.008601391, 0.008541427, 0.008471166, 0.008390893, 0.008347119, 0.008252312, 0.0081480155, 0.008092414, 0.007974104, 0.00784642, 0.007709457, 0.0076374533, 0.0074865995, 0.0073270453, 0.0072442037, 0.0070726303, 0.0068933317, 0.006800713, 0.006609262, 0.006409414, 0.0062007145, 0.0060929335, 0.005870021, 0.005636774, 0.0055162446, 0.0052669947, 0.0050060814, 0.0047315205, 0.004587749, 0.004283745, 0.003952531, 0.0037764972, 0.0034174863, 0.0031202026, 0.003061654, 0.0031526738, 0, 0, 0, 0, 0, 0, 0, 0, 0, 0, 0, 0, 0, 0, 0, 0, 0, 0, 0, 0, 0, 0, 0, 0, 0, 0, 0, 0, 0, 0, 0, 0, 0, 0, 0, 0, 0, 0, 0, 0, 0, 0, 0, 0, 0, 0, 0, 0, 0, 0, 0, 0, 0, 0, 0, 0, 0, 0, 0, 0, 0, 0, 0, 0, 0, 0, 0, 0, 0, 0, 0, 0, 0
0, 0.003813576, 0.0036514725, 0.003867261, 0.0040599396, 0.0044921655, 0.0049135336, 0.0051101036, 0.0054729385, 0.005799403, 0.0060952147, 0.0062331706, 0.0064916387, 0.006729349, 0.006841085, 0.007051154, 0.007243861, 0.0074194684, 0.0075010136, 0.00765191, 0.0077872984, 0.007849552, 0.007963711, 0.008064965, 0.008111063, 0.008194676, 0.008267581, 0.008330235, 0.008357725, 0.008404798, 0.00844116, 0.008455226, 0.008475154, 0.008484331, 0.008483038, 0.0084785735, 0.008462259, 0.008436496, 0.008420203, 0.008381044, 0.0083331335, 0.008305821, 0.008244444, 0.008174231, 0.00809535, 0.008052746, 0.007961149, 0.007861472, 0.0078087114, 0.0076974863, 0.007578655, 0.0074521652, 0.0073859445, 0.0072475616, 0.0071015703, 0.007025728, 0.00686847, 0.006703707, 0.006618406, 0.0064416477, 0.006256407, 0.006061944, 0.005961155, 0.005751716, 0.005531229, 0.0054166852, 0.0051782946, 0.004926779, 0.0046599316, 0.004519571, 0.004221859, 0.0038974765, 0.003725714, 0.0033783447, 0.003095864, 0.0030428926, 0.0031194421, 0, 0, 0, 0, 0, 0, 0, 0, 0, 0, 0, 0, 0, 0, 0, 0, 0, 0, 0, 0, 0, 0, 0, 0, 0, 0, 0, 0, 0, 0, 0, 0, 0, 0, 0, 0, 0, 0, 0, 0, 0, 0, 0, 0, 0, 0, 0, 0, 0, 0, 0, 0, 0, 0, 0, 0, 0, 0, 0, 0, 0, 0, 0, 0, 0, 0, 0, 0, 0, 0, 0, 0, 0
0, 0.0041457126, 0.003954753, 0.0041550305, 0.0043425397, 0.004761844, 0.00516348, 0.0053476524, 0.0056822756, 0.005978272, 0.006243405, 0.006366399, 0.0065956097, 0.0068045515, 0.006901881, 0.0070825214, 0.0072444547, 0.007387911, 0.007452951, 0.0075700358, 0.00767151, 0.0077169877, 0.0077986834, 0.0078698825, 0.0079019815, 0.007960065, 0.0080106035, 0.008053621, 0.008072015, 0.008102104, 0.008122566, 0.008129022, 0.008134372, 0.008129894, 0.008116066, 0.008105923, 0.008079805, 0.008046845, 0.008028008, 0.007985801, 0.007937201, 0.007910348, 0.007851315, 0.007784955, 0.007711226, 0.0076716, 0.0075870412, 0.007495466, 0.007447169, 0.0073458976, 0.007238275, 0.0071241856, 0.0070645874, 0.0069402247, 0.0068088174, 0.0067405575, 0.0065988065, 0.006449798, 0.0063725547, 0.0062121022, 0.006043243, 0.0058652563, 0.005772594, 0.0055792383, 0.00537431, 0.0052671614, 0.0050432165, 0.0048056827, 0.0045530875, 0.0044205603, 0.0041415067, 0.003844135, 0.0036912241, 0.0033999952, 0.0032254471, 0.0034697275, 0.0039295005, 0, 0, 0, 0, 0, 0, 0, 0, 0, 0, 0, 0, 0, 0, 0, 0, 0, 0, 0, 0, 0, 0, 0, 0, 0, 0, 0, 0, 0, 0, 0, 0, 0, 0, 0, 0, 0, 0, 0, 0, 0, 0, 0, 0, 0, 0, 0, 0, 0, 0, 0, 0, 0, 0, 0, 0, 0, 0, 0, 0, 0, 0, 0, 0, 0, 0, 0, 0, 0, 0, 0, 0, 0
0, 0.0045921565, 0.0042884895, 0.004386053, 0.0045370306, 0.004902979, 0.005264089, 0.0054301615, 0.0057306075, 0.0059937723, 0.0062271333, 0.0063344236, 0.0065323687, 0.006709789, 0.006791171, 0.0069399136, 0.007070405, 0.0071837134, 0.0072343037, 0.0073244143, 0.0074011344, 0.00743502, 0.007494978, 0.00754586, 0.0075682467, 0.0076075043, 0.007639654, 0.0076645566, 0.007674153, 0.007687164, 0.0076918076, 0.007691093, 0.0076836646, 0.0076687806, 0.0076470673, 0.0076339142, 0.007603609, 0.0075687603, 0.007549743, 0.00750851, 0.00746246, 0.007437483, 0.0073832753, 0.0073232343, 0.007257233, 0.0072220145, 0.007147303, 0.007066637, 0.0070241997, 0.006935053, 0.0068403906, 0.006740072, 0.006687577, 0.006577914, 0.0064617596, 0.006401273, 0.0062754285, 0.0061428696, 0.006073981, 0.005930641, 0.005779231, 0.005618937, 0.0055351853, 0.0053595956, 0.005172467, 0.0050741914, 0.0048680394, 0.0046484196, 0.004414687, 0.0042921575, 0.0040353127, 0.003764052, 0.003625717, 0.003363011, 0.0031942178, 0.003310432, 0.0035377129, 0, 0, 0, 0, 0, 0, 0, 0, 0, 0, 0, 0, 0, 0, 0, 0, 0, 0, 0, 0, 0, 0, 0, 0, 0, 0, 0, 0, 0, 0, 0, 0, 0, 0, 0, 0, 0, 0, 0, 0, 0, 0, 0, 0, 0, 0, 0, 0, 0, 0, 0, 0, 0, 0, 0, 0, 0, 0, 0, 0, 0, 0, 0, 0, 0, 0, 0, 0, 0, 0, 0, 0, 0
0, 0.005253589, 0.0045916256, 0.00445261, 0.004539442, 0.004831301, 0.0051504527, 0.0053004045, 0.005572419, 0.00580894, 0.006015313, 0.0061085657, 0.006277258, 0.0064240587, 0.00648996, 0.0066082906, 0.0067107687, 0.00679983, 0.00683995, 0.0069126333, 0.006975998, 0.0070044077, 0.0070549017, 0.007096915, 0.007114632, 0.007143619, 0.0071639568, 0.0071758395, 0.007178815, 0.0071791303, 0.00717286, 0.0071676113, 0.0071533425, 0.007134879, 0.0071123177, 0.0070996, 0.0070714727, 0.007039737, 0.0070224693, 0.0069849626, 0.0069432463, 0.0069207055, 0.0068723187, 0.0068195425, 0.006762625, 0.006732494, 0.006668949, 0.006600783, 0.006564839, 0.0064891, 0.0064084055, 0.0063223667, 0.0062772445, 0.0061825938, 0.0060821027, 0.0060295477, 0.005920153, 0.005804386, 0.0057440107, 0.0056179175, 0.0054839198, 0.0053412453, 0.0052663046, 0.0051086517, 0.0049397605, 0.0048509226, 0.004663904, 0.0044639804, 0.0042501083, 0.004137394, 0.0038989154, 0.003641714, 0.003506683, 0.003233858, 0.0030044378, 0.0029495766, 0.0030383707, 0, 0, 0, 0, 0, 0, 0, 0, 0, 0, 0, 0, 0, 0, 0, 0, 0, 0, 0, 0, 0, 0, 0, 0, 0, 0, 0, 0, 0, 0, 0, 0, 0, 0, 0, 0, 0, 0, 0, 0, 0, 0, 0, 0, 0, 0, 0, 0, 0, 0, 0, 0, 0, 0, 0, 0, 0, 0, 0, 0, 0, 0, 0, 0, 0, 0, 0, 0, 0, 0, 0, 0, 0
0, 0.006227766, 0.004594216, 0.0042255484, 0.004273534, 0.0045265746, 0.004822513, 0.004962479, 0.0052153314, 0.0054324046, 0.0056178346, 0.0056998013, 0.0058445674, 0.0059664706, 0.0060199774, 0.0061148265, 0.0061969194, 0.006269997, 0.006303933, 0.0063675623, 0.006426046, 0.006453103, 0.0065020174, 0.0065425914, 0.006559318, 0.0065851174, 0.006600965, 0.0066077732, 0.0066083246, 0.006604885, 0.0065970374, 0.0065919887, 0.006580329, 0.0065667443, 0.006550741, 0.0065416293, 0.0065205707, 0.0064953133, 0.006480969, 0.0064488114, 0.0064124544, 0.006392772, 0.0063510817, 0.006306485, 0.006259384, 0.0062347767, 0.006183094, 0.0061276793, 0.0060984404, 0.006036517, 0.005969835, 0.0058980235, 0.0058601843, 0.0057805986, 0.005695844, 0.0056514083, 0.0055582197, 0.005459096, 0.005407077, 0.0052974084, 0.005179745, 0.005053293, 0.004986422, 0.004845166, 0.004693359, 0.004613329, 0.004444664, 0.0042638965, 0.0040692715, 0.003965814, 0.0037440334, 0.0034981251, 0.0033649649, 0.003082373, 0.002811714, 0.0026645374, 0.002690557, 0, 0, 0, 0, 0, 0, 0, 0, 0, 0, 0, 0, 0, 0, 0, 0, 0, 0, 0, 0, 0, 0, 0, 0, 0, 0, 0, 0, 0, 0, 0, 0, 0, 0, 0, 0, 0, 0, 0, 0, 0, 0, 0, 0, 0, 0, 0, 0, 0, 0, 0, 0, 0, 0, 0, 0, 0, 0, 0, 0, 0, 0, 0, 0, 0, 0, 0, 0, 0, 0, 0, 0, 0
0, 0, 0.0038285893, 0.0037459515, 0.0038195462, 0.004071121, 0.004348967, 0.004479084, 0.0047126575, 0.004911634, 0.0050796154, 0.0051531754, 0.0052816486, 0.0053885337, 0.0054350905, 0.005517784, 0.005590327, 0.005656488, 0.0056879944, 0.0057485127, 0.0058057914, 0.00583281, 0.0058822017, 0.0059237354, 0.00594098, 0.0059679793, 0.0059857764, 0.0059959195, 0.0059989, 0.0060020066, 0.0060029603, 0.0060029943, 0.00600241, 0.006000464, 0.005995836, 0.0059920535, 0.005980717, 0.00596387, 0.005953249, 0.0059281834, 0.005899039, 0.005883331, 0.005850234, 0.0058156033, 0.005779455, 0.0057607265, 0.005721331, 0.005678652, 0.0056559276, 0.0056071845, 0.0055535985, 0.00549507, 0.0054640253, 0.00539829, 0.005327851, 0.0052908137, 0.005212613, 0.005128369, 0.0050836997, 0.0049885507, 0.004885084, 0.0047723893, 0.0047124387, 0.0045850608, 0.004447702, 0.0043752925, 0.0042228126, 0.004059469, 0.0038834, 0.00378964, 0.003587883, 0.0033630822, 0.003240799, 0.002981124, 0.002733812, 0.002604091, 0.0026300675, 0, 0, 0, 0, 0, 0, 0, 0, 0, 0, 0, 0, 0, 0, 0, 0, 0, 0, 0, 0, 0, 0, 0, 0, 0, 0, 0, 0, 0, 0, 0, 0, 0, 0, 0, 0, 0, 0, 0, 0, 0, 0, 0, 0, 0, 0, 0, 0, 0, 0, 0, 0, 0, 0, 0, 0, 0, 0, 0, 0, 0, 0, 0, 0, 0, 0, 0, 0, 0, 0, 0, 0, 0
0, 0, 0.0036906276, 0.0033982464, 0.0034079489, 0.00358152, 0.0038140444, 0.0039272443, 0.0041335756, 0.004311895, 0.004464909, 0.0045328187, 0.0046535833, 0.0047568115, 0.004802794, 0.004886029, 0.0049602618, 0.005028566, 0.005060966, 0.005122744, 0.0051805894, 0.005207797, 0.005257549, 0.0053002574, 0.0053187152, 0.0053498694, 0.0053747017, 0.0053949654, 0.005404002, 0.0054209307, 0.0054371078, 0.0054447963, 0.0054592495, 0.0054710777, 0.005478705, 0.0054804725, 0.0054794545, 0.005472077, 0.005466146, 0.005450754, 0.0054319627, 0.0054217544, 0.0054002753, 0.00537775, 0.0053539732, 0.005341354, 0.005314275, 0.00528365, 0.0052667256, 0.0052293125, 0.0051867375, 0.005139081, 0.005113327, 0.0050584674, 0.0049990127, 0.0049675386, 0.0049006627, 0.0048276973, 0.0047886376, 0.0047047017, 0.0046121534, 0.0045103496, 0.004455794, 0.004339254, 0.0042133396, 0.0041469233, 0.004007486, 0.0038587952, 0.003699738, 0.0036156469, 0.0034366932, 0.0032412666, 0.0031375624, 0.0029265652, 0.0027548033, 0.002777325, 0.0029699826, 0.004001932, 0, 0, 0, 0, 0, 0, 0, 0, 0, 0, 0, 0, 0, 0, 0, 0, 0, 0, 0, 0, 0, 0, 0, 0, 0, 0, 0, 0, 0, 0, 0, 0, 0, 0, 0, 0, 0, 0, 0, 0, 0, 0, 0, 0, 0, 0, 0, 0, 0, 0, 0, 0, 0, 0, 0, 0, 0, 0, 0, 0, 0, 0, 0, 0, 0, 0, 0, 0, 0, 0, 0, 0
0, 0, 0.0037749738, 0.0030698245, 0.0030005851, 0.0030887474, 0.00327147, 0.003365849, 0.003543122, 0.003702004, 0.0038441755, 0.0039097355, 0.0040308223, 0.0041397857, 0.0041902144, 0.0042837206, 0.004368632, 0.0044462355, 0.0044825054, 0.0045501636, 0.0046117087, 0.00464019, 0.00469242, 0.0047387453, 0.0047598034, 0.0047986927, 0.004834397, 0.0048684687, 0.004885049, 0.004917709, 0.0049492363, 0.0049641696, 0.0049917046, 0.0050149756, 0.005032797, 0.005039407, 0.005048066, 0.005051249, 0.0050510187, 0.0050479346, 0.0050422186, 0.0050387187, 0.0050306385, 0.005021169, 0.005009657, 0.005002803, 0.0049864906, 0.0049656406, 0.004953269, 0.0049241935, 0.0048892065, 0.0048485226, 0.0048261145, 0.0047776937, 0.004724528, 0.004696164, 0.0046354756, 0.0045688036, 0.0045330385, 0.0044559576, 0.0043705027, 0.004276003, 0.004225157, 0.0041164174, 0.003998544, 0.0039364668, 0.003806313, 0.0036682172, 0.0035218615, 0.0034452495, 0.003284226, 0.0031123282, 0.0030227974, 0.0028445604, 0.0027029412, 0.002707948, 0.002825013, 0.0032818662, 0, 0, 0, 0, 0, 0, 0, 0, 0, 0, 0, 0, 0, 0, 0, 0, 0, 0, 0, 0, 0, 0, 0, 0, 0, 0, 0, 0, 0, 0, 0, 0, 0, 0, 0, 0, 0, 0, 0, 0, 0, 0, 0, 0, 0, 0, 0, 0, 0, 0, 0, 0, 0, 0, 0, 0, 0, 0, 0, 0, 0, 0, 0, 0, 0, 0, 0, 0, 0, 0, 0, 0
0, 0, 0.0027721024, 0.0025671348, 0.0025403271, 0.002618345, 0.0027685177, 0.0028486098, 0.0030045158, 0.0031513022, 0.0032896122, 0.0033558393, 0.0034828794, 0.0036023923, 0.0036592023, 0.0037667996, 0.0038660753, 0.0039566983, 0.0039988114, 0.004076652, 0.0041464777, 0.0041787536, 0.004238798, 0.004293959, 0.004320279, 0.0043711443, 0.0044205147, 0.0044686026, 0.0044921353, 0.004537541, 0.0045798626, 0.0045995126, 0.0046352604, 0.0046659005, 0.004691177, 0.004701867, 0.0047199638, 0.004734086, 0.0047399728, 0.004749787, 0.0047572423, 0.0047601247, 0.0047639925, 0.0047650645, 0.0047625005, 0.0047595934, 0.004750257, 0.004735368, 0.004725661, 0.0047013317, 0.004670361, 0.0046329233, 0.0046119117, 0.0045656334, 0.0045141247, 0.00448642, 0.0044270144, 0.0043620258, 0.0043272325, 0.004252485, 0.004170141, 0.0040791673, 0.004030238, 0.0039257677, 0.00381243, 0.003752681, 0.003627457, 0.0034947977, 0.0033544062, 0.0032811032, 0.0031272843, 0.0029626486, 0.0028761586, 0.0026986834, 0.002537135, 0.0024634271, 0.002499855, 0.0027367806, 0, 0, 0, 0, 0, 0, 0, 0, 0, 0, 0, 0, 0, 0, 0, 0, 0, 0, 0, 0, 0, 0, 0, 0, 0, 0, 0, 0, 0, 0, 0, 0, 0, 0, 0, 0, 0, 0, 0, 0, 0, 0, 0, 0, 0, 0, 0, 0, 0, 0, 0, 0, 0, 0, 0, 0, 0, 0, 0, 0, 0, 0, 0, 0, 0, 0, 0, 0, 0, 0, 0, 0
0, 0, 0.002700306, 0.00233318, 0.0022434788, 0.002245367, 0.002360696, 0.002431936, 0.0025798136, 0.0027257788, 0.0028676302, 0.0029368093, 0.0030716057, 0.0032009303, 0.003263146, 0.0033823987, 0.0034937595, 0.0035964786, 0.0036445078, 0.0037342485, 0.0038160936, 0.003854608, 0.003927604, 0.003996681, 0.0040301788, 0.0040953932, 0.0041581113, 0.0042177336, 0.0042460123, 0.0042990763, 0.0043468573, 0.0043687304, 0.004408606, 0.004443754, 0.004475015, 0.004489461, 0.0045163003, 0.0045406315, 0.00455191, 0.0045722355, 0.0045889565, 0.004595815, 0.004606166, 0.004611743, 0.004612281, 0.0046106125, 0.0046031256, 0.004589773, 0.0045808405, 0.004557975, 0.0045281905, 0.004491398, 0.0044704154, 0.0044234716, 0.004370366, 0.0043417243, 0.00428033, 0.0042134724, 0.0041778795, 0.0041019856, 0.0040190443, 0.0039281533, 0.0038794582, 0.0037756967, 0.0036632528, 0.003603924, 0.0034792651, 0.0033468516, 0.0032060747, 0.003132175, 0.0029757547, 0.0028058265, 0.0027147946, 0.002521838, 0.0023292573, 0.0021968402, 0.0021907543, 0.002341537, 0, 0, 0, 0, 0, 0, 0, 0, 0, 0, 0, 0, 0, 0, 0, 0, 0, 0, 0, 0, 0, 0, 0, 0, 0, 0, 0, 0, 0, 0, 0, 0, 0, 0, 0, 0, 0, 0, 0, 0, 0, 0, 0, 0, 0, 0, 0, 0, 0, 0, 0, 0, 0, 0, 0, 0, 0, 0, 0, 0, 0, 0, 0, 0, 0, 0, 0, 0, 0, 0, 0, 0
0, 0, 0.0030706665, 0.0021976258, 0.002025285, 0.001971958, 0.002081995, 0.0021567377, 0.00231515, 0.0024719068, 0.002622837, 0.0026960173, 0.0028373764, 0.0029724983, 0.0030375726, 0.0031625768, 0.0032801912, 0.003390238, 0.0034424688, 0.0035418652, 0.0036353464, 0.003680161, 0.0037666922, 0.003849687, 0.0038897994, 0.0039670654, 0.004039324, 0.0041054636, 0.004135919, 0.0041918512, 0.0042414377, 0.004264194, 0.0043063634, 0.00434538, 0.004382281, 0.0044000824, 0.0044342387, 0.00446596, 0.004480434, 0.0045057796, 0.004525244, 0.004532504, 0.0045420434, 0.0045453166, 0.0045429864, 0.004539866, 0.0045299144, 0.0045149066, 0.0045054527, 0.0044817063, 0.0044511333, 0.0044131763, 0.004391303, 0.0043420806, 0.0042859255, 0.004255489, 0.0041903863, 0.004119872, 0.004082565, 0.0040033404, 0.0039173197, 0.0038238114, 0.003773914, 0.003667767, 0.0035531244, 0.0034926876, 0.003365653, 0.0032304465, 0.0030861679, 0.0030101966, 0.0028487851, 0.0026718876, 0.0025765118, 0.0023725112, 0.0021634593, 0.0020021617, 0.0019736255, 0.0020721226, 0, 0, 0, 0, 0, 0, 0, 0, 0, 0, 0, 0, 0, 0, 0, 0, 0, 0, 0, 0, 0, 0, 0, 0, 0, 0, 0, 0, 0, 0, 0, 0, 0, 0, 0, 0, 0, 0, 0, 0, 0, 0, 0, 0, 0, 0, 0, 0, 0, 0, 0, 0, 0, 0, 0, 0, 0, 0, 0, 0, 0, 0, 0, 0, 0, 0, 0, 0, 0, 0, 0, 0
0, 0, 0, 0.0018041309, 0.0017579757, 0.001804426, 0.0019574934, 0.0020474573, 0.0022292677, 0.0024022276, 0.0025632817, 0.002639705, 0.0027852731, 0.0029220774, 0.0029875971, 0.0031129143, 0.003231172, 0.003343053, 0.0033968317, 0.0035007163, 0.003600487, 0.00364908, 0.0037436213, 0.0038341535, 0.0038776402, 0.00395987, 0.004035003, 0.004101963, 0.0041322573, 0.0041875294, 0.004237036, 0.0042601107, 0.0043042214, 0.004346663, 0.0043878504, 0.004407876, 0.0044457545, 0.004479413, 0.0044939485, 0.004517542, 0.004532796, 0.004537287, 0.004540555, 0.0045372644, 0.004529057, 0.0045233704, 0.0045091016, 0.00449075, 0.004479739, 0.0044532805, 0.0044198725, 0.0043787225, 0.004355074, 0.004302042, 0.0042418, 0.004209335, 0.004140277, 0.004065898, 0.004026701, 0.0039435546, 0.0038534545, 0.0037556775, 0.0037037756, 0.0035936309, 0.003475324, 0.0034132022, 0.0032831733, 0.003145539, 0.0029994277, 0.002922787, 0.002760669, 0.002584125, 0.0024898925, 0.0022907765, 0.0020913237, 0.0019423333, 0.0019181899, 0.002004584, 0, 0, 0, 0, 0, 0, 0, 0, 0, 0, 0, 0, 0, 0, 0, 0, 0, 0, 0, 0, 0, 0, 0, 0, 0, 0, 0, 0, 0, 0, 0, 0, 0, 0, 0, 0, 0, 0, 0, 0, 0, 0, 0, 0, 0, 0, 0, 0, 0, 0, 0, 0, 0, 0, 0, 0, 0, 0, 0, 0, 0, 0, 0, 0, 0, 0, 0, 0, 0, 0, 0, 0
0, 0, 0, 0.001786025, 0.0017512199, 0.0018274785, 0.0020077927, 0.002108885, 0.0023073992, 0.002490572, 0.0026568302, 0.0027345244, 0.0028810373, 0.003017067, 0.0030816977, 0.00320508, 0.0033210558, 0.0034309018, 0.0034838223, 0.0035865465, 0.0036856856, 0.003733984, 0.0038278191, 0.003917017, 0.0039593847, 0.0040386394, 0.004109987, 0.0041729626, 0.0042015724, 0.004254074, 0.0043019652, 0.0043247216, 0.0043690796, 0.0044122497, 0.0044537717, 0.0044734157, 0.004509027, 0.0045379666, 0.004549263, 0.0045650117, 0.0045715417, 0.0045717033, 0.0045668073, 0.0045566084, 0.004542863, 0.004534805, 0.0045162113, 0.004493387, 0.0044800225, 0.0044483845, 0.0044093756, 0.004362267, 0.004335735, 0.0042771874, 0.004212252, 0.0041778767, 0.004105447, 0.004028088, 0.0039873347, 0.0039008658, 0.003807103, 0.0037053921, 0.003651558, 0.0035379385, 0.0034168824, 0.0033538563, 0.0032229822, 0.0030861993, 0.0029428808, 0.0028683927, 0.0027123208, 0.002545253, 0.0024574115, 0.002276121, 0.0021050374, 0.0020098453, 0.002041137, 0.0024656274, 0, 0, 0, 0, 0, 0, 0, 0, 0, 0, 0, 0, 0, 0, 0, 0, 0, 0, 0, 0, 0, 0, 0, 0, 0, 0, 0, 0, 0, 0, 0, 0, 0, 0, 0, 0, 0, 0, 0, 0, 0, 0, 0, 0, 0, 0, 0, 0, 0, 0, 0, 0, 0, 0, 0, 0, 0, 0, 0, 0, 0, 0, 0, 0, 0, 0, 0, 0, 0, 0, 0, 0
0, 0, 0, 0.0020319782, 0.001977588, 0.0020318287, 0.0022053788, 0.0023049917, 0.0025006395, 0.0026801291, 0.0028428829, 0.0029190334, 0.0030626953, 0.003196391, 0.0032599452, 0.003380806, 0.0034938084, 0.0035998102, 0.0036504432, 0.0037480379, 0.0038410064, 0.0038859865, 0.003972564, 0.0040539997, 0.004092335, 0.0041637514, 0.0042277193, 0.0042843353, 0.0043102857, 0.0043583396, 0.0044025723, 0.0044237594, 0.004464806, 0.004503782, 0.004539421, 0.0045554573, 0.004582175, 0.0046004187, 0.0046060937, 0.0046106847, 0.004607146, 0.0046029817, 0.0045909896, 0.004575572, 0.004557642, 0.004547517, 0.0045243804, 0.0044958764, 0.0044790683, 0.0044396, 0.0043920693, 0.004336764, 0.0043064957, 0.0042416826, 0.004172264, 0.004136179, 0.0040613967, 0.0039823176, 0.003940652, 0.0038524773, 0.0037567243, 0.003653083, 0.0035982875, 0.0034837842, 0.0033631853, 0.0033009297, 0.0031733185, 0.0030417964, 0.0029060957, 0.0028362332, 0.00269119, 0.0025379425, 0.002457971, 0.002294083, 0.0021381695, 0.0020384993, 0.0020427573, 0.0022451254, 0, 0, 0, 0, 0, 0, 0, 0, 0, 0, 0, 0, 0, 0, 0, 0, 0, 0, 0, 0, 0, 0, 0, 0, 0, 0, 0, 0, 0, 0, 0, 0, 0, 0, 0, 0, 0, 0, 0, 0, 0, 0, 0, 0, 0, 0, 0, 0, 0, 0, 0, 0, 0, 0, 0, 0, 0, 0, 0, 0, 0, 0, 0, 0, 0, 0, 0, 0, 0, 0, 0, 0
0, 0, 0, 0.0024563032, 0.0023583751, 0.002343776, 0.0024763283, 0.0025617015, 0.0027357654, 0.0028995983, 0.0030511348, 0.0031229865, 0.0032602728, 0.0033897804, 0.0034514565, 0.0035688996, 0.003677906, 0.0037786646, 0.0038262063, 0.0039165276, 0.0040014046, 0.004042069, 0.0041197697, 0.004192134, 0.004226105, 0.004289225, 0.004345612, 0.0043955725, 0.0044183866, 0.0044604233, 0.004498607, 0.0045165303, 0.004550153, 0.0045799413, 0.0046044867, 0.004614228, 0.0046277437, 0.004632577, 0.0046318984, 0.004625246, 0.0046128733, 0.00460519, 0.0045876354, 0.0045681205, 0.0045459126, 0.0045334105, 0.004504375, 0.0044684405, 0.0044472963, 0.0043986193, 0.0043418696, 0.004278485, 0.0042448593, 0.004174929, 0.0041023986, 0.004065301, 0.003989447, 0.0039098626, 0.0038681556, 0.003779983, 0.0036845068, 0.0035820047, 0.003528187, 0.0034165683, 0.003300613, 0.0032413558, 0.0031210226, 0.0029984945, 0.0028733634, 0.0028091944, 0.0026769836, 0.0025374712, 0.0024645468, 0.0023132178, 0.0021619746, 0.0020413145, 0.0020146116, 0.0020863763, 0, 0, 0, 0, 0, 0, 0, 0, 0, 0, 0, 0, 0, 0, 0, 0, 0, 0, 0, 0, 0, 0, 0, 0, 0, 0, 0, 0, 0, 0, 0, 0, 0, 0, 0, 0, 0, 0, 0, 0, 0, 0, 0, 0, 0, 0, 0, 0, 0, 0, 0, 0, 0, 0, 0, 0, 0, 0, 0, 0, 0, 0, 0, 0, 0, 0, 0, 0, 0, 0, 0, 0
0, 0, 0, 0.0030247485, 0.002814467, 0.0026529133, 0.0027173536, 0.0027831185, 0.0029307108, 0.0030769608, 0.0032160946, 0.0032831384, 0.0034123869, 0.003535065, 0.0035935857, 0.003704539, 0.0038067156, 0.0039002365, 0.0039440976, 0.0040269867, 0.0041043833, 0.0041413824, 0.00421195, 0.004277437, 0.0043080123, 0.004364428, 0.0044143223, 0.0044575455, 0.0044769724, 0.0045117205, 0.0045416076, 0.00455489, 0.004578247, 0.0045963726, 0.004608171, 0.004611297, 0.004611642, 0.0046046395, 0.0045987335, 0.0045832107, 0.004564024, 0.004553461, 0.0045308396, 0.0045061624, 0.004478038, 0.004462179, 0.0044256523, 0.0043815714, 0.00435631, 0.00429996, 0.004236859, 0.004168934, 0.0041338564, 0.0040621236, 0.0039890516, 0.0039521563, 0.003876774, 0.0037982652, 0.0037572458, 0.0036709523, 0.0035786233, 0.0034805478, 0.0034295528, 0.0033246926, 0.003217008, 0.0031624942, 0.0030523615, 0.00294067, 0.002826957, 0.002768693, 0.0026484544, 0.0025212, 0.0024544424, 0.0023144332, 0.0021721104, 0.0020593659, 0.0020428363, 0.0022244693, 0.0029449835, 0, 0, 0, 0, 0, 0, 0, 0, 0, 0, 0, 0, 0, 0, 0, 0, 0, 0, 0, 0, 0, 0, 0, 0, 0, 0, 0, 0, 0, 0, 0, 0, 0, 0, 0, 0, 0, 0, 0, 0, 0, 0, 0, 0, 0, 0, 0, 0, 0, 0, 0, 0, 0, 0, 0, 0, 0, 0, 0, 0, 0, 0, 0, 0, 0, 0, 0, 0, 0, 0, 0
0, 0, 0, 0.0035596446, 0.0031419217, 0.0028128512, 0.0028252152, 0.0028794373, 0.0030144295, 0.0031534294, 0.0032864672, 0.0033503806, 0.0034727084, 0.0035873041, 0.0036413812, 0.0037427223, 0.0038353591, 0.0039199223, 0.0039597037, 0.004035394, 0.004106805, 0.0041410634, 0.0042063324, 0.0042665666, 0.0042942762, 0.004344555, 0.0043875235, 0.004423205, 0.0044385884, 0.0044646887, 0.0044853017, 0.0044937236, 0.004506717, 0.0045141797, 0.0045154756, 0.0045136125, 0.0045049926, 0.0044903937, 0.0044812327, 0.0044600246, 0.004435711, 0.0044225394, 0.004394278, 0.0043628872, 0.0043272977, 0.004307779, 0.004264005, 0.004213724, 0.004186104, 0.004126748, 0.0040629064, 0.003996238, 0.0039622546, 0.003893305, 0.0038232952, 0.0037877706, 0.00371509, 0.0036392524, 0.0035998346, 0.0035176938, 0.0034311498, 0.0033405332, 0.0032940467, 0.0031991529, 0.003102451, 0.0030535772, 0.002954908, 0.002854686, 0.0027517516, 0.0026988494, 0.002589291, 0.0024729124, 0.0024115238, 0.0022824123, 0.0021483633, 0.0020340302, 0.0020049203, 0.002084141, 0.0023833495, 0, 0, 0, 0, 0, 0, 0, 0, 0, 0, 0, 0, 0, 0, 0, 0, 0, 0, 0, 0, 0, 0, 0, 0, 0, 0, 0, 0, 0, 0, 0, 0, 0, 0, 0, 0, 0, 0, 0, 0, 0, 0, 0, 0, 0, 0, 0, 0, 0, 0, 0, 0, 0, 0, 0, 0, 0, 0, 0, 0, 0, 0, 0, 0, 0, 0, 0, 0, 0, 0, 0
0, 0, 0, 0.0031999478, 0.003011951, 0.0027535697, 0.00275858, 0.002811811, 0.0029502732, 0.0030944, 0.0032303524, 0.0032941408, 0.0034133557, 0.0035211132, 0.003570821, 0.0036624037, 0.003744958, 0.003820761, 0.0038568415, 0.003925971, 0.003991876, 0.0040234155, 0.004083026, 0.004136514, 0.004160526, 0.0042025987, 0.004236632, 0.0042630383, 0.0042737364, 0.0042907353, 0.0043026092, 0.00430682, 0.0043117204, 0.0043119276, 0.004307222, 0.004302759, 0.004289863, 0.004271977, 0.0042613577, 0.0042371335, 0.004208991, 0.0041935085, 0.0041597392, 0.0041221823, 0.004080692, 0.004058378, 0.0040106894, 0.003959056, 0.003931932, 0.0038755932, 0.003817101, 0.0037570577, 0.003726602, 0.0036643695, 0.0036003415, 0.003567415, 0.003499477, 0.0034284873, 0.0033918319, 0.003316263, 0.003237993, 0.0031576322, 0.0031168677, 0.0030341127, 0.0029498907, 0.0029071975, 0.0028203814, 0.0027310618, 0.0026384643, 0.0025906342, 0.0024911216, 0.0023852156, 0.002329356, 0.0022111952, 0.0020859975, 0.0019696762, 0.0019283781, 0.001932826, 0.0020774524, 0, 0, 0, 0, 0, 0, 0, 0, 0, 0, 0, 0, 0, 0, 0, 0, 0, 0, 0, 0, 0, 0, 0, 0, 0, 0, 0, 0, 0, 0, 0, 0, 0, 0, 0, 0, 0, 0, 0, 0, 0, 0, 0, 0, 0, 0, 0, 0, 0, 0, 0, 0, 0, 0, 0, 0, 0, 0, 0, 0, 0, 0, 0, 0, 0, 0, 0, 0, 0, 0, 0
0, 0, 0, 0.0036861862, 0.0031380253, 0.0026062834, 0.0025539321, 0.0026015532, 0.0027444921, 0.0028987515, 0.0030423398, 0.0031083687, 0.0032279738, 0.003331974, 0.0033787726, 0.0034634634, 0.0035390921, 0.003608459, 0.0036415157, 0.0037047337, 0.0037642033, 0.0037920724, 0.0038432102, 0.0038867549, 0.003905446, 0.0039365073, 0.0039596474, 0.0039759357, 0.003981988, 0.003990667, 0.003995481, 0.0039965925, 0.0039964267, 0.0039929003, 0.0039853277, 0.0039799665, 0.0039658896, 0.003947064, 0.0039359983, 0.003910295, 0.0038801793, 0.0038634385, 0.0038270669, 0.0037872093, 0.0037444711, 0.0037222446, 0.003676336, 0.003629215, 0.0036053483, 0.0035570378, 0.0035077904, 0.0034573623, 0.0034314438, 0.0033777156, 0.0033211368, 0.0032917128, 0.0032305932, 0.0031670625, 0.0031345002, 0.003068386, 0.0030013006, 0.0029334654, 0.0028992398, 0.0028298893, 0.0027586832, 0.0027222265, 0.0026472376, 0.0025690314, 0.0024868902, 0.0024442233, 0.0023553467, 0.0022606838, 0.002210591, 0.0021045804, 0.001992853, 0.0018911693, 0.0018593798, 0.0019120292, 0.0023262491, 0.002720681, 0, 0, 0, 0, 0, 0, 0, 0, 0, 0, 0, 0, 0, 0, 0, 0, 0, 0, 0, 0, 0, 0, 0, 0, 0, 0, 0, 0, 0, 0, 0, 0, 0, 0, 0, 0, 0, 0, 0, 0, 0, 0, 0, 0, 0, 0, 0, 0, 0, 0, 0, 0, 0, 0, 0, 0, 0, 0, 0, 0, 0, 0, 0, 0, 0, 0, 0, 0, 0, 0
0, 0, 0, 0, 0.0025908377, 0.0023078206, 0.002251902, 0.002295515, 0.0024401282, 0.002601275, 0.0027502957, 0.0028176103, 0.0029374904, 0.0030390115, 0.0030841343, 0.0031650472, 0.0032366381, 0.0033015893, 0.0033320533, 0.0033891047, 0.0034402795, 0.0034633726, 0.0035033666, 0.0035347417, 0.003547237, 0.003566356, 0.0035788969, 0.0035862657, 0.0035884732, 0.003590913, 0.0035910679, 0.0035902737, 0.0035870157, 0.0035811882, 0.0035719848, 0.003565938, 0.0035508052, 0.0035314828, 0.0035201735, 0.0034948462, 0.0034656185, 0.0034497574, 0.0034158055, 0.0033797764, 0.003342366, 0.003323441, 0.003285228, 0.0032471262, 0.0032281645, 0.003190159, 0.0031510917, 0.0031102118, 0.0030887376, 0.0030435666, 0.0029954081, 0.0029703607, 0.0029187226, 0.0028656637, 0.0028388884, 0.0027853455, 0.002731905, 0.0026784108, 0.0026512968, 0.002595598, 0.0025374042, 0.0025070515, 0.0024438512, 0.0023768859, 0.0023061368, 0.002269338, 0.0021920505, 0.0021089884, 0.0020649529, 0.0019706744, 0.0018699071, 0.0017754391, 0.0017427441, 0.001762594, 0.0019934594, 0.0021570616, 0, 0, 0, 0, 0, 0, 0, 0, 0, 0, 0, 0, 0, 0, 0, 0, 0, 0, 0, 0, 0, 0, 0, 0, 0, 0, 0, 0, 0, 0, 0, 0, 0, 0, 0, 0, 0, 0, 0, 0, 0, 0, 0, 0, 0, 0, 0, 0, 0, 0, 0, 0, 0, 0, 0, 0, 0, 0, 0, 0, 0, 0, 0, 0, 0, 0, 0, 0, 0, 0
0, 0, 0, 0, 0.0028147604, 0.0020831819, 0.0019383816, 0.0019708783, 0.0021082282, 0.002265752, 0.002409757, 0.0024739553, 0.0025871117, 0.002682378, 0.0027245877, 0.0028002874, 0.0028669257, 0.0029261308, 0.0029532507, 0.0030021367, 0.003043173, 0.0030606347, 0.0030887453, 0.0031084893, 0.0031154435, 0.0031247616, 0.0031293656, 0.0031307777, 0.003130795, 0.0031296648, 0.0031271598, 0.003125236, 0.0031198917, 0.0031115487, 0.0030998767, 0.003092798, 0.0030762954, 0.003056744, 0.00304599, 0.0030228551, 0.0029982387, 0.0029854737, 0.0029594009, 0.0029327387, 0.0029059632, 0.0028925564, 0.0028656016, 0.0028385827, 0.0028248678, 0.0027966998, 0.0027668446, 0.0027345375, 0.002717404, 0.00268126, 0.0026432485, 0.0026238724, 0.0025848239, 0.0025459235, 0.0025265887, 0.0024882606, 0.002450134, 0.002411197, 0.0023909814, 0.0023484868, 0.0023023556, 0.0022779265, 0.002226379, 0.0021713215, 0.0021128166, 0.0020821195, 0.0020172596, 0.0019460438, 0.0019074685, 0.0018231416, 0.0017285821, 0.0016307198, 0.0015879862, 0.0015502794, 0.0016418225, 0.0017279156, 0, 0, 0, 0, 0, 0, 0, 0, 0, 0, 0, 0, 0, 0, 0, 0, 0, 0, 0, 0, 0, 0, 0, 0, 0, 0, 0, 0, 0, 0, 0, 0, 0, 0, 0, 0, 0, 0, 0, 0, 0, 0, 0, 0, 0, 0, 0, 0, 0, 0, 0, 0, 0, 0, 0, 0, 0, 0, 0, 0, 0, 0, 0, 0, 0, 0, 0, 0, 0, 0
0, 0, 0, 0, 0, 0.0016856504, 0.0016573833, 0.0016966531, 0.0018228937, 0.0019596668, 0.0020818568, 0.0021357727, 0.0022304165, 0.0023102374, 0.0023456758, 0.002409496, 0.0024651033, 0.0025135174, 0.0025350568, 0.0025724808, 0.0026018855, 0.0026135554, 0.0026311455, 0.002641751, 0.0026449473, 0.0026482171, 0.0026485622, 0.0026471165, 0.002646063, 0.0026432949, 0.0026392941, 0.0026365407, 0.0026291606, 0.002618689, 0.0026051165, 0.0025973578, 0.0025804965, 0.002562498, 0.0025534246, 0.0025355236, 0.002518545, 0.0025104298, 0.0024950698, 0.002480584, 0.0024662062, 0.0024590031, 0.00244385, 0.0024275891, 0.0024188217, 0.0023994928, 0.0023782365, 0.0023548417, 0.00234253, 0.0023175592, 0.0022926016, 0.0022805117, 0.0022572535, 0.0022349386, 0.0022240395, 0.0022019243, 0.0021787041, 0.002153148, 0.0021391078, 0.0021082838, 0.0020733, 0.0020544273, 0.002014325, 0.0019714483, 0.0019254301, 0.0019010435, 0.0018485824, 0.0017892792, 0.0017564123, 0.0016825548, 0.0015965974, 0.0015026883, 0.0014581442, 0.0014019284, 0.0014459288, 0.001500765, 0, 0, 0, 0, 0, 0, 0, 0, 0, 0, 0, 0, 0, 0, 0, 0, 0, 0, 0, 0, 0, 0, 0, 0, 0, 0, 0, 0, 0, 0, 0, 0, 0, 0, 0, 0, 0, 0, 0, 0, 0, 0, 0, 0, 0, 0, 0, 0, 0, 0, 0, 0, 0, 0, 0, 0, 0, 0, 0, 0, 0, 0, 0, 0, 0, 0, 0, 0, 0, 0
0, 0, 0, 0, 0, 0.0016315843, 0.0015459822, 0.0015559583, 0.0016286934, 0.0017200225, 0.0018038548, 0.0018412067, 0.0019065387, 0.0019617425, 0.001986328, 0.0020301626, 0.0020678176, 0.0020996525, 0.002113338, 0.0021363667, 0.0021534357, 0.0021598942, 0.0021689306, 0.002173421, 0.0021741765, 0.0021740803, 0.0021722247, 0.0021692335, 0.0021674407, 0.0021633012, 0.0021577955, 0.0021542665, 0.0021458217, 0.002135172, 0.0021226031, 0.0021159323, 0.00210237, 0.002089562, 0.002083708, 0.0020734642, 0.002065398, 0.002062222, 0.0020573102, 0.002053833, 0.0020506661, 0.0020488848, 0.0020443331, 0.0020376614, 0.0020335284, 0.002023596, 0.002012062, 0.0019995684, 0.0019934499, 0.0019823178, 0.0019729966, 0.0019690897, 0.0019623023, 0.001956365, 0.0019531955, 0.0019455918, 0.0019350387, 0.0019206415, 0.0019118564, 0.0018910591, 0.0018666877, 0.0018532858, 0.0018247188, 0.0017938544, 0.0017598743, 0.0017413414, 0.0017005621, 0.0016531855, 0.0016264253, 0.0015659383, 0.001495933, 0.0014215155, 0.0013886475, 0.0013651751, 0.0015016412, 0.001693445, 0, 0, 0, 0, 0, 0, 0, 0, 0, 0, 0, 0, 0, 0, 0, 0, 0, 0, 0, 0, 0, 0, 0, 0, 0, 0, 0, 0, 0, 0, 0, 0, 0, 0, 0, 0, 0, 0, 0, 0, 0, 0, 0, 0, 0, 0, 0, 0, 0, 0, 0, 0, 0, 0, 0, 0, 0, 0, 0, 0, 0, 0, 0, 0, 0, 0, 0, 0, 0, 0
0, 0, 0, 0, 0, 0.0017967512, 0.0015556125, 0.0015081773, 0.0014986552, 0.0015338048, 0.0015757076, 0.0015952914, 0.0016297601, 0.0016582549, 0.0016704592, 0.0016912683, 0.0017077908, 0.0017206509, 0.001725988, 0.0017344294, 0.0017402734, 0.0017423666, 0.0017447879, 0.0017449199, 0.0017441332, 0.0017412243, 0.0017369092, 0.0017314369, 0.0017283537, 0.0017216594, 0.001714545, 0.0017107736, 0.0017030166, 0.0016954978, 0.0016882874, 0.0016849443, 0.001679001, 0.001674468, 0.0016727457, 0.0016708231, 0.0016710716, 0.0016719855, 0.0016751051, 0.0016797404, 0.001684835, 0.0016873506, 0.0016915975, 0.0016942989, 0.0016949604, 0.0016954353, 0.0016955868, 0.0016963114, 0.0016972958, 0.0017008731, 0.001706597, 0.0017100818, 0.0017175019, 0.0017242868, 0.0017269301, 0.0017297639, 0.0017286722, 0.0017231244, 0.0017188479, 0.0017075777, 0.001693552, 0.0016857521, 0.0016685141, 0.0016488252, 0.0016256643, 0.001612489, 0.0015820847, 0.0015456617, 0.0015250909, 0.0014792425, 0.0014282101, 0.001378182, 0.0013587918, 0.0013573194, 0.0014691855, 0.0015836513, 0, 0, 0, 0, 0, 0, 0, 0, 0, 0, 0, 0, 0, 0, 0, 0, 0, 0, 0, 0, 0, 0, 0, 0, 0, 0, 0, 0, 0, 0, 0, 0, 0, 0, 0, 0, 0, 0, 0, 0, 0, 0, 0, 0, 0, 0, 0, 0, 0, 0, 0, 0, 0, 0, 0, 0, 0, 0, 0, 0, 0, 0, 0, 0, 0, 0, 0, 0, 0, 0
0, 0, 0, 0, 0, 0.001983811, 0.0015360676, 0.0014391547, 0.0013674146, 0.0013637767, 0.0013777431, 0.0013853766, 0.0013985749, 0.0014072502, 0.0014098292, 0.0014117621, 0.0014106685, 0.0014077873, 0.0014061411, 0.0014031539, 0.0014005632, 0.0013994445, 0.0013970227, 0.0013936053, 0.0013914057, 0.0013853402, 0.0013774757, 0.0013682821, 0.0013634914, 0.0013540158, 0.0013458983, 0.0013427091, 0.0013382724, 0.001336686, 0.0013376676, 0.001338835, 0.0013420118, 0.0013460038, 0.0013482264, 0.0013534245, 0.0013596695, 0.0013633345, 0.0013717213, 0.0013817204, 0.0013930554, 0.0013989856, 0.0014110248, 0.0014227084, 0.0014284027, 0.0014398819, 0.0014519698, 0.0014653731, 0.0014726279, 0.0014884805, 0.0015053903, 0.001513913, 0.0015302623, 0.0015446777, 0.0015507793, 0.0015601439, 0.0015655874, 0.0015673448, 0.0015670821, 0.001564932, 0.0015609509, 0.0015582971, 0.0015512399, 0.0015412095, 0.0015268448, 0.001517821, 0.0014956762, 0.0014682052, 0.0014525874, 0.0014185706, 0.0013824351, 0.0013497245, 0.0013389494, 0.001351028, 0.0014774621, 0.0016292098, 0.0021961755, 0, 0, 0, 0, 0, 0, 0, 0, 0, 0, 0, 0, 0, 0, 0, 0, 0, 0, 0, 0, 0, 0, 0, 0, 0, 0, 0, 0, 0, 0, 0, 0, 0, 0, 0, 0, 0, 0, 0, 0, 0, 0, 0, 0, 0, 0, 0, 0, 0, 0, 0, 0, 0, 0, 0, 0, 0, 0, 0, 0, 0, 0, 0, 0, 0, 0, 0, 0, 0
0, 0, 0, 0, 0, 0.0016303298, 0.0013799808, 0.0012902252, 0.0012091008, 0.0011962904, 0.001203381, 0.001207873, 0.001213921, 0.0012137982, 0.0012114955, 0.0012032712, 0.0011919561, 0.0011799084, 0.0011742457, 0.0011644425, 0.0011569614, 0.0011539415, 0.0011484621, 0.0011424078, 0.0011388848, 0.0011299441, 0.0011190462, 0.0011070581, 0.0011013192, 0.0010911968, 0.0010845575, 0.0010829392, 0.0010834261, 0.001088537, 0.0010969104, 0.001101741, 0.001111874, 0.0011217983, 0.001126482, 0.0011360612, 0.001146062, 0.0011513723, 0.0011633829, 0.0011775778, 0.0011941505, 0.0012030283, 0.0012219265, 0.0012416723, 0.001251829, 0.0012724642, 0.0012935986, 0.0013154678, 0.0013266966, 0.0013493523, 0.0013716071, 0.0013823825, 0.0014025626, 0.0014203393, 0.0014281707, 0.001441344, 0.0014517119, 0.0014596985, 0.0014630725, 0.001468699, 0.0014728465, 0.0014741734, 0.0014745978, 0.0014710438, 0.00146243, 0.0014561767, 0.0014393014, 0.0014173905, 0.001404686, 0.0013768321, 0.0013464814, 0.0013166368, 0.0013046793, 0.0013024578, 0.0013781006, 0.0014718531, 0.0017495753, 0, 0, 0, 0, 0, 0, 0, 0, 0, 0, 0, 0, 0, 0, 0, 0, 0, 0, 0, 0, 0, 0, 0, 0, 0, 0, 0, 0, 0, 0, 0, 0, 0, 0, 0, 0, 0, 0, 0, 0, 0, 0, 0, 0, 0, 0, 0, 0, 0, 0, 0, 0, 0, 0, 0, 0, 0, 0, 0, 0, 0, 0, 0, 0, 0, 0, 0, 0, 0
0, 0, 0, 0, 0, 0.0017573552, 0.0012698768, 0.0011540195, 0.0010658714, 0.0010599038, 0.0010734391, 0.0010799164, 0.0010877769, 0.0010869522, 0.0010835178, 0.0010722313, 0.0010573765, 0.0010420168, 0.0010347627, 0.0010223609, 0.0010126472, 0.0010086526, 0.0010013637, 0.0009938566, 0.0009897568, 0.0009798484, 0.000968734, 0.00095788157, 0.00095311034, 0.0009461429, 0.0009440362, 0.0009449017, 0.0009504388, 0.0009603278, 0.0009725331, 0.0009790022, 0.0009917398, 0.0010035406, 0.0010092153, 0.0010205569, 0.001032871, 0.001039572, 0.0010548731, 0.0010730947, 0.0010941442, 0.0011055333, 0.001129593, 0.0011547279, 0.0011673807, 0.0011926402, 0.0012175742, 0.0012422974, 0.0012545206, 0.0012784499, 0.0013013083, 0.0013122505, 0.0013331489, 0.0013521158, 0.0013609235, 0.0013768935, 0.0013910813, 0.0014037639, 0.0014096682, 0.0014202205, 0.0014287521, 0.0014319674, 0.001435447, 0.0014343597, 0.0014278258, 0.0014226456, 0.0014082355, 0.0013884697, 0.0013767243, 0.001349586, 0.0013168856, 0.0012786508, 0.0012588388, 0.0012261575, 0.0012353351, 0.0012739579, 0.001419417, 0, 0, 0, 0, 0, 0, 0, 0, 0, 0, 0, 0, 0, 0, 0, 0, 0, 0, 0, 0, 0, 0, 0, 0, 0, 0, 0, 0, 0, 0, 0, 0, 0, 0, 0, 0, 0, 0, 0, 0, 0, 0, 0, 0, 0, 0, 0, 0, 0, 0, 0, 0, 0, 0, 0, 0, 0, 0, 0, 0, 0, 0, 0, 0, 0, 0, 0, 0, 0
0, 0, 0, 0, 0, 0, 0.0010974518, 0.0010402348, 0.0009909966, 0.0009974135, 0.0010172573, 0.0010256137, 0.0010352122, 0.0010346682, 0.0010311467, 0.0010193292, 0.0010040075, 0.0009880458, 0.0009805071, 0.0009672178, 0.0009566374, 0.00095196354, 0.0009439066, 0.00093629834, 0.0009324247, 0.00092445395, 0.00091694336, 0.0009112271, 0.0009095611, 0.00090899854, 0.00091268064, 0.00091611693, 0.00092536246, 0.0009368133, 0.0009488878, 0.00095486885, 0.0009665265, 0.000977774, 0.0009833866, 0.0009956445, 0.0010098383, 0.0010179915, 0.001036445, 0.0010579985, 0.0010820769, 0.0010947323, 0.0011207204, 0.001146874, 0.0011596389, 0.0011844109, 0.0012082062, 0.0012312558, 0.001242573, 0.0012646734, 0.0012860645, 0.0012965556, 0.0013170536, 0.0013365772, 0.0013459639, 0.0013638816, 0.0013802546, 0.0013949354, 0.0014015876, 0.0014130861, 0.0014212218, 0.0014239586, 0.0014261194, 0.0014235668, 0.0014163014, 0.0014110028, 0.0013966435, 0.0013774367, 0.001365594, 0.0013370077, 0.001300052, 0.0012528973, 0.0012258152, 0.0011719835, 0.0011457963, 0.0011599361, 0.0012486025, 0, 0, 0, 0, 0, 0, 0, 0, 0, 0, 0, 0, 0, 0, 0, 0, 0, 0, 0, 0, 0, 0, 0, 0, 0, 0, 0, 0, 0, 0, 0, 0, 0, 0, 0, 0, 0, 0, 0, 0, 0, 0, 0, 0, 0, 0, 0, 0, 0, 0, 0, 0, 0, 0, 0, 0, 0, 0, 0, 0, 0, 0, 0, 0, 0, 0, 0, 0, 0
0, 0, 0, 0, 0, 0, 0.0011836934, 0.001110641, 0.001037921, 0.0010314028, 0.0010440925, 0.0010498854, 0.0010552787, 0.0010518357, 0.0010472657, 0.0010345149, 0.0010192737, 0.0010035614, 0.0009961457, 0.0009828863, 0.00097185443, 0.0009671518, 0.00095923763, 0.0009527771, 0.0009500103, 0.00094585284, 0.0009441013, 0.0009452655, 0.00094707706, 0.0009529383, 0.00096154097, 0.00096637243, 0.000976828, 0.0009871359, 0.0009970518, 0.0010017401, 0.0010110148, 0.0010211181, 0.0010267586, 0.0010399001, 0.0010558963, 0.0010650557, 0.0010855459, 0.0011082183, 0.0011321114, 0.0011441677, 0.0011679349, 0.0011906956, 0.0012016587, 0.0012227587, 0.0012430457, 0.0012628804, 0.0012727901, 0.0012925501, 0.0013125038, 0.0013224984, 0.0013423768, 0.001361664, 0.0013710039, 0.0013888797, 0.0014047549, 0.0014182209, 0.0014238476, 0.0014322839, 0.0014366024, 0.0014371373, 0.0014350121, 0.0014289292, 0.0014195567, 0.0014136505, 0.0013991654, 0.0013804219, 0.0013690193, 0.0013406315, 0.0013026705, 0.0012536785, 0.0012255972, 0.0011700997, 0.0011489503, 0.0011776575, 0.0014139016, 0, 0, 0, 0, 0, 0, 0, 0, 0, 0, 0, 0, 0, 0, 0, 0, 0, 0, 0, 0, 0, 0, 0, 0, 0, 0, 0, 0, 0, 0, 0, 0, 0, 0, 0, 0, 0, 0, 0, 0, 0, 0, 0, 0, 0, 0, 0, 0, 0, 0, 0, 0, 0, 0, 0, 0, 0, 0, 0, 0, 0, 0, 0, 0, 0, 0, 0, 0, 0
0, 0, 0, 0, 0, 0, 0.0014547441, 0.0013243768, 0.0011741386, 0.0011303884, 0.0011243429, 0.0011240329, 0.0011214938, 0.0011137954, 0.0011082962, 0.0010954482, 0.0010813425, 0.0010677006, 0.0010613493, 0.0010499964, 0.001040583, 0.0010365422, 0.0010301287, 0.0010257814, 0.0010246577, 0.0010243118, 0.0010272298, 0.001033174, 0.0010370967, 0.0010463428, 0.0010563912, 0.001061297, 0.0010704701, 0.00107868, 0.0010860453, 0.0010897194, 0.0010977944, 0.0011077115, 0.0011135775, 0.0011273493, 0.0011438786, 0.0011529854, 0.0011723988, 0.0011924536, 0.0012121745, 0.0012217079, 0.0012398945, 0.0012571962, 0.0012655826, 0.0012824095, 0.0012993481, 0.0013167777, 0.001325671, 0.001343703, 0.0013618973, 0.0013709932, 0.0013887908, 0.001405638, 0.0014137002, 0.0014285682, 0.0014410629, 0.001450361, 0.0014536607, 0.0014571664, 0.0014564476, 0.0014545637, 0.0014483483, 0.0014396845, 0.0014289089, 0.0014229016, 0.0014092224, 0.0013923395, 0.0013822706, 0.0013569419, 0.0013233381, 0.0012804279, 0.0012561955, 0.0012097198, 0.0011916831, 0.0012114778, 0.0013478617, 0, 0, 0, 0, 0, 0, 0, 0, 0, 0, 0, 0, 0, 0, 0, 0, 0, 0, 0, 0, 0, 0, 0, 0, 0, 0, 0, 0, 0, 0, 0, 0, 0, 0, 0, 0, 0, 0, 0, 0, 0, 0, 0, 0, 0, 0, 0, 0, 0, 0, 0, 0, 0, 0, 0, 0, 0, 0, 0, 0, 0, 0, 0, 0, 0, 0, 0, 0, 0
0, 0, 0, 0, 0, 0, 0.001719071, 0.001599741, 0.0013690704, 0.001264282, 0.001234245, 0.0012309267, 0.0012312467, 0.001233789, 0.0012348301, 0.0012366932, 0.0012387582, 0.0012408484, 0.0012422443, 0.0012446919, 0.0012468125, 0.001247734, 0.0012493293, 0.0012508855, 0.0012517811, 0.0012540952, 0.0012570736, 0.0012605195, 0.0012622316, 0.0012657724, 0.0012688307, 0.0012704505, 0.0012734368, 0.0012769825, 0.0012815006, 0.0012842894, 0.0012913707, 0.0012998888, 0.0013045436, 0.0013141597, 0.0013233065, 0.0013274222, 0.0013343911, 0.0013399152, 0.0013450169, 0.0013477089, 0.0013540225, 0.0013626912, 0.0013678828, 0.0013800028, 0.001393381, 0.001406652, 0.0014129354, 0.001424061, 0.0014329499, 0.0014364508, 0.001442138, 0.0014462947, 0.0014479364, 0.0014506602, 0.0014523551, 0.0014528979, 0.0014525173, 0.0014504107, 0.0014463261, 0.0014436588, 0.0014374255, 0.0014300946, 0.0014221066, 0.0014177478, 0.0014082735, 0.0013971368, 0.0013906104, 0.001375107, 0.0013561716, 0.0013341418, 0.0013229065, 0.0013057101, 0.0013160254, 0.0013482583, 0.0015390427, 0.0020334593, 0.0023702753, 0, 0, 0, 0, 0, 0, 0, 0, 0, 0, 0, 0, 0, 0, 0, 0, 0, 0, 0, 0, 0, 0, 0, 0, 0, 0, 0, 0, 0, 0, 0, 0, 0, 0, 0, 0, 0, 0, 0, 0, 0, 0, 0, 0, 0, 0, 0, 0, 0, 0, 0, 0, 0, 0, 0, 0, 0, 0, 0, 0, 0, 0, 0, 0, 0, 0, 0
0, 0, 0, 0, 0, 0, 0.0021071285, 0.0018114316, 0.0013936572, 0.0012409308, 0.0012118942, 0.001214967, 0.0012312721, 0.0012495139, 0.0012580027, 0.0012734687, 0.0012875885, 0.0013007019, 0.00130679, 0.0013177926, 0.0013268833, 0.0013306936, 0.0013363669, 0.0013400075, 0.0013412476, 0.0013427528, 0.0013429861, 0.0013421848, 0.0013414938, 0.0013396229, 0.0013377587, 0.001336898, 0.0013357571, 0.001336084, 0.0013378119, 0.0013393096, 0.0013432634, 0.0013478315, 0.0013500226, 0.0013534955, 0.0013552784, 0.0013555276, 0.0013548093, 0.0013535569, 0.0013532216, 0.0013537579, 0.0013570698, 0.0013637486, 0.0013680395, 0.0013780721, 0.0013883743, 0.001397353, 0.0014009565, 0.001405912, 0.0014078113, 0.0014078062, 0.0014064488, 0.0014045911, 0.0014035986, 0.0014021235, 0.0014012959, 0.0014008642, 0.0014004735, 0.001399406, 0.0013973141, 0.0013959308, 0.0013921628, 0.0013872306, 0.0013813194, 0.0013778404, 0.0013700926, 0.0013606653, 0.0013551745, 0.0013426619, 0.0013273745, 0.0013098415, 0.0013005472, 0.0012841828, 0.0012832907, 0.0012992487, 0.0014055077, 0.0016662369, 0.0018130593, 0, 0, 0, 0, 0, 0, 0, 0, 0, 0, 0, 0, 0, 0, 0, 0, 0, 0, 0, 0, 0, 0, 0, 0, 0, 0, 0, 0, 0, 0, 0, 0, 0, 0, 0, 0, 0, 0, 0, 0, 0, 0, 0, 0, 0, 0, 0, 0, 0, 0, 0, 0, 0, 0, 0, 0, 0, 0, 0, 0, 0, 0, 0, 0, 0, 0, 0
0, 0, 0, 0, 0, 0, 0, 0.0017160709, 0.001305467, 0.0011684453, 0.0011589425, 0.0011714307, 0.0012043333, 0.0012366296, 0.00125117, 0.0012772556, 0.0012999043, 0.0013199097, 0.0013287911, 0.0013443946, 0.0013569205, 0.0013617773, 0.0013690153, 0.0013730655, 0.0013739138, 0.0013739984, 0.0013715837, 0.0013672581, 0.0013644939, 0.0013583286, 0.0013516885, 0.0013484727, 0.001342604, 0.0013382237, 0.0013348026, 0.0013337354, 0.0013319005, 0.0013300052, 0.0013287857, 0.0013253026, 0.0013202674, 0.0013173099, 0.0013113724, 0.0013062264, 0.0013033198, 0.0013030322, 0.0013046672, 0.0013091577, 0.0013120864, 0.0013183376, 0.0013236947, 0.0013268933, 0.0013273829, 0.0013264924, 0.0013233587, 0.0013212701, 0.0013167718, 0.0013128503, 0.0013113789, 0.0013097747, 0.0013098076, 0.0013107652, 0.0013113015, 0.0013121201, 0.0013120249, 0.001311476, 0.0013097712, 0.0013066635, 0.0013022741, 0.0012995556, 0.0012932853, 0.001285388, 0.0012807853, 0.0012696276, 0.0012552944, 0.0012368079, 0.001225794, 0.0012007963, 0.001177025, 0.0011715413, 0.0011975345, 0.0013148612, 0.0013938639, 0, 0, 0, 0, 0, 0, 0, 0, 0, 0, 0, 0, 0, 0, 0, 0, 0, 0, 0, 0, 0, 0, 0, 0, 0, 0, 0, 0, 0, 0, 0, 0, 0, 0, 0, 0, 0, 0, 0, 0, 0, 0, 0, 0, 0, 0, 0, 0, 0, 0, 0, 0, 0, 0, 0, 0, 0, 0, 0, 0, 0, 0, 0, 0, 0, 0, 0
0, 0, 0, 0, 0, 0, 0, 0, 0.001191513, 0.0011159827, 0.0011160313, 0.0011304884, 0.00116767, 0.0012039915, 0.0012204726, 0.0012495253, 0.0012739383, 0.0012941521, 0.001302709, 0.0013167632, 0.0013269217, 0.001330607, 0.0013353802, 0.0013368546, 0.001336699, 0.0013338994, 0.0013289279, 0.0013214924, 0.0013169572, 0.001306774, 0.0012955773, 0.0012899492, 0.0012786592, 0.0012680901, 0.0012581926, 0.0012535865, 0.001244621, 0.0012358183, 0.0012312518, 0.0012219403, 0.0012124091, 0.0012078293, 0.0011998013, 0.001193664, 0.001190005, 0.0011891624, 0.0011887948, 0.0011899456, 0.0011906372, 0.001191717, 0.0011914136, 0.0011895017, 0.0011878943, 0.001184025, 0.001179847, 0.0011779903, 0.0011753109, 0.0011742999, 0.0011745336, 0.0011763588, 0.0011791912, 0.0011825947, 0.0011841647, 0.0011864613, 0.0011875959, 0.0011877813, 0.0011872526, 0.0011858718, 0.001183696, 0.0011822701, 0.0011786757, 0.0011734521, 0.001170003, 0.0011607661, 0.0011473793, 0.0011279809, 0.001115406, 0.0010848007, 0.0010494624, 0.0010342544, 0.0010294482, 0.0010951271, 0.0011446165, 0, 0, 0, 0, 0, 0, 0, 0, 0, 0, 0, 0, 0, 0, 0, 0, 0, 0, 0, 0, 0, 0, 0, 0, 0, 0, 0, 0, 0, 0, 0, 0, 0, 0, 0, 0, 0, 0, 0, 0, 0, 0, 0, 0, 0, 0, 0, 0, 0, 0, 0, 0, 0, 0, 0, 0, 0, 0, 0, 0, 0, 0, 0, 0, 0, 0, 0
0, 0, 0, 0, 0, 0, 0, 0, 0.0013071627, 0.0011419281, 0.0010973274, 0.0011001445, 0.0011242852, 0.0011545139, 0.0011688386, 0.0011938739, 0.0012138606, 0.0012283442, 0.0012337242, 0.0012407607, 0.0012438818, 0.001244209, 0.0012424183, 0.0012384697, 0.0012355697, 0.0012281177, 0.0012185303, 0.0012065051, 0.0011997881, 0.0011847223, 0.0011681452, 0.0011596482, 0.0011423914, 0.0011251761, 0.0011087237, 0.0011007454, 0.0010854845, 0.0010711823, 0.0010644171, 0.0010515657, 0.0010401994, 0.0010352163, 0.0010269016, 0.0010206372, 0.0010161842, 0.0010143202, 0.001011243, 0.0010080735, 0.0010064946, 0.0010028161, 0.0009985637, 0.0009942333, 0.0009922866, 0.0009892232, 0.0009881601, 0.0009885593, 0.0009909647, 0.0009955838, 0.0009984103, 0.0010047739, 0.0010111792, 0.0010169162, 0.0010194938, 0.0010235365, 0.001026555, 0.0010279603, 0.0010301269, 0.0010323826, 0.0010343711, 0.001035082, 0.0010359901, 0.0010354136, 0.0010340618, 0.0010289672, 0.001018931, 0.0010026894, 0.0009919237, 0.0009651665, 0.0009360909, 0.0009253404, 0.00093504356, 0.0010521271, 0.0011866268, 0, 0, 0, 0, 0, 0, 0, 0, 0, 0, 0, 0, 0, 0, 0, 0, 0, 0, 0, 0, 0, 0, 0, 0, 0, 0, 0, 0, 0, 0, 0, 0, 0, 0, 0, 0, 0, 0, 0, 0, 0, 0, 0, 0, 0, 0, 0, 0, 0, 0, 0, 0, 0, 0, 0, 0, 0, 0, 0, 0, 0, 0, 0, 0, 0, 0, 0
0, 0, 0, 0, 0, 0, 0, 0, 0.0014812192, 0.0011694453, 0.0010702977, 0.0010587774, 0.001066314, 0.0010869183, 0.0010975031, 0.0011150895, 0.0011269131, 0.001132275, 0.0011327547, 0.0011300157, 0.0011233379, 0.0011188878, 0.0011082683, 0.0010959212, 0.0010891386, 0.0010741559, 0.0010571941, 0.0010381225, 0.0010278301, 0.0010059748, 0.0009828684, 0.0009711366, 0.00094756595, 0.00092469604, 0.00090303476, 0.0008926386, 0.00087354047, 0.0008562663, 0.0008483231, 0.00083398004, 0.0008219963, 0.00081683876, 0.0008079186, 0.0008004254, 0.00079400046, 0.0007909245, 0.0007849317, 0.00077880855, 0.0007758196, 0.00077009195, 0.00076543377, 0.00076224125, 0.00076158805, 0.00076238037, 0.00076635764, 0.00076951756, 0.0007775183, 0.00078713667, 0.00079226104, 0.00080265256, 0.0008125173, 0.00082156964, 0.0008256777, 0.000833698, 0.0008414003, 0.0008452915, 0.0008535357, 0.00086186425, 0.00087020866, 0.00087437977, 0.00088140013, 0.0008866462, 0.00088834617, 0.00088890136, 0.00088523154, 0.00087646325, 0.0008700904, 0.00085470476, 0.00084048655, 0.0008379319, 0.00086098746, 0.00096170517, 0.0010483472, 0, 0, 0, 0, 0, 0, 0, 0, 0, 0, 0, 0, 0, 0, 0, 0, 0, 0, 0, 0, 0, 0, 0, 0, 0, 0, 0, 0, 0, 0, 0, 0, 0, 0, 0, 0, 0, 0, 0, 0, 0, 0, 0, 0, 0, 0, 0, 0, 0, 0, 0, 0, 0, 0, 0, 0, 0, 0, 0, 0, 0, 0, 0, 0, 0, 0, 0
0, 0, 0, 0, 0, 0, 0, 0, 0.001313968, 0.0011221009, 0.0010141416, 0.0009957714, 0.0009926659, 0.0010049192, 0.001011294, 0.0010198266, 0.0010214568, 0.0010159832, 0.0010110254, 0.0009973181, 0.0009800628, 0.0009703115, 0.00094963395, 0.000927373, 0.0009157078, 0.0008908053, 0.0008642898, 0.000836276, 0.00082164974, 0.0007917451, 0.0007615105, 0.00074678013, 0.0007179836, 0.00069109164, 0.00066659425, 0.00065515225, 0.0006344055, 0.00061599055, 0.0006076641, 0.00059247954, 0.000579364, 0.000573471, 0.00056266086, 0.00055296667, 0.00054423633, 0.0005401937, 0.0005328511, 0.00052666856, 0.0005239949, 0.00052024046, 0.00051873043, 0.00051985687, 0.0005214795, 0.0005271094, 0.0005357281, 0.00054099003, 0.0005526998, 0.00056560576, 0.0005723885, 0.0005862313, 0.0006003545, 0.0006146997, 0.0006220578, 0.00063724763, 0.0006529311, 0.00066098006, 0.00067742314, 0.00069377397, 0.0007094097, 0.00071675814, 0.0007300483, 0.0007414057, 0.00074612553, 0.0007531858, 0.00075718836, 0.00075812894, 0.00075739477, 0.0007553623, 0.00075622683, 0.00076092966, 0.00079418015, 0.0008998707, 0.0010036026, 0.0013429918, 0, 0, 0, 0, 0, 0, 0, 0, 0, 0, 0, 0, 0, 0, 0, 0, 0, 0, 0, 0, 0, 0, 0, 0, 0, 0, 0, 0, 0, 0, 0, 0, 0, 0, 0, 0, 0, 0, 0, 0, 0, 0, 0, 0, 0, 0, 0, 0, 0, 0, 0, 0, 0, 0, 0, 0, 0, 0, 0, 0, 0, 0, 0, 0, 0, 0
0, 0, 0, 0, 0, 0, 0, 0, 0.001486728, 0.0011062436, 0.0009582354, 0.0009321669, 0.0009185946, 0.00092078873, 0.0009215523, 0.00091788307, 0.00090677076, 0.0008886753, 0.0008775056, 0.0008522465, 0.0008240236, 0.00080909126, 0.00077796244, 0.000745495, 0.00072860473, 0.00069369207, 0.0006575253, 0.0006204061, 0.0006015763, 0.00056441524, 0.00052850985, 0.0005113818, 0.00047937498, 0.00045060614, 0.00042532335, 0.00041383188, 0.0003928345, 0.00037397584, 0.0003654515, 0.00034905775, 0.00033411736, 0.00032709187, 0.0003139841, 0.00030256694, 0.00029299487, 0.00028905354, 0.00028312395, 0.00028007897, 0.00027953152, 0.00028070068, 0.00028464306, 0.00029120137, 0.0002953481, 0.0003053422, 0.00031703158, 0.00032355398, 0.0003376446, 0.00035310822, 0.00036145636, 0.00037973092, 0.00039978707, 0.00042180184, 0.0004334718, 0.00045794857, 0.0004829184, 0.00049542217, 0.0005199158, 0.0005435578, 0.00056522136, 0.00057539076, 0.0005942128, 0.00061086204, 0.0006184443, 0.0006323009, 0.0006442745, 0.0006549425, 0.00065994717, 0.00066969945, 0.00068171334, 0.0006906359, 0.0007237713, 0.00080464676, 0.0008762768, 0.0010584045, 0, 0, 0, 0, 0, 0, 0, 0, 0, 0, 0, 0, 0, 0, 0, 0, 0, 0, 0, 0, 0, 0, 0, 0, 0, 0, 0, 0, 0, 0, 0, 0, 0, 0, 0, 0, 0, 0, 0, 0, 0, 0, 0, 0, 0, 0, 0, 0, 0, 0, 0, 0, 0, 0, 0, 0, 0, 0, 0, 0, 0, 0, 0, 0, 0, 0
0, 0, 0, 0, 0, 0, 0, 0, 0, 0.0010306553, 0.00092016364, 0.00089027686, 0.00086193485, 0.00084765535, 0.0008400655, 0.00082011224, 0.00079348247, 0.00076102634, 0.0007434249, 0.0007059002, 0.00066681026, 0.00064655213, 0.00060565525, 0.0005635368, 0.00054214237, 0.00049881265, 0.00045476234, 0.0004107132, 0.00038911856, 0.0003471886, 0.0003080383, 0.000289778, 0.00025642983, 0.00022741716, 0.00020219032, 0.00019082533, 0.00016996622, 0.00015105122, 0.00014202643, 0.00012472813, 0.00010848556, 0.00010076362, 8.682097e-05, 7.5457516e-05, 6.760168e-05, 6.509832e-05, 6.299443e-05, 6.491477e-05, 6.72714e-05, 7.4300486e-05, 8.384931e-05, 9.52948e-05, 0.00010149572, 0.00011467245, 0.00012901133, 0.000136764, 0.00015353532, 0.0001727985, 0.00018361313, 0.00020777756, 0.00023530785, 0.00026553927, 0.00028144976, 0.00031400693, 0.00034628776, 0.0003620883, 0.00039228666, 0.00042042165, 0.00044637933, 0.0004586779, 0.00048203292, 0.0005041635, 0.0005148786, 0.0005358299, 0.0005561415, 0.0005763605, 0.00058625883, 0.0006058806, 0.0006260979, 0.00063734496, 0.0006680667, 0.0007262907, 0.00077341945, 0.0008841428, 0, 0, 0, 0, 0, 0, 0, 0, 0, 0, 0, 0, 0, 0, 0, 0, 0, 0, 0, 0, 0, 0, 0, 0, 0, 0, 0, 0, 0, 0, 0, 0, 0, 0, 0, 0, 0, 0, 0, 0, 0, 0, 0, 0, 0, 0, 0, 0, 0, 0, 0, 0, 0, 0, 0, 0, 0, 0, 0, 0, 0, 0, 0, 0, 0, 0
0, 0, 0, 0, 0, 0, 0, 0, 0, 0.0011313009, 0.00094786356, 0.0008929238, 0.0008294618, 0.0007907615, 0.0007730368, 0.0007352152, 0.0006929972, 0.00064712233, 0.00062326144, 0.0005744942, 0.00052507885, 0.00050040195, 0.00045063283, 0.00040109828, 0.00037645706, 0.00032729495, 0.0002787878, 0.00023159993, 0.00020869446, 0.00016525756, 0.00012535244, 0.000106899184, 7.3469324e-05, 4.46459e-05, 1.937231e-05, 8.161486e-06, -1.2717435e-05, -3.1674426e-05, -4.053153e-05, -5.771372e-05, -7.33264e-05, -8.0621314e-05, -9.283691e-05, -0.00010166643, -0.00010627885, -0.0001067461, -0.000104477695, -9.7909746e-05, -9.3257666e-05, -8.181379e-05, -6.827601e-05, -5.3465254e-05, -4.568068e-05, -2.9528583e-05, -1.193309e-05, -2.4688577e-06, 1.8787501e-05, 4.36048e-05, 5.7570276e-05, 8.851099e-05, 0.0001228597, 0.00015923403, 0.00017774026, 0.00021457045, 0.00025002647, 0.0002669839, 0.00029945612, 0.00032977038, 0.00035900422, 0.00037316803, 0.0004014424, 0.00042980813, 0.0004441518, 0.00047296495, 0.0005018811, 0.0005307697, 0.00054501556, 0.0005728354, 0.00060029567, 0.00061456865, 0.00064950105, 0.0007119339, 0.0007671925, 0.0009740131, 0, 0, 0, 0, 0, 0, 0, 0, 0, 0, 0, 0, 0, 0, 0, 0, 0, 0, 0, 0, 0, 0, 0, 0, 0, 0, 0, 0, 0, 0, 0, 0, 0, 0, 0, 0, 0, 0, 0, 0, 0, 0, 0, 0, 0, 0, 0, 0, 0, 0, 0, 0, 0, 0, 0, 0, 0, 0, 0, 0, 0, 0, 0, 0, 0, 0
0, 0, 0, 0, 0, 0, 0, 0, 0, 0.0012971415, 0.0009947038, 0.00090934796, 0.0008073385, 0.00074560515, 0.00071941735, 0.00066848367, 0.0006156744, 0.0005606886, 0.00053258165, 0.00047580703, 0.00041918733, 0.00039106372, 0.00033555063, 0.00028176946, 0.00025542785, 0.00020408096, 0.00015472206, 0.000107776694, 8.53994e-05, 4.265894e-05, 3.5934681e-06, -1.4457632e-05, -4.742921e-05, -7.645137e-05, -0.000101729274, -0.00011310571, -0.00013371564, -0.00015185747, -0.00016003031, -0.00017514276, -0.00018801134, -0.00019362279, -0.00020242498, -0.00020784975, -0.00020894058, -0.00020786161, -0.00020267189, -0.00019381156, -0.0001880553, -0.00017481724, -0.00015962175, -0.00014294565, -0.00013394872, -0.00011497646, -9.343215e-05, -8.151942e-05, -5.475953e-05, -2.4252138e-05, -7.5396088e-06, 2.8330434e-05, 6.610596e-05, 0.00010465574, 0.00012346552, 0.00016027852, 0.0001950509, 0.0002118447, 0.00024435006, 0.00027623412, 0.00030846472, 0.0003250447, 0.00035922136, 0.00039485408, 0.00041282232, 0.0004494615, 0.00048589765, 0.0005214634, 0.0005389034, 0.0005724568, 0.00060532417, 0.00062215095, 0.0006623323, 0.0007294084, 0.0007870521, 0.0009991725, 0.0013654216, 0, 0, 0, 0, 0, 0, 0, 0, 0, 0, 0, 0, 0, 0, 0, 0, 0, 0, 0, 0, 0, 0, 0, 0, 0, 0, 0, 0, 0, 0, 0, 0, 0, 0, 0, 0, 0, 0, 0, 0, 0, 0, 0, 0, 0, 0, 0, 0, 0, 0, 0, 0, 0, 0, 0, 0, 0, 0, 0, 0, 0, 0, 0, 0, 0
0, 0, 0, 0, 0, 0, 0, 0, 0, 0.0012147787, 0.0010049553, 0.0009095145, 0.0007824064, 0.00070737244, 0.00067799323, 0.0006236304, 0.0005689828, 0.0005121012, 0.0004828457, 0.00042337668, 0.00036420327, 0.00033493646, 0.00027807627, 0.0002236991, 0.00019760679, 0.00014773342, 0.000100788486, 5.6481735e-05, 3.544683e-05, -4.5937827e-06, -4.165849e-05, -5.911075e-05, -9.139141e-05, -0.00012001432, -0.00014499202, -0.00015605296, -0.00017542522, -0.00019178947, -0.00019879312, -0.00021064903, -0.00022014137, -0.00022380147, -0.00022920896, -0.00023158286, -0.0002307736, -0.00022913584, -0.0002233854, -0.00021456135, -0.00020912272, -0.00019616928, -0.00018103662, -0.00016353845, -0.00015387137, -0.00013230495, -0.00010765475, -9.4024894e-05, -6.373266e-05, -3.0146082e-05, -1.2461374e-05, 2.4114657e-05, 6.109843e-05, 9.728472e-05, 0.00011485949, 0.00014888626, 0.00018152311, 0.00019771159, 0.00023009245, 0.00026415108, 0.00030029367, 0.0003194633, 0.00035923513, 0.00040090902, 0.00042194687, 0.00046382684, 0.00050438347, 0.00054313045, 0.00056155084, 0.000597037, 0.0006314802, 0.0006489577, 0.0006879836, 0.0007450441, 0.00078914245, 0.00093127764, 0.0011133314, 0, 0, 0, 0, 0, 0, 0, 0, 0, 0, 0, 0, 0, 0, 0, 0, 0, 0, 0, 0, 0, 0, 0, 0, 0, 0, 0, 0, 0, 0, 0, 0, 0, 0, 0, 0, 0, 0, 0, 0, 0, 0, 0, 0, 0, 0, 0, 0, 0, 0, 0, 0, 0, 0, 0, 0, 0, 0, 0, 0, 0, 0, 0, 0, 0
0, 0, 0, 0, 0, 0, 0, 0, 0, 0.001455455, 0.0010566036, 0.00091873656, 0.00075874384, 0.0006803568, 0.00065322587, 0.00060499395, 0.0005562056, 0.0005038822, 0.00047651454, 0.00042051545, 0.0003641743, 0.000336535, 0.00028281013, 0.00023237751, 0.00020834363, 0.00016296387, 0.000120783065, 8.120974e-05, 6.230319e-05, 2.6164938e-05, -7.917863e-06, -2.4036204e-05, -5.419648e-05, -8.110525e-05, -0.00010425602, -0.000114479226, -0.00013176844, -0.00014540578, -0.00015118551, -0.00016031126, -0.00016719077, -0.0001697596, -0.00017347187, -0.0001747922, -0.00017388213, -0.00017247742, -0.00016755631, -0.00015991161, -0.00015512948, -0.0001433146, -0.00012886628, -0.00011150234, -0.0001017033, -7.9588426e-05, -5.444561e-05, -4.074138e-05, -1.14009645e-05, 2.0091109e-05, 3.6371115e-05, 6.9177055e-05, 0.00010168884, 0.00013360498, 0.00014915751, 0.00017997752, 0.00021099251, 0.00022684211, 0.0002602638, 0.00029644417, 0.00033542892, 0.00035602314, 0.00039877286, 0.00044238838, 0.00046409087, 0.0005063888, 0.0005464826, 0.000584122, 0.00060181296, 0.00063553144, 0.00066754525, 0.00068327587, 0.000716256, 0.0007590835, 0.0007909495, 0.0009030579, 0.0011445124, 0, 0, 0, 0, 0, 0, 0, 0, 0, 0, 0, 0, 0, 0, 0, 0, 0, 0, 0, 0, 0, 0, 0, 0, 0, 0, 0, 0, 0, 0, 0, 0, 0, 0, 0, 0, 0, 0, 0, 0, 0, 0, 0, 0, 0, 0, 0, 0, 0, 0, 0, 0, 0, 0, 0, 0, 0, 0, 0, 0, 0, 0, 0, 0, 0
0, 0, 0, 0, 0, 0, 0, 0, 0, 0, 0.0010237023, 0.0008941691, 0.0007460842, 0.0006781841, 0.00065588404, 0.0006169598, 0.00057665, 0.00053213356, 0.0005086523, 0.0004603683, 0.0004118936, 0.00038820304, 0.00034251745, 0.00029985004, 0.00027966785, 0.00024151854, 0.00020598128, 0.00017250584, 0.00015665518, 0.0001257691, 9.6464624e-05, 8.2482264e-05, 5.649746e-05, 3.3355165e-05, 1.3680845e-05, 5.179422e-06, -9.419552e-06, -2.1075432e-05, -2.5825651e-05, -3.3937435e-05, -4.0060782e-05, -4.271865e-05, -4.6765654e-05, -4.891594e-05, -4.9035483e-05, -4.8240276e-05, -4.432922e-05, -3.789198e-05, -3.3524848e-05, -2.2403021e-05, -8.775276e-06, 7.380253e-06, 1.6320882e-05, 3.605056e-05, 5.7475314e-05, 6.887078e-05, 9.282202e-05, 0.00011776934, 0.00013067383, 0.00015676572, 0.00018346049, 0.000210621, 0.00022459864, 0.00025319913, 0.00028327847, 0.00029902943, 0.00033270323, 0.00036873, 0.0004072521, 0.00042713163, 0.0004674954, 0.00050744263, 0.0005270729, 0.0005648698, 0.0006005178, 0.0006338474, 0.0006495613, 0.00067965605, 0.0007073192, 0.0007204248, 0.0007456372, 0.00077464554, 0.0007955813, 0.0008710969, 0.0010208834, 0, 0, 0, 0, 0, 0, 0, 0, 0, 0, 0, 0, 0, 0, 0, 0, 0, 0, 0, 0, 0, 0, 0, 0, 0, 0, 0, 0, 0, 0, 0, 0, 0, 0, 0, 0, 0, 0, 0, 0, 0, 0, 0, 0, 0, 0, 0, 0, 0, 0, 0, 0, 0, 0, 0, 0, 0, 0, 0, 0, 0, 0, 0, 0, 0
0, 0, 0, 0, 0, 0, 0, 0, 0, 0, 0.00096052047, 0.000903536, 0.00078804867, 0.0007194949, 0.0006967094, 0.00066000805, 0.0006253484, 0.00058901333, 0.00057044975, 0.00053292676, 0.00049633934, 0.00047852844, 0.000444515, 0.00041258367, 0.00039749907, 0.00036885482, 0.00034180714, 0.00031622482, 0.00030378695, 0.0002798536, 0.000257066, 0.00024622242, 0.00022609954, 0.00020805816, 0.00019264141, 0.000185769, 0.0001738804, 0.00016372828, 0.00015904721, 0.00015058287, 0.00014321398, 0.00013975875, 0.0001339942, 0.00012987484, 0.00012810827, 0.00012842227, 0.00013124313, 0.000137086, 0.00014115496, 0.00015114389, 0.00016291003, 0.00017619625, 0.00018315583, 0.00019735051, 0.00021207977, 0.00021962068, 0.00023525441, 0.00025185195, 0.00026077396, 0.0002797456, 0.00030065415, 0.0003235101, 0.0003358846, 0.00036217162, 0.0003904782, 0.00040530172, 0.0004362271, 0.00046842705, 0.0005013569, 0.0005179303, 0.00055092917, 0.00058290194, 0.0005986322, 0.0006292797, 0.0006589858, 0.0006872296, 0.0007009403, 0.0007270243, 0.0007502489, 0.0007606355, 0.00077907456, 0.0007974742, 0.0008108482, 0.00086544047, 0.0010130234, 0.0013331624, 0, 0, 0, 0, 0, 0, 0, 0, 0, 0, 0, 0, 0, 0, 0, 0, 0, 0, 0, 0, 0, 0, 0, 0, 0, 0, 0, 0, 0, 0, 0, 0, 0, 0, 0, 0, 0, 0, 0, 0, 0, 0, 0, 0, 0, 0, 0, 0, 0, 0, 0, 0, 0, 0, 0, 0, 0, 0, 0, 0, 0, 0, 0, 0
0, 0, 0, 0, 0, 0, 0, 0, 0, 0, 0.0012238297, 0.0011220056, 0.00091989414, 0.0008041874, 0.00077002484, 0.00072491914, 0.0006935541, 0.0006669169, 0.0006544147, 0.000630736, 0.000608413, 0.00059787603, 0.00057776424, 0.0005587966, 0.0005496134, 0.00053166534, 0.0005142723, 0.00049717247, 0.0004889673, 0.00047277723, 0.00045736218, 0.0004499658, 0.0004361486, 0.00042328177, 0.00041169015, 0.00040628453, 0.00039596736, 0.00038608786, 0.00038128445, 0.00037167463, 0.0003622173, 0.00035773058, 0.00034979967, 0.00034355518, 0.0003399623, 0.00033954956, 0.00034073988, 0.00034474552, 0.00034766554, 0.0003549409, 0.0003628786, 0.00037076784, 0.00037460934, 0.00038148905, 0.0003881248, 0.00039153785, 0.00039905382, 0.00040808195, 0.00041349625, 0.00042611235, 0.00044174303, 0.0004599076, 0.0004700317, 0.00049188186, 0.000515245, 0.0005273323, 0.0005517733, 0.0005761924, 0.0006003423, 0.0006122961, 0.00063621387, 0.00065960863, 0.00067145046, 0.0006954324, 0.00071950455, 0.00074332714, 0.00075498736, 0.00077703345, 0.00079609075, 0.00080403814, 0.00081699487, 0.000827927, 0.0008358129, 0.0008713258, 0.0009685416, 0.0011234663, 0, 0, 0, 0, 0, 0, 0, 0, 0, 0, 0, 0, 0, 0, 0, 0, 0, 0, 0, 0, 0, 0, 0, 0, 0, 0, 0, 0, 0, 0, 0, 0, 0, 0, 0, 0, 0, 0, 0, 0, 0, 0, 0, 0, 0, 0, 0, 0, 0, 0, 0, 0, 0, 0, 0, 0, 0, 0, 0, 0, 0, 0, 0, 0
0, 0, 0, 0, 0, 0, 0, 0, 0, 0, 0.001649218, 0.0014348484, 0.0010754662, 0.00089189486, 0.000844342, 0.0007941844, 0.00077229406, 0.00076053524, 0.00075627654, 0.0007491715, 0.0007431969, 0.00074037776, 0.00073459, 0.0007284761, 0.00072525896, 0.00071811635, 0.00071033457, 0.0007020738, 0.00069787045, 0.00068912364, 0.00068023213, 0.00067569775, 0.0006666793, 0.000657553, 0.00064827537, 0.0006434417, 0.0006336151, 0.00062325515, 0.00061794714, 0.00060690794, 0.0005960036, 0.0005906978, 0.00058056886, 0.0005722825, 0.0005663481, 0.0005643044, 0.0005620863, 0.0005618337, 0.00056220853, 0.0005635198, 0.00056463364, 0.00056498003, 0.0005649203, 0.00056443026, 0.0005639574, 0.00056402624, 0.0005651659, 0.00056846207, 0.0005710334, 0.0005783298, 0.00058796315, 0.00060008175, 0.000606803, 0.0006211851, 0.00063652353, 0.00064438133, 0.00065995054, 0.00067537086, 0.0006909474, 0.00069873064, 0.00071501324, 0.00073221925, 0.00074124266, 0.000760007, 0.0007796553, 0.00079918856, 0.00080871704, 0.0008261035, 0.00084020745, 0.00084580807, 0.0008541612, 0.00086087105, 0.000866327, 0.00089512137, 0.0009889264, 0.0012339486, 0.0014278026, 0, 0, 0, 0, 0, 0, 0, 0, 0, 0, 0, 0, 0, 0, 0, 0, 0, 0, 0, 0, 0, 0, 0, 0, 0, 0, 0, 0, 0, 0, 0, 0, 0, 0, 0, 0, 0, 0, 0, 0, 0, 0, 0, 0, 0, 0, 0, 0, 0, 0, 0, 0, 0, 0, 0, 0, 0, 0, 0, 0, 0, 0, 0
0, 0, 0, 0, 0, 0, 0, 0, 0, 0, 0, 0.0015136299, 0.00114734, 0.0009409983, 0.00089377287, 0.0008579646, 0.0008569326, 0.00086625566, 0.00087178353, 0.00088294403, 0.00089283264, 0.00089726807, 0.0009046465, 0.0009097538, 0.0009116382, 0.0009142086, 0.00091484195, 0.0009141293, 0.00091325754, 0.00091017364, 0.0009055759, 0.00090281985, 0.00089617714, 0.00088828226, 0.00087932684, 0.0008744133, 0.0008638292, 0.0008523695, 0.00084652274, 0.0008343582, 0.0008217134, 0.0008156057, 0.00080360955, 0.00079261494, 0.00078293146, 0.0007785649, 0.0007705954, 0.0007632939, 0.00075978617, 0.0007525244, 0.00074505963, 0.00073730195, 0.0007334589, 0.0007263541, 0.0007202981, 0.0007180455, 0.0007148083, 0.0007137821, 0.00071393105, 0.0007157332, 0.0007188553, 0.0007231509, 0.00072572794, 0.0007314315, 0.00073748344, 0.00074082444, 0.00074794865, 0.00075627014, 0.0007658506, 0.00077120913, 0.00078314287, 0.000796606, 0.0008035646, 0.0008183544, 0.0008332529, 0.00084737147, 0.0008539332, 0.00086519995, 0.00087353535, 0.00087661657, 0.0008808343, 0.0008846019, 0.00088858354, 0.00091367273, 0.001000433, 0.0012391027, 0.0014453542, 0, 0, 0, 0, 0, 0, 0, 0, 0, 0, 0, 0, 0, 0, 0, 0, 0, 0, 0, 0, 0, 0, 0, 0, 0, 0, 0, 0, 0, 0, 0, 0, 0, 0, 0, 0, 0, 0, 0, 0, 0, 0, 0, 0, 0, 0, 0, 0, 0, 0, 0, 0, 0, 0, 0, 0, 0, 0, 0, 0, 0, 0, 0
0, 0, 0, 0, 0, 0, 0, 0, 0, 0, 0, 0, 0.0011548616, 0.00097167864, 0.00093716563, 0.00092707213, 0.0009494622, 0.0009793377, 0.000993843, 0.0010205038, 0.0010433069, 0.0010534171, 0.0010705334, 0.0010845031, 0.001090335, 0.0011000516, 0.0011069198, 0.0011112716, 0.0011125486, 0.0011125698, 0.0011096757, 0.0011072835, 0.001100552, 0.0010918056, 0.0010816323, 0.0010758503, 0.0010636909, 0.0010507916, 0.001044132, 0.0010301159, 0.0010156893, 0.0010084254, 0.0009936224, 0.0009787835, 0.00096413854, 0.00095667614, 0.0009416253, 0.0009262763, 0.0009184488, 0.0009025491, 0.0008865906, 0.0008718319, 0.0008649127, 0.00085267203, 0.00084259146, 0.0008383692, 0.0008315607, 0.00082655303, 0.00082453486, 0.0008205692, 0.0008172161, 0.0008140558, 0.0008127258, 0.00081064965, 0.000809491, 0.00080966763, 0.00081157277, 0.00081581116, 0.00082261703, 0.0008267599, 0.00083596323, 0.0008461444, 0.00085138064, 0.0008611484, 0.000870087, 0.0008774405, 0.0008806205, 0.00088529417, 0.0008880211, 0.0008887938, 0.00088900595, 0.0008890436, 0.0008903111, 0.00090264285, 0.0009518434, 0.0010856562, 0.0011914755, 0, 0, 0, 0, 0, 0, 0, 0, 0, 0, 0, 0, 0, 0, 0, 0, 0, 0, 0, 0, 0, 0, 0, 0, 0, 0, 0, 0, 0, 0, 0, 0, 0, 0, 0, 0, 0, 0, 0, 0, 0, 0, 0, 0, 0, 0, 0, 0, 0, 0, 0, 0, 0, 0, 0, 0, 0, 0, 0, 0, 0, 0, 0
0, 0, 0, 0, 0, 0, 0, 0, 0, 0, 0, 0, 0.0011519272, 0.0010552364, 0.0010265879, 0.0010206703, 0.0010510891, 0.0010910433, 0.001110749, 0.0011464194, 0.0011768882, 0.0011901314, 0.001213313, 0.0012323129, 0.0012405729, 0.0012542945, 0.0012644563, 0.0012708586, 0.0012725744, 0.0012728361, 0.0012691894, 0.0012660901, 0.0012577238, 0.001246895, 0.0012345717, 0.0012279528, 0.0012135053, 0.0011981525, 0.0011900858, 0.0011734442, 0.00115574, 0.0011466235, 0.0011277185, 0.0011081515, 0.0010880976, 0.0010776344, 0.001056174, 0.0010340147, 0.0010226736, 0.0010001026, 0.0009784695, 0.0009584133, 0.000949249, 0.00093309046, 0.000919657, 0.00091384194, 0.0009036998, 0.00089477224, 0.0008906366, 0.00088195194, 0.00087340287, 0.00086527417, 0.0008615308, 0.00085500727, 0.0008505894, 0.00084957265, 0.00084969087, 0.0008527202, 0.00085792283, 0.0008609679, 0.00086739723, 0.000873406, 0.00087594293, 0.00087981566, 0.00088241004, 0.00088364497, 0.00088397146, 0.0008839892, 0.00088359753, 0.0008830457, 0.0008812091, 0.0008783805, 0.0008769392, 0.0008772094, 0.00089493894, 0.00095942355, 0.0010146283, 0, 0, 0, 0, 0, 0, 0, 0, 0, 0, 0, 0, 0, 0, 0, 0, 0, 0, 0, 0, 0, 0, 0, 0, 0, 0, 0, 0, 0, 0, 0, 0, 0, 0, 0, 0, 0, 0, 0, 0, 0, 0, 0, 0, 0, 0, 0, 0, 0, 0, 0, 0, 0, 0, 0, 0, 0, 0, 0, 0, 0, 0, 0
0, 0, 0, 0, 0, 0, 0, 0, 0, 0, 0, 0, 0.0014947333, 0.0012710748, 0.0011928517, 0.00113335, 0.0011481353, 0.0011872372, 0.0012083314, 0.0012472962, 0.0012802557, 0.0012945508, 0.001319323, 0.0013396211, 0.0013484232, 0.0013623987, 0.001372127, 0.0013770458, 0.0013776803, 0.001375301, 0.0013689444, 0.0013644927, 0.0013535148, 0.0013405093, 0.0013256585, 0.001317795, 0.0013005737, 0.0012818029, 0.0012718238, 0.0012506107, 0.0012280103, 0.0012163804, 0.0011925658, 0.0011681846, 0.0011433812, 0.0011306986, 0.0011049319, 0.0010787717, 0.0010655884, 0.0010395322, 0.0010147875, 0.0009919303, 0.0009813796, 0.00096232875, 0.000946144, 0.0009389312, 0.00092585327, 0.00091394695, 0.0009081457, 0.0008968226, 0.00088610925, 0.00087665074, 0.00087246514, 0.0008659839, 0.0008623542, 0.00086159294, 0.00086208544, 0.0008649607, 0.00086841255, 0.00087007997, 0.0008726699, 0.00087377615, 0.0008738915, 0.00087298837, 0.00087142823, 0.0008698444, 0.00086936005, 0.00086879806, 0.0008688472, 0.00086894445, 0.00086833193, 0.0008661374, 0.0008643111, 0.0008625975, 0.0008771786, 0.00095125416, 0.0010375276, 0.0013623644, 0, 0, 0, 0, 0, 0, 0, 0, 0, 0, 0, 0, 0, 0, 0, 0, 0, 0, 0, 0, 0, 0, 0, 0, 0, 0, 0, 0, 0, 0, 0, 0, 0, 0, 0, 0, 0, 0, 0, 0, 0, 0, 0, 0, 0, 0, 0, 0, 0, 0, 0, 0, 0, 0, 0, 0, 0, 0, 0, 0, 0, 0
0, 0, 0, 0, 0, 0, 0, 0, 0, 0, 0, 0, 0.002000789, 0.0015020926, 0.0013466042, 0.0012184393, 0.0012174405, 0.00125566, 0.0012770642, 0.0013162639, 0.0013483966, 0.0013618773, 0.0013849172, 0.0014028631, 0.0014100887, 0.0014207541, 0.0014258595, 0.0014257819, 0.0014237842, 0.0014164652, 0.001405836, 0.0013994499, 0.0013854351, 0.0013699047, 0.0013526299, 0.0013432328, 0.0013225337, 0.001299377, 0.0012868043, 0.001260178, 0.0012320577, 0.0012177548, 0.0011890854, 0.0011606218, 0.0011328773, 0.0011190614, 0.001091449, 0.0010640924, 0.0010504047, 0.0010233396, 0.0009975974, 0.0009733633, 0.00096222956, 0.00094174227, 0.0009239018, 0.0009159703, 0.00090137066, 0.00088843383, 0.00088242075, 0.0008712493, 0.0008617941, 0.0008544128, 0.0008516217, 0.00084819645, 0.00084750814, 0.0008478335, 0.00084990397, 0.0008522318, 0.00085414475, 0.00085454335, 0.0008542379, 0.0008525843, 0.00085150986, 0.0008496255, 0.0008486591, 0.0008492411, 0.00085013075, 0.0008531969, 0.00085707515, 0.00085879496, 0.00086134934, 0.00086143985, 0.00086068414, 0.00086120045, 0.0008784635, 0.0009560138, 0.0010443567, 0.0013857707, 0, 0, 0, 0, 0, 0, 0, 0, 0, 0, 0, 0, 0, 0, 0, 0, 0, 0, 0, 0, 0, 0, 0, 0, 0, 0, 0, 0, 0, 0, 0, 0, 0, 0, 0, 0, 0, 0, 0, 0, 0, 0, 0, 0, 0, 0, 0, 0, 0, 0, 0, 0, 0, 0, 0, 0, 0, 0, 0, 0, 0, 0
0, 0, 0, 0, 0, 0, 0, 0, 0, 0, 0, 0, 0, 0.0015281499, 0.0013727683, 0.0012509594, 0.0012564093, 0.0012967272, 0.001317854, 0.0013541853, 0.0013821293, 0.0013935881, 0.0014116793, 0.0014244792, 0.0014285592, 0.001432536, 0.0014302238, 0.0014223122, 0.0014167776, 0.0014028013, 0.001386867, 0.0013783849, 0.0013608601, 0.0013422897, 0.0013219308, 0.0013109643, 0.0012862369, 0.0012583537, 0.0012433014, 0.001211568, 0.0011790004, 0.0011627169, 0.001130809, 0.0011003555, 0.0010714455, 0.0010574864, 0.0010295642, 0.0010023188, 0.0009887825, 0.00096197415, 0.0009364626, 0.00091256225, 0.000901633, 0.000881446, 0.0008640852, 0.00085649284, 0.0008431209, 0.0008319084, 0.00082710077, 0.0008188256, 0.00081307173, 0.000809838, 0.000809137, 0.0008098079, 0.0008123217, 0.00081404543, 0.0008177997, 0.0008209926, 0.0008230025, 0.0008234165, 0.00082371593, 0.00082387746, 0.00082419504, 0.0008262109, 0.0008305162, 0.0008366694, 0.0008406078, 0.0008493418, 0.0008579048, 0.0008616581, 0.0008667552, 0.0008682425, 0.0008677813, 0.00086642907, 0.00087385485, 0.00091701257, 0.00096690655, 0.0011470895, 0, 0, 0, 0, 0, 0, 0, 0, 0, 0, 0, 0, 0, 0, 0, 0, 0, 0, 0, 0, 0, 0, 0, 0, 0, 0, 0, 0, 0, 0, 0, 0, 0, 0, 0, 0, 0, 0, 0, 0, 0, 0, 0, 0, 0, 0, 0, 0, 0, 0, 0, 0, 0, 0, 0, 0, 0, 0, 0, 0, 0, 0
0, 0, 0, 0, 0, 0, 0, 0, 0, 0, 0, 0, 0, 0.001436367, 0.0013794661, 0.0012985073, 0.0012943272, 0.0013211824, 0.0013360656, 0.001362585, 0.0013825576, 0.0013903922, 0.0014021065, 0.001407664, 0.0014079767, 0.0014034895, 0.0013923267, 0.0013764387, 0.0013669982, 0.0013463477, 0.0013250697, 0.0013143481, 0.0012931604, 0.0012710884, 0.0012472125, 0.0012341872, 0.0012053617, 0.0011734621, 0.0011567214, 0.0011219229, 0.0010873516, 0.0010704194, 0.0010381249, 0.0010077648, 0.0009794057, 0.0009656994, 0.0009386285, 0.0009118171, 0.0008987488, 0.0008730711, 0.00084894156, 0.00082699495, 0.0008173375, 0.0008001552, 0.0007864648, 0.00078065996, 0.00077123655, 0.00076420873, 0.00076149654, 0.0007579618, 0.00075672043, 0.00075798377, 0.0007593766, 0.0007638128, 0.00076956564, 0.0007727954, 0.0007792774, 0.0007855939, 0.0007912625, 0.00079400337, 0.0007994736, 0.0008061403, 0.0008099791, 0.00081932533, 0.0008307044, 0.0008438608, 0.00085063046, 0.0008641856, 0.0008761823, 0.00088120135, 0.00088802853, 0.00089004845, 0.0008894235, 0.0008848846, 0.00088092784, 0.0008921982, 0.0009125708, 0.0010009161, 0, 0, 0, 0, 0, 0, 0, 0, 0, 0, 0, 0, 0, 0, 0, 0, 0, 0, 0, 0, 0, 0, 0, 0, 0, 0, 0, 0, 0, 0, 0, 0, 0, 0, 0, 0, 0, 0, 0, 0, 0, 0, 0, 0, 0, 0, 0, 0, 0, 0, 0, 0, 0, 0, 0, 0, 0, 0, 0, 0, 0, 0
0, 0, 0, 0, 0, 0, 0, 0, 0, 0, 0, 0, 0, 0.0017908707, 0.0016595329, 0.001433105, 0.0013416604, 0.0013239139, 0.0013258854, 0.0013368067, 0.0013479482, 0.0013525395, 0.001357478, 0.0013560769, 0.0013525502, 0.0013405188, 0.0013221201, 0.0012995534, 0.0012873531, 0.0012620795, 0.0012367446, 0.0012242728, 0.0011991883, 0.001173409, 0.001145638, 0.0011307704, 0.0010987842, 0.0010645882, 0.0010471465, 0.0010120455, 0.0009783831, 0.0009624373, 0.0009323331, 0.0009042067, 0.0008779911, 0.00086512393, 0.0008397737, 0.00081464916, 0.00080244074, 0.00077916717, 0.00075838686, 0.00074091105, 0.00073370704, 0.0007222434, 0.00071457674, 0.0007119421, 0.0007087785, 0.0007077165, 0.00070773886, 0.000709173, 0.0007124132, 0.0007175329, 0.000720629, 0.0007285636, 0.0007379863, 0.0007432021, 0.00075455004, 0.0007668281, 0.0007798298, 0.00078661984, 0.000800579, 0.0008156406, 0.0008236716, 0.0008402867, 0.00085770414, 0.00087525806, 0.000883885, 0.00090000615, 0.00091406424, 0.00091981044, 0.0009287423, 0.0009332576, 0.0009336259, 0.0009319892, 0.0009291968, 0.00093988236, 0.0009620687, 0.0010934629, 0.0014424012, 0, 0, 0, 0, 0, 0, 0, 0, 0, 0, 0, 0, 0, 0, 0, 0, 0, 0, 0, 0, 0, 0, 0, 0, 0, 0, 0, 0, 0, 0, 0, 0, 0, 0, 0, 0, 0, 0, 0, 0, 0, 0, 0, 0, 0, 0, 0, 0, 0, 0, 0, 0, 0, 0, 0, 0, 0, 0, 0, 0, 0
0, 0, 0, 0, 0, 0, 0, 0, 0, 0, 0, 0, 0, 0.002367702, 0.0020474305, 0.0015582304, 0.0013456761, 0.0012804928, 0.0012720533, 0.0012735811, 0.0012809107, 0.0012837896, 0.0012851545, 0.0012790695, 0.0012732899, 0.0012563531, 0.0012342917, 0.0012089523, 0.0011955744, 0.0011686052, 0.001141376, 0.0011276539, 0.0010999219, 0.0010711726, 0.0010401215, 0.0010238024, 0.0009900081, 0.00095534686, 0.00093835476, 0.0009054636, 0.0008751674, 0.0008611054, 0.00083486235, 0.0008107823, 0.0007879387, 0.00077674014, 0.00075487397, 0.0007334869, 0.0007233687, 0.00070496195, 0.00069008983, 0.00067951856, 0.0006759992, 0.00067215704, 0.0006720947, 0.0006732205, 0.0006772048, 0.0006826461, 0.00068558153, 0.00069212646, 0.0006995918, 0.00070819166, 0.00071323046, 0.0007250606, 0.00073907187, 0.00074707903, 0.00076492, 0.0007850607, 0.00080659724, 0.0008175667, 0.0008397173, 0.00086206815, 0.0008730606, 0.00089430815, 0.00091436744, 0.0009331975, 0.00094214897, 0.0009589102, 0.0009741156, 0.0009809735, 0.0009929547, 0.0010027552, 0.0010064949, 0.0010122528, 0.0010191768, 0.0010419444, 0.0010717786, 0.0012214148, 0.0015945903, 0.0018555605, 0, 0, 0, 0, 0, 0, 0, 0, 0, 0, 0, 0, 0, 0, 0, 0, 0, 0, 0, 0, 0, 0, 0, 0, 0, 0, 0, 0, 0, 0, 0, 0, 0, 0, 0, 0, 0, 0, 0, 0, 0, 0, 0, 0, 0, 0, 0, 0, 0, 0, 0, 0, 0, 0, 0, 0, 0, 0, 0, 0
0, 0, 0, 0, 0, 0, 0, 0, 0, 0, 0, 0, 0, 0, 0.002047289, 0.0015241645, 0.0012639344, 0.0011880642, 0.0011809194, 0.0011874603, 0.0011985317, 0.0012023123, 0.0012034676, 0.0011961695, 0.0011898419, 0.0011723087, 0.0011505269, 0.0011262213, 0.0011134315, 0.0010873197, 0.0010605038, 0.0010465822, 0.0010178661, 0.0009874026, 0.00095518044, 0.0009384675, 0.0009049418, 0.0008720749, 0.0008564064, 0.00082712405, 0.0008012307, 0.0007893647, 0.00076809665, 0.0007487759, 0.0007308408, 0.0007223523, 0.0007061533, 0.0006914632, 0.0006848631, 0.000674218, 0.00066763675, 0.0006653837, 0.0006659529, 0.00067008584, 0.0006777278, 0.0006825413, 0.00069312076, 0.00070455705, 0.0007103098, 0.00072212, 0.00073405716, 0.00074725936, 0.0007544111, 0.00077089865, 0.00079030445, 0.0008012419, 0.00082553015, 0.00085224584, 0.000880326, 0.00089450786, 0.00092202023, 0.00094800524, 0.00096003717, 0.0009823131, 0.0010021208, 0.0010199416, 0.001028308, 0.0010448368, 0.0010606722, 0.00106851, 0.0010837598, 0.0010973236, 0.0011034497, 0.0011135155, 0.0011234239, 0.0011444775, 0.0011688475, 0.0012862164, 0.001592532, 0.0018499771, 0, 0, 0, 0, 0, 0, 0, 0, 0, 0, 0, 0, 0, 0, 0, 0, 0, 0, 0, 0, 0, 0, 0, 0, 0, 0, 0, 0, 0, 0, 0, 0, 0, 0, 0, 0, 0, 0, 0, 0, 0, 0, 0, 0, 0, 0, 0, 0, 0, 0, 0, 0, 0, 0, 0, 0, 0, 0, 0, 0
0, 0, 0, 0, 0, 0, 0, 0, 0, 0, 0, 0, 0, 0, 0, 0.0013902903, 0.0011540602, 0.0010975034, 0.0010977968, 0.0011141398, 0.0011305554, 0.0011357475, 0.0011388885, 0.001133346, 0.0011281831, 0.0011134563, 0.0010950874, 0.0010742085, 0.0010631545, 0.0010397666, 0.0010147699, 0.0010017488, 0.00097398006, 0.0009444385, 0.00091372547, 0.0008982382, 0.0008676288, 0.0008386796, 0.0008251526, 0.000800547, 0.00077951123, 0.00077003107, 0.00075362966, 0.00073996495, 0.00072838966, 0.0007233413, 0.0007150248, 0.00070914405, 0.0007072219, 0.000705838, 0.00070837414, 0.0007143007, 0.0007185772, 0.0007298198, 0.0007433807, 0.0007510985, 0.0007670087, 0.0007837856, 0.00079222757, 0.0008092445, 0.00082648476, 0.0008447302, 0.0008545336, 0.0008757091, 0.0008996706, 0.00091283186, 0.00094099273, 0.000971044, 0.0010017445, 0.0010169579, 0.0010457739, 0.0010716608, 0.0010832469, 0.0011039956, 0.0011219606, 0.0011374389, 0.001145025, 0.0011601464, 0.001175469, 0.0011829444, 0.0011972352, 0.0012087981, 0.0012130768, 0.0012168128, 0.0012143535, 0.0012104238, 0.0012129917, 0.0012500949, 0.0013843527, 0.0015010482, 0, 0, 0, 0, 0, 0, 0, 0, 0, 0, 0, 0, 0, 0, 0, 0, 0, 0, 0, 0, 0, 0, 0, 0, 0, 0, 0, 0, 0, 0, 0, 0, 0, 0, 0, 0, 0, 0, 0, 0, 0, 0, 0, 0, 0, 0, 0, 0, 0, 0, 0, 0, 0, 0, 0, 0, 0, 0, 0, 0
0, 0, 0, 0, 0, 0, 0, 0, 0, 0, 0, 0, 0, 0, 0, 0.0012409369, 0.0011298029, 0.0010783868, 0.0010752601, 0.0010872829, 0.0011030916, 0.0011088249, 0.0011147789, 0.0011130968, 0.0011101227, 0.0011002027, 0.0010866275, 0.0010701807, 0.0010611125, 0.0010411297, 0.0010192443, 0.0010076779, 0.0009832223, 0.00095791445, 0.00093231164, 0.0009195757, 0.00089506246, 0.00087226933, 0.0008619163, 0.00084306084, 0.0008273975, 0.0008206636, 0.0008098057, 0.0008022055, 0.0007981075, 0.00079711096, 0.00079776894, 0.00080136885, 0.00080415193, 0.00081170024, 0.00082208327, 0.0008344981, 0.000841528, 0.000857368, 0.000874875, 0.0008842953, 0.0009043026, 0.0009253089, 0.0009361242, 0.00095804763, 0.0009805838, 0.0010034592, 0.0010151573, 0.0010395182, 0.0010653851, 0.0010790005, 0.0011072613, 0.0011362978, 0.0011654943, 0.0011795601, 0.001206056, 0.0012292145, 0.0012394888, 0.001257191, 0.0012720396, 0.0012847825, 0.0012906782, 0.0013021465, 0.0013127681, 0.0013176183, 0.0013242991, 0.0013257331, 0.0013234091, 0.0013113824, 0.0012871975, 0.0012512574, 0.0012313742, 0.0012019837, 0.0012253264, 0.0012696536, 0, 0, 0, 0, 0, 0, 0, 0, 0, 0, 0, 0, 0, 0, 0, 0, 0, 0, 0, 0, 0, 0, 0, 0, 0, 0, 0, 0, 0, 0, 0, 0, 0, 0, 0, 0, 0, 0, 0, 0, 0, 0, 0, 0, 0, 0, 0, 0, 0, 0, 0, 0, 0, 0, 0, 0, 0, 0, 0, 0
0, 0, 0, 0, 0, 0, 0, 0, 0, 0, 0, 0, 0, 0, 0, 0.0015420598, 0.0012994277, 0.0011532776, 0.001124023, 0.001111435, 0.0011221084, 0.0011291044, 0.0011395001, 0.001143998, 0.0011441133, 0.0011402508, 0.0011320531, 0.0011202634, 0.0011133207, 0.0010978768, 0.0010806626, 0.0010717054, 0.0010536949, 0.0010359302, 0.0010186373, 0.0010103943, 0.0009945432, 0.0009802051, 0.00097371463, 0.00096218195, 0.0009529804, 0.00094941445, 0.00094528164, 0.00094469346, 0.00094843464, 0.0009516877, 0.0009608252, 0.0009726799, 0.0009794374, 0.0009938178, 0.0010093541, 0.0010255985, 0.0010341766, 0.0010522115, 0.0010719458, 0.0010825059, 0.0011051231, 0.0011292003, 0.0011416493, 0.0011669624, 0.0011924411, 0.0012174791, 0.0012297424, 0.0012539465, 0.0012778828, 0.0012900165, 0.0013144823, 0.0013390427, 0.0013630891, 0.0013745205, 0.0013956374, 0.0014140707, 0.0014219467, 0.001435108, 0.0014450165, 0.0014523468, 0.0014550434, 0.0014589186, 0.0014599855, 0.001458795, 0.0014524005, 0.0014382618, 0.0014276636, 0.0013976372, 0.0013545031, 0.0012992187, 0.001269452, 0.0012222544, 0.0012473223, 0.0013258441, 0.0017048741, 0, 0, 0, 0, 0, 0, 0, 0, 0, 0, 0, 0, 0, 0, 0, 0, 0, 0, 0, 0, 0, 0, 0, 0, 0, 0, 0, 0, 0, 0, 0, 0, 0, 0, 0, 0, 0, 0, 0, 0, 0, 0, 0, 0, 0, 0, 0, 0, 0, 0, 0, 0, 0, 0, 0, 0, 0, 0, 0
0, 0, 0, 0, 0, 0, 0, 0, 0, 0, 0, 0, 0, 0, 0, 0.002055077, 0.0015289315, 0.001251277, 0.0011942186, 0.0011630892, 0.0011766112, 0.0011875147, 0.0012073028, 0.0012206157, 0.0012248363, 0.0012283284, 0.0012264679, 0.0012210752, 0.0012173434, 0.0012086642, 0.0011991333, 0.0011946553, 0.0011859679, 0.0011786175, 0.0011721991, 0.0011693713, 0.0011641504, 0.0011595949, 0.0011576597, 0.0011546236, 0.0011533909, 0.0011539473, 0.0011572826, 0.0011646166, 0.0011757688, 0.0011825466, 0.0011984911, 0.00121611, 0.0012252639, 0.0012435834, 0.0012616878, 0.0012795287, 0.0012886305, 0.0013074416, 0.0013279605, 0.0013388343, 0.0013623566, 0.001387434, 0.0014002088, 0.0014257836, 0.0014503499, 0.0014732403, 0.00148394, 0.0015040751, 0.0015225817, 0.0015314415, 0.0015491019, 0.0015662564, 0.0015825131, 0.0015900587, 0.0016036488, 0.0016146231, 0.0016188426, 0.0016245276, 0.0016265253, 0.0016246203, 0.0016219981, 0.0016141611, 0.0016014857, 0.0015931946, 0.0015714205, 0.0015418095, 0.0015238494, 0.001480856, 0.0014278612, 0.001367651, 0.0013374189, 0.001292902, 0.0013203063, 0.0013969155, 0.0017692338, 0, 0, 0, 0, 0, 0, 0, 0, 0, 0, 0, 0, 0, 0, 0, 0, 0, 0, 0, 0, 0, 0, 0, 0, 0, 0, 0, 0, 0, 0, 0, 0, 0, 0, 0, 0, 0, 0, 0, 0, 0, 0, 0, 0, 0, 0, 0, 0, 0, 0, 0, 0, 0, 0, 0, 0, 0, 0, 0
0, 0, 0, 0, 0, 0, 0, 0, 0, 0, 0, 0, 0, 0, 0, 0, 0.001586829, 0.0013123694, 0.00125583, 0.0012315393, 0.0012574471, 0.0012746211, 0.0013061834, 0.0013304095, 0.0013395996, 0.0013527202, 0.0013607139, 0.0013652317, 0.0013665362, 0.0013684997, 0.0013706911, 0.001372004, 0.0013757106, 0.0013802767, 0.001385553, 0.0013883101, 0.0013940644, 0.0013994549, 0.0014023769, 0.001408608, 0.0014164154, 0.0014210149, 0.0014326453, 0.0014471816, 0.0014644748, 0.0014739652, 0.0014938788, 0.0015142332, 0.0015242436, 0.0015435893, 0.0015620113, 0.0015799991, 0.0015888831, 0.0016074688, 0.0016273884, 0.0016380379, 0.0016599945, 0.0016826482, 0.0016936936, 0.0017148004, 0.0017338886, 0.0017503931, 0.0017574687, 0.0017699122, 0.0017804976, 0.0017852167, 0.0017940374, 0.0018018899, 0.0018083637, 0.0018110294, 0.001814637, 0.0018150896, 0.0018139372, 0.0018084402, 0.0017984736, 0.001784042, 0.001775011, 0.001753212, 0.0017266175, 0.0017113027, 0.001676286, 0.0016353572, 0.0016125349, 0.0015627295, 0.0015073294, 0.0014481399, 0.0014189227, 0.001370967, 0.0013655736, 0.0013970872, 0.0015573825, 0, 0, 0, 0, 0, 0, 0, 0, 0, 0, 0, 0, 0, 0, 0, 0, 0, 0, 0, 0, 0, 0, 0, 0, 0, 0, 0, 0, 0, 0, 0, 0, 0, 0, 0, 0, 0, 0, 0, 0, 0, 0, 0, 0, 0, 0, 0, 0, 0, 0, 0, 0, 0, 0, 0, 0, 0, 0, 0
0, 0, 0, 0, 0, 0, 0, 0, 0, 0, 0, 0, 0, 0, 0, 0, 0.001610924, 0.0014383255, 0.0013777071, 0.0013408206, 0.0013655621, 0.0013854465, 0.0014262652, 0.0014619948, 0.0014775209, 0.001504095, 0.001526058, 0.001545056, 0.0015538462, 0.0015705699, 0.0015876095, 0.0015959971, 0.0016129621, 0.0016298882, 0.0016460984, 0.0016538686, 0.0016690715, 0.0016838238, 0.0016911057, 0.0017062356, 0.0017225186, 0.0017311712, 0.0017500803, 0.0017702607, 0.0017915922, 0.0018021899, 0.0018233343, 0.0018433061, 0.0018528738, 0.0018709013, 0.0018880218, 0.0019044149, 0.0019127246, 0.0019297561, 0.001947312, 0.001956257, 0.0019736423, 0.0019894857, 0.0019967328, 0.0020092265, 0.0020187467, 0.0020253116, 0.002027477, 0.0020301263, 0.0020310145, 0.0020309489, 0.0020298208, 0.0020271002, 0.002022479, 0.0020191753, 0.0020102588, 0.0019974755, 0.001989533, 0.0019702888, 0.001946341, 0.0019182179, 0.0019024876, 0.0018683109, 0.0018301364, 0.0018096676, 0.0017657118, 0.0017182006, 0.0016929384, 0.0016400905, 0.0015840611, 0.0015254151, 0.0014958762, 0.0014418919, 0.0014142524, 0.0014267735, 0.0015735584, 0.0019937453, 0, 0, 0, 0, 0, 0, 0, 0, 0, 0, 0, 0, 0, 0, 0, 0, 0, 0, 0, 0, 0, 0, 0, 0, 0, 0, 0, 0, 0, 0, 0, 0, 0, 0, 0, 0, 0, 0, 0, 0, 0, 0, 0, 0, 0, 0, 0, 0, 0, 0, 0, 0, 0, 0, 0, 0, 0, 0
0, 0, 0, 0, 0, 0, 0, 0, 0, 0, 0, 0, 0, 0, 0, 0, 0.0021458943, 0.001771788, 0.0016354794, 0.0015035383, 0.0014932327, 0.0015093733, 0.00155645, 0.0016066764, 0.0016305178, 0.0016746025, 0.0017148338, 0.0017518672, 0.00176948, 0.0018034988, 0.0018359171, 0.0018516318, 0.0018815751, 0.0019094291, 0.0019349625, 0.0019470751, 0.0019702266, 0.0019925807, 0.0020036357, 0.002026165, 0.0020490915, 0.0020609929, 0.002084895, 0.002108356, 0.00213092, 0.002141457, 0.0021610563, 0.002178442, 0.002186427, 0.0022013155, 0.0022151012, 0.0022285043, 0.0022351549, 0.0022482313, 0.002260506, 0.002265912, 0.0022753656, 0.0022815296, 0.0022832756, 0.0022841136, 0.0022816937, 0.002276518, 0.002272942, 0.0022649076, 0.0022552826, 0.0022501268, 0.0022382792, 0.002224117, 0.0022068513, 0.0021969269, 0.0021740324, 0.0021469083, 0.0021318488, 0.0020985054, 0.002061574, 0.0020217611, 0.0020009605, 0.0019575073, 0.0019118144, 0.0018881601, 0.0018389823, 0.001787585, 0.0017609698, 0.0017053282, 0.0016469875, 0.0015857698, 0.0015543144, 0.0014939855, 0.0014534064, 0.001455993, 0.0015740001, 0.0019714688, 0, 0, 0, 0, 0, 0, 0, 0, 0, 0, 0, 0, 0, 0, 0, 0, 0, 0, 0, 0, 0, 0, 0, 0, 0, 0, 0, 0, 0, 0, 0, 0, 0, 0, 0, 0, 0, 0, 0, 0, 0, 0, 0, 0, 0, 0, 0, 0, 0, 0, 0, 0, 0, 0, 0, 0, 0, 0
0, 0, 0, 0, 0, 0, 0, 0, 0, 0, 0, 0, 0, 0, 0, 0, 0, 0.002252177, 0.001997366, 0.0016786188, 0.0016109635, 0.0016245272, 0.001685464, 0.0017572594, 0.0017919149, 0.001856847, 0.0019164804, 0.001971469, 0.0019976664, 0.0020474768, 0.0020940627, 0.0021162482, 0.0021575172, 0.0021950963, 0.002229004, 0.0022447621, 0.002274747, 0.0023032916, 0.0023172013, 0.0023450283, 0.0023724323, 0.002385933, 0.0024119818, 0.0024361685, 0.0024576397, 0.0024670593, 0.0024833025, 0.0024965282, 0.0025022144, 0.0025122433, 0.0025208408, 0.0025286886, 0.0025322123, 0.0025382643, 0.0025422191, 0.0025430485, 0.0025420522, 0.0025366587, 0.002532321, 0.002520755, 0.0025059988, 0.0024888567, 0.0024796925, 0.002460332, 0.0024396696, 0.002428818, 0.002405374, 0.0023791133, 0.0023489879, 0.0023324173, 0.0022959919, 0.0022557427, 0.0022344363, 0.0021896362, 0.0021428738, 0.0020951284, 0.0020708141, 0.0020218513, 0.0019717815, 0.0019462494, 0.001893927, 0.0018389091, 0.0018105756, 0.0017510162, 0.0016882288, 0.0016215483, 0.0015869006, 0.0015171, 0.0014573566, 0.0014409104, 0.001472989, 0.0016411248, 0, 0, 0, 0, 0, 0, 0, 0, 0, 0, 0, 0, 0, 0, 0, 0, 0, 0, 0, 0, 0, 0, 0, 0, 0, 0, 0, 0, 0, 0, 0, 0, 0, 0, 0, 0, 0, 0, 0, 0, 0, 0, 0, 0, 0, 0, 0, 0, 0, 0, 0, 0, 0, 0, 0, 0, 0, 0
0, 0, 0, 0, 0, 0, 0, 0, 0, 0, 0, 0, 0, 0, 0, 0, 0, 0.0031326471, 0.0023913037, 0.001783236, 0.0016961031, 0.0017210013, 0.0018108953, 0.0019087237, 0.0019545334, 0.0020385464, 0.0021142387, 0.0021833682, 0.0022161182, 0.0022780967, 0.002335904, 0.0023631414, 0.0024142987, 0.0024608793, 0.0025027278, 0.0025222136, 0.0025585769, 0.002592554, 0.0026087293, 0.0026398057, 0.0026691027, 0.0026828754, 0.0027087608, 0.0027312993, 0.0027501632, 0.0027577956, 0.0027699857, 0.0027783015, 0.0027810768, 0.0027847835, 0.0027863684, 0.002786133, 0.0027852962, 0.002781908, 0.0027755252, 0.0027709994, 0.0027589565, 0.0027421226, 0.002732033, 0.0027091096, 0.0026830528, 0.0026547431, 0.002639875, 0.0026092126, 0.002577084, 0.0025601266, 0.0025249172, 0.0024864555, 0.002444474, 0.002422179, 0.0023747804, 0.0023247679, 0.0022992976, 0.0022469058, 0.0021941478, 0.0021417178, 0.0021155607, 0.0020632632, 0.002010438, 0.0019833713, 0.0019280714, 0.0018701787, 0.0018398686, 0.0017767575, 0.0017098434, 0.0016384467, 0.0016009894, 0.0015229267, 0.0014465847, 0.0014153529, 0.0013970367, 0.0015260869, 0.0019277149, 0, 0, 0, 0, 0, 0, 0, 0, 0, 0, 0, 0, 0, 0, 0, 0, 0, 0, 0, 0, 0, 0, 0, 0, 0, 0, 0, 0, 0, 0, 0, 0, 0, 0, 0, 0, 0, 0, 0, 0, 0, 0, 0, 0, 0, 0, 0, 0, 0, 0, 0, 0, 0, 0, 0, 0, 0
0, 0, 0, 0, 0, 0, 0, 0, 0, 0, 0, 0, 0, 0, 0, 0, 0, 0, 0.0019230837, 0.0017860369, 0.0017884196, 0.0018299465, 0.0019405591, 0.002053429, 0.0021059602, 0.0022014568, 0.0022868048, 0.002364691, 0.002401733, 0.0024720533, 0.0025385777, 0.0025703094, 0.0026305786, 0.002686182, 0.002736544, 0.0027596958, 0.0028023147, 0.002840544, 0.00285817, 0.0028906893, 0.0029197857, 0.0029330356, 0.0029568828, 0.0029769721, 0.0029924766, 0.0029982808, 0.0030063265, 0.0030094604, 0.0030092746, 0.0030058452, 0.002998975, 0.0029892211, 0.0029832355, 0.0029693884, 0.002952384, 0.0029425665, 0.0029203596, 0.0028938167, 0.002878987, 0.0028468925, 0.0028112277, 0.0027727324, 0.0027526743, 0.0027110607, 0.002667638, 0.0026451158, 0.0025986694, 0.0025500022, 0.0024987655, 0.0024724402, 0.002418283, 0.0023627167, 0.002334747, 0.00227889, 0.00222315, 0.0021681318, 0.0021406133, 0.002085915, 0.0020308227, 0.0020027694, 0.0019454911, 0.0018860423, 0.0018553736, 0.0017918649, 0.0017252889, 0.0016545294, 0.0016172669, 0.0015387019, 0.0014571185, 0.0014188878, 0.0013693288, 0.0014122978, 0.0015679915, 0, 0, 0, 0, 0, 0, 0, 0, 0, 0, 0, 0, 0, 0, 0, 0, 0, 0, 0, 0, 0, 0, 0, 0, 0, 0, 0, 0, 0, 0, 0, 0, 0, 0, 0, 0, 0, 0, 0, 0, 0, 0, 0, 0, 0, 0, 0, 0, 0, 0, 0, 0, 0, 0, 0, 0, 0
0, 0, 0, 0, 0, 0, 0, 0, 0, 0, 0, 0, 0, 0, 0, 0, 0, 0, 0.0023687347, 0.002084039, 0.0019745275, 0.0019841285, 0.0020642907, 0.0021704615, 0.0022234381, 0.0023231597, 0.0024142887, 0.002498474, 0.002538651, 0.0026162877, 0.0026907958, 0.0027269935, 0.002796478, 0.0028609156, 0.0029190988, 0.0029458003, 0.0029936063, 0.0030347642, 0.0030528442, 0.0030851718, 0.003112534, 0.0031246825, 0.0031457723, 0.0031629594, 0.0031755208, 0.0031798524, 0.0031841465, 0.0031821704, 0.0031789737, 0.0031689059, 0.0031534715, 0.0031342658, 0.0031233644, 0.0030995584, 0.0030732804, 0.0030591146, 0.0030287085, 0.0029948086, 0.0029763833, 0.002936639, 0.0028934984, 0.0028465604, 0.0028220068, 0.002770974, 0.0027182223, 0.0026911255, 0.0026362978, 0.0025808192, 0.0025245103, 0.0024961145, 0.0024393585, 0.0023821204, 0.0023536014, 0.0022965004, 0.0022397037, 0.002183393, 0.0021553545, 0.002099255, 0.0020432146, 0.00201503, 0.0019583895, 0.0019010231, 0.0018720521, 0.001813403, 0.0017529732, 0.0016897627, 0.001656897, 0.0015871405, 0.0015137265, 0.0014783881, 0.0014279352, 0.0014643723, 0.0017278283, 0.0019819255, 0, 0, 0, 0, 0, 0, 0, 0, 0, 0, 0, 0, 0, 0, 0, 0, 0, 0, 0, 0, 0, 0, 0, 0, 0, 0, 0, 0, 0, 0, 0, 0, 0, 0, 0, 0, 0, 0, 0, 0, 0, 0, 0, 0, 0, 0, 0, 0, 0, 0, 0, 0, 0, 0, 0, 0
0, 0, 0, 0, 0, 0, 0, 0, 0, 0, 0, 0, 0, 0, 0, 0, 0, 0, 0.003243868, 0.002511573, 0.002156791, 0.0021055434, 0.0021317124, 0.0022275273, 0.0022815855, 0.002387722, 0.0024867824, 0.0025791905, 0.0026234372, 0.0027098325, 0.0027933645, 0.002834003, 0.0029122373, 0.002984286, 0.0030490612, 0.0030779655, 0.0031290636, 0.0031710214, 0.0031890948, 0.0032198918, 0.0032448624, 0.0032556837, 0.0032744387, 0.0032890702, 0.003299278, 0.0033020282, 0.0033030359, 0.003296869, 0.003291105, 0.00327446, 0.0032520185, 0.0032250213, 0.0032101783, 0.0031785322, 0.003145225, 0.0031276618, 0.0030913353, 0.0030520214, 0.0030309537, 0.0029860805, 0.0029370184, 0.0028839696, 0.0028562867, 0.0027993058, 0.0027407564, 0.002711287, 0.0026524742, 0.002594609, 0.0025373397, 0.002509163, 0.0024529053, 0.0023967829, 0.0023687773, 0.002312353, 0.0022559783, 0.0022001204, 0.0021723523, 0.002117276, 0.0020634043, 0.002036763, 0.0019844284, 0.0019333491, 0.0019080131, 0.0018579396, 0.001807464, 0.0017558904, 0.0017292869, 0.0016734299, 0.0016154522, 0.001587859, 0.0015511188, 0.0015935118, 0.0018474123, 0.0021012265, 0, 0, 0, 0, 0, 0, 0, 0, 0, 0, 0, 0, 0, 0, 0, 0, 0, 0, 0, 0, 0, 0, 0, 0, 0, 0, 0, 0, 0, 0, 0, 0, 0, 0, 0, 0, 0, 0, 0, 0, 0, 0, 0, 0, 0, 0, 0, 0, 0, 0, 0, 0, 0, 0, 0, 0
0, 0, 0, 0, 0, 0, 0, 0, 0, 0, 0, 0, 0, 0, 0, 0, 0, 0, 0, 0.0026649758, 0.0021913997, 0.002106503, 0.0021120664, 0.0022152644, 0.002276103, 0.00239682, 0.0025092228, 0.0026140986, 0.002664229, 0.0027612688, 0.0028541149, 0.0028989925, 0.0029843496, 0.0030619432, 0.003130246, 0.003160232, 0.0032123143, 0.003254136, 0.0032715292, 0.0033008694, 0.003323885, 0.0033338713, 0.0033506074, 0.0033632678, 0.003371185, 0.0033728222, 0.003370934, 0.0033611623, 0.0033533121, 0.003332032, 0.0033044445, 0.0032721853, 0.0032547107, 0.0032182394, 0.003180167, 0.0031608527, 0.003120495, 0.0030776928, 0.0030549585, 0.0030067202, 0.0029544658, 0.0028985697, 0.002869746, 0.002810872, 0.002751636, 0.0027221586, 0.0026644103, 0.002608453, 0.002553723, 0.002526815, 0.0024733618, 0.0024200594, 0.0023933847, 0.0023395736, 0.0022858742, 0.0022329572, 0.002207049, 0.0021564069, 0.0021078594, 0.0020844957, 0.0020393059, 0.0019962392, 0.0019753077, 0.0019341796, 0.0018934663, 0.0018520158, 0.0018306454, 0.0017857242, 0.0017387094, 0.0017162623, 0.0016829462, 0.0017032649, 0.0018766132, 0.0020698525, 0.002689588, 0, 0, 0, 0, 0, 0, 0, 0, 0, 0, 0, 0, 0, 0, 0, 0, 0, 0, 0, 0, 0, 0, 0, 0, 0, 0, 0, 0, 0, 0, 0, 0, 0, 0, 0, 0, 0, 0, 0, 0, 0, 0, 0, 0, 0, 0, 0, 0, 0, 0, 0, 0, 0, 0, 0
0, 0, 0, 0, 0, 0, 0, 0, 0, 0, 0, 0, 0, 0, 0, 0, 0, 0, 0, 0.002615597, 0.002139638, 0.0020490591, 0.0020537293, 0.002166346, 0.0022341977, 0.0023707512, 0.0024993075, 0.0026182528, 0.0026748378, 0.0027825877, 0.0028835153, 0.0029313818, 0.003020969, 0.0031011363, 0.00317077, 0.003201211, 0.0032535924, 0.003295486, 0.0033127791, 0.0033415647, 0.003364196, 0.0033738376, 0.0033893387, 0.0034003488, 0.0034062157, 0.0034068434, 0.0034020233, 0.0033896966, 0.0033805245, 0.0033569324, 0.0033269136, 0.0032924186, 0.0032740901, 0.0032357452, 0.0031959133, 0.0031755487, 0.0031334036, 0.003088957, 0.003065788, 0.0030168565, 0.002964713, 0.0029099928, 0.002882007, 0.0028260069, 0.0027704001, 0.002743106, 0.0026900389, 0.00263847, 0.0025883163, 0.0025635464, 0.0025143551, 0.0024650348, 0.0024404183, 0.002391084, 0.0023425932, 0.00229548, 0.002272731, 0.0022289196, 0.0021874814, 0.0021677616, 0.0021298353, 0.0020938432, 0.0020763334, 0.0020414738, 0.0020058616, 0.001968739, 0.0019494037, 0.0019076742, 0.0018621073, 0.0018381146, 0.0017921695, 0.0017667884, 0.0018145539, 0.001890425, 0.002115419, 0, 0, 0, 0, 0, 0, 0, 0, 0, 0, 0, 0, 0, 0, 0, 0, 0, 0, 0, 0, 0, 0, 0, 0, 0, 0, 0, 0, 0, 0, 0, 0, 0, 0, 0, 0, 0, 0, 0, 0, 0, 0, 0, 0, 0, 0, 0, 0, 0, 0, 0, 0, 0, 0, 0
0, 0, 0, 0, 0, 0, 0, 0, 0, 0, 0, 0, 0, 0, 0, 0, 0, 0, 0, 0, 0.002188036, 0.0020886539, 0.0020342798, 0.0021209212, 0.00218775, 0.002333001, 0.002475322, 0.002607278, 0.0026694422, 0.0027855628, 0.0028916232, 0.0029411425, 0.0030325926, 0.0031135513, 0.0031838587, 0.0032145337, 0.0032682521, 0.003311417, 0.0033296535, 0.0033600293, 0.0033838605, 0.0033934466, 0.003408496, 0.0034179378, 0.0034220205, 0.0034214074, 0.0034152456, 0.0034017602, 0.0033923783, 0.0033686422, 0.0033396122, 0.0033062508, 0.003288448, 0.0032512948, 0.0032123066, 0.003192216, 0.0031508303, 0.0031075967, 0.0030852864, 0.0030389212, 0.0029905045, 0.00294098, 0.0029159223, 0.002865904, 0.0028167854, 0.0027926478, 0.002745551, 0.002699566, 0.0026544372, 0.002632096, 0.0025878255, 0.002543775, 0.0025220816, 0.0024788356, 0.002437102, 0.0023967603, 0.0023771701, 0.0023398953, 0.0023042911, 0.0022871303, 0.002253606, 0.002220907, 0.0022044713, 0.0021708778, 0.0021352163, 0.0020965568, 0.0020755597, 0.0020295144, 0.0019768144, 0.0019475057, 0.0018846871, 0.0018282437, 0.0018274913, 0.0018835731, 0.0022377495, 0, 0, 0, 0, 0, 0, 0, 0, 0, 0, 0, 0, 0, 0, 0, 0, 0, 0, 0, 0, 0, 0, 0, 0, 0, 0, 0, 0, 0, 0, 0, 0, 0, 0, 0, 0, 0, 0, 0, 0, 0, 0, 0, 0, 0, 0, 0, 0, 0, 0, 0, 0, 0, 0, 0
0, 0, 0, 0, 0, 0, 0, 0, 0, 0, 0, 0, 0, 0, 0, 0, 0, 0, 0, 0, 0.0026478826, 0.0023427873, 0.0020410637, 0.0020573807, 0.0021200145, 0.0022801962, 0.0024438696, 0.0025925136, 0.0026604459, 0.0027843565, 0.0028943443, 0.0029450434, 0.0030385838, 0.0031224447, 0.0031972409, 0.0032310782, 0.003291192, 0.003341818, 0.0033635905, 0.0033998457, 0.0034276142, 0.003438352, 0.003454417, 0.0034640653, 0.0034683717, 0.0034684741, 0.0034653388, 0.0034573881, 0.0034516552, 0.003436874, 0.0034178428, 0.0033951018, 0.0033824807, 0.003355172, 0.0033257818, 0.0033103444, 0.0032788084, 0.0032468652, 0.0032309662, 0.003198731, 0.0031663165, 0.0031334574, 0.003116531, 0.0030823257, 0.0030470928, 0.0030289795, 0.0029925276, 0.0029558428, 0.0029199854, 0.0029025325, 0.002868822, 0.0028365012, 0.002820706, 0.002789528, 0.0027578506, 0.0027245767, 0.0027074732, 0.0026715836, 0.0026336892, 0.0026140066, 0.0025739619, 0.0025325527, 0.0025111956, 0.002466999, 0.0024189253, 0.0023645747, 0.0023340264, 0.0022651367, 0.0021829056, 0.0021359748, 0.0020317752, 0.0019201068, 0.0018311281, 0.0018161719, 0.0019162757, 0.002197377, 0, 0, 0, 0, 0, 0, 0, 0, 0, 0, 0, 0, 0, 0, 0, 0, 0, 0, 0, 0, 0, 0, 0, 0, 0, 0, 0, 0, 0, 0, 0, 0, 0, 0, 0, 0, 0, 0, 0, 0, 0, 0, 0, 0, 0, 0, 0, 0, 0, 0, 0, 0, 0, 0
0, 0, 0, 0, 0, 0, 0, 0, 0, 0, 0, 0, 0, 0, 0, 0, 0, 0, 0, 0, 0, 0.002281061, 0.002092805, 0.0020847088, 0.002139468, 0.0022950328, 0.002460029, 0.0026106802, 0.0026794376, 0.0028050174, 0.0029167486, 0.0029686952, 0.0030650434, 0.0031524415, 0.00323117, 0.0032671732, 0.0033315346, 0.0033862505, 0.0034095345, 0.003449156, 0.0034793396, 0.0034914683, 0.0035101785, 0.0035232783, 0.003531752, 0.0035345082, 0.0035371392, 0.003536104, 0.0035342602, 0.0035275393, 0.003516673, 0.0035019964, 0.0034931218, 0.0034736183, 0.0034517196, 0.0034404192, 0.0034172272, 0.0033939679, 0.003382361, 0.0033596165, 0.0033366005, 0.0033124485, 0.0032995525, 0.0032722754, 0.0032424172, 0.0032267303, 0.003194167, 0.0031613738, 0.0031291782, 0.0031138093, 0.0030841616, 0.0030558433, 0.0030418802, 0.003012871, 0.0029815491, 0.0029463551, 0.0029270577, 0.002885152, 0.0028388868, 0.0028148706, 0.0027649475, 0.0027134868, 0.0026871, 0.0026325684, 0.00257355, 0.0025070705, 0.002469906, 0.0023854286, 0.002284684, 0.0022272158, 0.0020974814, 0.0019504412, 0.0018015518, 0.0017385863, 0.0016839016, 0.0017615212, 0, 0, 0, 0, 0, 0, 0, 0, 0, 0, 0, 0, 0, 0, 0, 0, 0, 0, 0, 0, 0, 0, 0, 0, 0, 0, 0, 0, 0, 0, 0, 0, 0, 0, 0, 0, 0, 0, 0, 0, 0, 0, 0, 0, 0, 0, 0, 0, 0, 0, 0, 0, 0, 0
0, 0, 0, 0, 0, 0, 0, 0, 0, 0, 0, 0, 0, 0, 0, 0, 0, 0, 0, 0, 0, 0.0029061507, 0.0023403652, 0.0021950877, 0.0022188507, 0.0023448437, 0.0025008041, 0.0026506956, 0.0027203101, 0.0028486573, 0.0029646533, 0.0030186549, 0.0031198338, 0.0032119625, 0.0032952651, 0.0033333756, 0.00340205, 0.003460743, 0.003486123, 0.003529671, 0.003564434, 0.003579122, 0.0036033972, 0.003623113, 0.0036387476, 0.003645351, 0.0036564246, 0.0036644584, 0.0036671122, 0.0036698438, 0.0036683476, 0.0036625145, 0.003658194, 0.0036472408, 0.003634016, 0.0036270472, 0.0036126336, 0.0035982362, 0.0035913528, 0.00357738, 0.0035624984, 0.0035458633, 0.0035363226, 0.0035148482, 0.0034898403, 0.0034760018, 0.0034469203, 0.0034168148, 0.003387347, 0.0033729468, 0.003345061, 0.0033176711, 0.0033035325, 0.0032732782, 0.0032387166, 0.0031980318, 0.0031751741, 0.0031249004, 0.0030690928, 0.0030396415, 0.002978414, 0.002914871, 0.002882454, 0.00281542, 0.0027431063, 0.0026623737, 0.0026177738, 0.002518297, 0.0024019778, 0.002337118, 0.0021929627, 0.0020324958, 0.0018704663, 0.0018023837, 0.001758312, 0.0020192263, 0.0023259306, 0, 0, 0, 0, 0, 0, 0, 0, 0, 0, 0, 0, 0, 0, 0, 0, 0, 0, 0, 0, 0, 0, 0, 0, 0, 0, 0, 0, 0, 0, 0, 0, 0, 0, 0, 0, 0, 0, 0, 0, 0, 0, 0, 0, 0, 0, 0, 0, 0, 0, 0, 0, 0
0, 0, 0, 0, 0, 0, 0, 0, 0, 0, 0, 0, 0, 0, 0, 0, 0, 0, 0, 0, 0, 0, 0.0025604635, 0.0023485739, 0.0023298878, 0.002408031, 0.0025516038, 0.002703286, 0.0027758756, 0.002911801, 0.0030349037, 0.0030926806, 0.0032001825, 0.0032983306, 0.0033870514, 0.0034278189, 0.0035020441, 0.0035662467, 0.0035948378, 0.003645363, 0.0036878882, 0.003706711, 0.0037400604, 0.0037688974, 0.0037942536, 0.0038057105, 0.0038264971, 0.003844617, 0.00385232, 0.0038649747, 0.0038734246, 0.0038772041, 0.0038775762, 0.0038759205, 0.0038716109, 0.0038688208, 0.0038625624, 0.003856, 0.0038526356, 0.003845604, 0.0038371705, 0.0038262918, 0.0038193732, 0.003802753, 0.003781451, 0.0037693123, 0.0037424865, 0.0037138234, 0.0036844076, 0.003669975, 0.003640294, 0.0036099858, 0.003593864, 0.00355883, 0.0035181113, 0.003470193, 0.0034434588, 0.0033846404, 0.0033192162, 0.0032846571, 0.0032125693, 0.0031368628, 0.0030976925, 0.0030166714, 0.0029296821, 0.0028345527, 0.0027833553, 0.0026716192, 0.002547009, 0.0024796198, 0.0023361093, 0.002185251, 0.0020435292, 0.0019890037, 0.0019755831, 0.0022489713, 0.0025592425, 0, 0, 0, 0, 0, 0, 0, 0, 0, 0, 0, 0, 0, 0, 0, 0, 0, 0, 0, 0, 0, 0, 0, 0, 0, 0, 0, 0, 0, 0, 0, 0, 0, 0, 0, 0, 0, 0, 0, 0, 0, 0, 0, 0, 0, 0, 0, 0, 0, 0, 0, 0, 0
0, 0, 0, 0, 0, 0, 0, 0, 0, 0, 0, 0, 0, 0, 0, 0, 0, 0, 0, 0, 0, 0, 0.003115773, 0.002539318, 0.0024397876, 0.002456011, 0.002593922, 0.0027559912, 0.002835157, 0.0029838393, 0.0031186107, 0.003181296, 0.0032978933, 0.0034037535, 0.0034997736, 0.0035443022, 0.0036264423, 0.0036997506, 0.0037333684, 0.00379482, 0.0038489269, 0.003873425, 0.0039183297, 0.003958413, 0.0039942884, 0.004010855, 0.0040418147, 0.004069641, 0.0040824465, 0.004105156, 0.004124252, 0.004138404, 0.0041438346, 0.004151467, 0.0041555143, 0.0041563883, 0.0041567762, 0.0041557937, 0.0041549513, 0.004152563, 0.0041484884, 0.004141455, 0.0041364115, 0.0041228128, 0.004104107, 0.004092778, 0.004066832, 0.00403761, 0.004005528, 0.0039890045, 0.003954264, 0.003917514, 0.003897888, 0.0038550708, 0.003806585, 0.003750939, 0.003720366, 0.0036537698, 0.0035800843, 0.0035410617, 0.0034589386, 0.003371636, 0.0033261292, 0.0032313685, 0.003130695, 0.0030229823, 0.0029662123, 0.0028466354, 0.0027195546, 0.0026533287, 0.0025177333, 0.0023816326, 0.0022568791, 0.0022077633, 0.0021770631, 0.0023516107, 0.0025800534, 0.0033547466, 0, 0, 0, 0, 0, 0, 0, 0, 0, 0, 0, 0, 0, 0, 0, 0, 0, 0, 0, 0, 0, 0, 0, 0, 0, 0, 0, 0, 0, 0, 0, 0, 0, 0, 0, 0, 0, 0, 0, 0, 0, 0, 0, 0, 0, 0, 0, 0, 0, 0, 0, 0
0, 0, 0, 0, 0, 0, 0, 0, 0, 0, 0, 0, 0, 0, 0, 0, 0, 0, 0, 0, 0, 0, 0.0031944704, 0.0026003318, 0.002482015, 0.0024829, 0.0026267706, 0.0028047548, 0.0028930157, 0.0030584866, 0.003207866, 0.0032767698, 0.0034045295, 0.0035204785, 0.0036263487, 0.0036759675, 0.0037695065, 0.0038556373, 0.003896, 0.003971259, 0.0040391586, 0.004070518, 0.0041279877, 0.004179383, 0.0042256983, 0.0042472244, 0.0042880187, 0.0043256753, 0.0043434626, 0.0043766033, 0.004406014, 0.0044306936, 0.00444102, 0.004457482, 0.004468817, 0.004472769, 0.0044779577, 0.004480425, 0.004480915, 0.0044808756, 0.004478696, 0.0044737016, 0.004469534, 0.0044573625, 0.0044393614, 0.0044280123, 0.004400817, 0.0043685907, 0.0043317005, 0.004311853, 0.0042696907, 0.0042243167, 0.004200223, 0.0041485433, 0.004091645, 0.0040279445, 0.003993568, 0.0039195917, 0.0038383026, 0.003795195, 0.0037037595, 0.0036060722, 0.003555078, 0.0034489746, 0.0033375227, 0.003220539, 0.0031602948, 0.0030363614, 0.002908583, 0.002843714, 0.0027124556, 0.0025802054, 0.0024506487, 0.0023900783, 0.0022946985, 0.0022917013, 0.0023562238, 0.0025917764, 0, 0, 0, 0, 0, 0, 0, 0, 0, 0, 0, 0, 0, 0, 0, 0, 0, 0, 0, 0, 0, 0, 0, 0, 0, 0, 0, 0, 0, 0, 0, 0, 0, 0, 0, 0, 0, 0, 0, 0, 0, 0, 0, 0, 0, 0, 0, 0, 0, 0, 0, 0
0, 0, 0, 0, 0, 0, 0, 0, 0, 0, 0, 0, 0, 0, 0, 0, 0, 0, 0, 0, 0, 0, 0, 0.0027262773, 0.0026052839, 0.002545815, 0.0026674222, 0.002853936, 0.0029503636, 0.0031340348, 0.0032994612, 0.0033755032, 0.0035157772, 0.0036435202, 0.0037613953, 0.0038173643, 0.0039243805, 0.0040248414, 0.0040726233, 0.0041628787, 0.0042447676, 0.0042826654, 0.0043522064, 0.004414216, 0.004470114, 0.0044963947, 0.004546671, 0.0045940923, 0.004616937, 0.0046605594, 0.0047000865, 0.0047342214, 0.0047487617, 0.004772597, 0.0047892593, 0.004795285, 0.0048034173, 0.0048076403, 0.004808762, 0.004809175, 0.004807534, 0.004802379, 0.004798156, 0.004785587, 0.0047660274, 0.004753533, 0.00472308, 0.0046861907, 0.004642999, 0.0046197465, 0.0045696446, 0.004515701, 0.0044871806, 0.0044269026, 0.0043615615, 0.004289862, 0.00425153, 0.0041696457, 0.0040803384, 0.0040330887, 0.0039330823, 0.00382677, 0.0037717677, 0.0036577317, 0.003539632, 0.0034173469, 0.0033549953, 0.0032279734, 0.0030982306, 0.0030319137, 0.0028965457, 0.0027552838, 0.0026065046, 0.0025293855, 0.0023810398, 0.0022912498, 0.002311109, 0.002637382, 0, 0, 0, 0, 0, 0, 0, 0, 0, 0, 0, 0, 0, 0, 0, 0, 0, 0, 0, 0, 0, 0, 0, 0, 0, 0, 0, 0, 0, 0, 0, 0, 0, 0, 0, 0, 0, 0, 0, 0, 0, 0, 0, 0, 0, 0, 0, 0, 0, 0, 0, 0
0, 0, 0, 0, 0, 0, 0, 0, 0, 0, 0, 0, 0, 0, 0, 0, 0, 0, 0, 0, 0, 0, 0, 0.0033086617, 0.002946844, 0.0026528493, 0.0027163925, 0.002905091, 0.0030094038, 0.0032102154, 0.003390783, 0.0034737585, 0.0036269703, 0.0037672566, 0.00389777, 0.003960125, 0.004080718, 0.00419528, 0.0042501646, 0.0043538245, 0.0044483845, 0.0044920975, 0.004572357, 0.004644286, 0.0047098394, 0.0047407923, 0.004800338, 0.0048574274, 0.004885063, 0.004937995, 0.004986086, 0.0050274767, 0.005044947, 0.005073632, 0.005093568, 0.0051005874, 0.00511026, 0.00511502, 0.0051161037, 0.005116309, 0.0051138187, 0.005107295, 0.005102045, 0.0050867274, 0.005063879, 0.005049465, 0.005014291, 0.0049718493, 0.0049227257, 0.0048961826, 0.0048394995, 0.0047787237, 0.0047468357, 0.004679376, 0.004606394, 0.004526935, 0.004484607, 0.004394237, 0.004296774, 0.004245268, 0.004137841, 0.004024982, 0.0039670556, 0.0038489052, 0.0037276132, 0.003603303, 0.0035396044, 0.0034097414, 0.0032748012, 0.0032047837, 0.003059246, 0.0029031187, 0.0027338383, 0.0026447556, 0.0024677115, 0.0023406504, 0.0023362183, 0.0025969022, 0.0033361425, 0, 0, 0, 0, 0, 0, 0, 0, 0, 0, 0, 0, 0, 0, 0, 0, 0, 0, 0, 0, 0, 0, 0, 0, 0, 0, 0, 0, 0, 0, 0, 0, 0, 0, 0, 0, 0, 0, 0, 0, 0, 0, 0, 0, 0, 0, 0, 0, 0, 0, 0
0, 0, 0, 0, 0, 0, 0, 0, 0, 0, 0, 0, 0, 0, 0, 0, 0, 0, 0, 0, 0, 0, 0, 0.0034312597, 0.0030787247, 0.0027317207, 0.0027731298, 0.0029608908, 0.0030687351, 0.0032801419, 0.0034733787, 0.003562404, 0.0037283376, 0.0038808356, 0.004023872, 0.004092596, 0.004225567, 0.0043523936, 0.0044132317, 0.004528335, 0.004633878, 0.004682845, 0.004773453, 0.0048552626, 0.0049303803, 0.0049662013, 0.0050350763, 0.005101075, 0.00513283, 0.005192792, 0.0052466057, 0.005292036, 0.005311195, 0.0053417967, 0.00536292, 0.0053704507, 0.005380209, 0.005384962, 0.0053859483, 0.005385449, 0.0053813597, 0.005372367, 0.0053654113, 0.0053464933, 0.0053189965, 0.005301906, 0.005261554, 0.005213798, 0.005159466, 0.005130473, 0.00506932, 0.0050039943, 0.004969643, 0.0048970687, 0.004818238, 0.004732175, 0.0046861796, 0.004588419, 0.004483653, 0.004428718, 0.00431518, 0.004198137, 0.0041387323, 0.0040184977, 0.003896413, 0.0037712757, 0.0037068403, 0.003573889, 0.0034330823, 0.0033592063, 0.003202678, 0.0030336224, 0.0028503155, 0.0027538154, 0.0025582688, 0.002388155, 0.0023349188, 0.002365686, 0.0025842295, 0, 0, 0, 0, 0, 0, 0, 0, 0, 0, 0, 0, 0, 0, 0, 0, 0, 0, 0, 0, 0, 0, 0, 0, 0, 0, 0, 0, 0, 0, 0, 0, 0, 0, 0, 0, 0, 0, 0, 0, 0, 0, 0, 0, 0, 0, 0, 0, 0, 0, 0
0, 0, 0, 0, 0, 0, 0, 0, 0, 0, 0, 0, 0, 0, 0, 0, 0, 0, 0, 0, 0, 0, 0, 0, 0.003194975, 0.002937362, 0.0028858208, 0.003019769, 0.0031170975, 0.0033267445, 0.0035299454, 0.003625696, 0.0038048862, 0.003970756, 0.0041262354, 0.004201043, 0.0043455907, 0.004483522, 0.0045496277, 0.004675317, 0.004791159, 0.004845307, 0.00494597, 0.0050380225, 0.0051230122, 0.005163331, 0.0052405586, 0.0053131264, 0.0053476957, 0.005411973, 0.005468527, 0.0055151256, 0.005534609, 0.0055656037, 0.0055868826, 0.00559441, 0.005604172, 0.0056086886, 0.0056093307, 0.005607585, 0.0056015025, 0.005589437, 0.005580742, 0.0055573876, 0.0055250474, 0.005505518, 0.0054604113, 0.005407927, 0.005349671, 0.0053187166, 0.005254146, 0.0051855887, 0.005149828, 0.00507389, 0.0049913437, 0.0049010953, 0.004852853, 0.004750741, 0.0046413243, 0.00458453, 0.0044676173, 0.0043482995, 0.0042882776, 0.004167363, 0.0040450194, 0.003919477, 0.0038545576, 0.003719658, 0.0035750642, 0.0034988099, 0.003336937, 0.00316232, 0.002975093, 0.0028771192, 0.0026765505, 0.002487122, 0.0024124244, 0.002380329, 0.0027049212, 0.0030580428, 0, 0, 0, 0, 0, 0, 0, 0, 0, 0, 0, 0, 0, 0, 0, 0, 0, 0, 0, 0, 0, 0, 0, 0, 0, 0, 0, 0, 0, 0, 0, 0, 0, 0, 0, 0, 0, 0, 0, 0, 0, 0, 0, 0, 0, 0, 0, 0, 0, 0
0, 0, 0, 0, 0, 0, 0, 0, 0, 0, 0, 0, 0, 0, 0, 0, 0, 0, 0, 0, 0, 0, 0, 0, 0.004294719, 0.0034005644, 0.0030235737, 0.0030401899, 0.003119164, 0.0033269338, 0.003545117, 0.0036495544, 0.0038456328, 0.00402584, 0.004194597, 0.0042756503, 0.0044318005, 0.0045808423, 0.0046522543, 0.0047887266, 0.0049152183, 0.0049745883, 0.0050855717, 0.005187221, 0.005280825, 0.0053248205, 0.005408037, 0.0054850113, 0.005521034, 0.005586782, 0.0056438185, 0.005690707, 0.0057101008, 0.005741118, 0.0057626595, 0.0057703936, 0.005780203, 0.0057842536, 0.0057844254, 0.0057810284, 0.0057722228, 0.0057570157, 0.0057465434, 0.005719566, 0.005683562, 0.00566228, 0.0056134905, 0.005557567, 0.005495988, 0.0054634884, 0.0053956676, 0.005324353, 0.0052872947, 0.00520931, 0.0051253983, 0.00503442, 0.0049860296, 0.004883319, 0.0047736727, 0.0047165714, 0.0045995587, 0.0044801664, 0.004419891, 0.004298732, 0.004176431, 0.0040509324, 0.003986268, 0.003851543, 0.003707828, 0.0036319965, 0.0034724697, 0.003301609, 0.0031205653, 0.0030267944, 0.002835757, 0.0026541352, 0.002581021, 0.0025421877, 0.002835429, 0.0031831965, 0, 0, 0, 0, 0, 0, 0, 0, 0, 0, 0, 0, 0, 0, 0, 0, 0, 0, 0, 0, 0, 0, 0, 0, 0, 0, 0, 0, 0, 0, 0, 0, 0, 0, 0, 0, 0, 0, 0, 0, 0, 0, 0, 0, 0, 0, 0, 0, 0, 0
0, 0, 0, 0, 0, 0, 0, 0, 0, 0, 0, 0, 0, 0, 0, 0, 0, 0, 0, 0, 0, 0, 0, 0, 0, 0.0036028558, 0.0030350136, 0.002980856, 0.0030561204, 0.0032798634, 0.0035203286, 0.0036349397, 0.003848379, 0.004043743, 0.004226083, 0.0043133567, 0.0044818004, 0.0046426556, 0.0047196974, 0.0048671137, 0.0050041927, 0.0050685145, 0.005189005, 0.005298695, 0.0053985594, 0.005445156, 0.0055318577, 0.0056104423, 0.005646805, 0.0057130954, 0.0057703704, 0.005817601, 0.0058375606, 0.0058697583, 0.005892478, 0.005900697, 0.005910911, 0.0059140706, 0.0059133517, 0.005907509, 0.005896143, 0.0058780685, 0.005866422, 0.005837365, 0.0058000237, 0.0057779844, 0.0057279035, 0.0056702206, 0.005606337, 0.005572167, 0.00550133, 0.0054271654, 0.00538889, 0.0053098574, 0.0052266396, 0.0051378384, 0.0050908136, 0.0049919398, 0.004885958, 0.0048308037, 0.004716591, 0.0045988434, 0.0045389906, 0.0044185114, 0.0042965054, 0.0041721356, 0.0041084415, 0.0039771767, 0.003838612, 0.0037662429, 0.0036145553, 0.003453689, 0.0032840543, 0.0031959873, 0.0030162272, 0.002840907, 0.002764611, 0.002683623, 0.002838353, 0.0030811648, 0.0039314115, 0, 0, 0, 0, 0, 0, 0, 0, 0, 0, 0, 0, 0, 0, 0, 0, 0, 0, 0, 0, 0, 0, 0, 0, 0, 0, 0, 0, 0, 0, 0, 0, 0, 0, 0, 0, 0, 0, 0, 0, 0, 0, 0, 0, 0, 0, 0, 0, 0
0, 0, 0, 0, 0, 0, 0, 0, 0, 0, 0, 0, 0, 0, 0, 0, 0, 0, 0, 0, 0, 0, 0, 0, 0, 0.0035806666, 0.0029930437, 0.0029200958, 0.0029945823, 0.0032240066, 0.0034747694, 0.0035953703, 0.0038212081, 0.0040293485, 0.0042244256, 0.0043180613, 0.004498645, 0.004670804, 0.0047535175, 0.0049111913, 0.005057761, 0.005126469, 0.005254423, 0.00537008, 0.0054741697, 0.005521905, 0.005610181, 0.0056895087, 0.005725911, 0.005792746, 0.0058509926, 0.005900483, 0.0059216106, 0.005956307, 0.0059812493, 0.0059900754, 0.0060006375, 0.006002747, 0.0060010008, 0.0059926244, 0.005978638, 0.0059590256, 0.0059470627, 0.0059183007, 0.005882253, 0.0058611315, 0.0058124387, 0.0057554436, 0.005690706, 0.0056560542, 0.0055831764, 0.0055071097, 0.0054683355, 0.005389233, 0.0053078816, 0.0052231746, 0.0051789554, 0.0050860457, 0.004986599, 0.004934399, 0.00482521, 0.004710892, 0.0046525598, 0.004533937, 0.0044134115, 0.004291523, 0.0042297407, 0.004103645, 0.003972497, 0.0039045177, 0.0037629353, 0.0036126568, 0.0034525027, 0.003368416, 0.0031921582, 0.003006976, 0.0029150313, 0.0027548496, 0.0026985046, 0.0027479245, 0.0029851508, 0, 0, 0, 0, 0, 0, 0, 0, 0, 0, 0, 0, 0, 0, 0, 0, 0, 0, 0, 0, 0, 0, 0, 0, 0, 0, 0, 0, 0, 0, 0, 0, 0, 0, 0, 0, 0, 0, 0, 0, 0, 0, 0, 0, 0, 0, 0, 0, 0
0, 0, 0, 0, 0, 0, 0, 0, 0, 0, 0, 0, 0, 0, 0, 0, 0, 0, 0, 0, 0, 0, 0, 0, 0, 0, 0.0031606422, 0.0030054504, 0.003026327, 0.003189925, 0.0034191057, 0.0035380574, 0.0037698732, 0.003989256, 0.0041967556, 0.004296514, 0.004488436, 0.004671088, 0.004758508, 0.004924796, 0.0050787907, 0.0051508485, 0.005284392, 0.005404061, 0.00551089, 0.0055596554, 0.0056490283, 0.0057290113, 0.005765887, 0.0058340305, 0.005894834, 0.0059474134, 0.005970258, 0.0060085976, 0.006036341, 0.006046034, 0.006057294, 0.0060586636, 0.0060562617, 0.0060462607, 0.006031052, 0.006011684, 0.0060002888, 0.0059739314, 0.00594149, 0.0059223236, 0.005877788, 0.005824233, 0.0057619656, 0.0057280646, 0.005656052, 0.0055804504, 0.005542088, 0.0054644593, 0.0053861383, 0.0053060716, 0.005264684, 0.005178393, 0.0050858282, 0.0050369464, 0.0049337964, 0.0048247487, 0.0047683595, 0.0046531623, 0.0045357766, 0.0044175037, 0.0043577147, 0.004236829, 0.004112295, 0.0040480783, 0.003914311, 0.0037714196, 0.0036166408, 0.003533974, 0.003356281, 0.0031606457, 0.0030570477, 0.002851604, 0.0027105003, 0.002714518, 0.003056558, 0, 0, 0, 0, 0, 0, 0, 0, 0, 0, 0, 0, 0, 0, 0, 0, 0, 0, 0, 0, 0, 0, 0, 0, 0, 0, 0, 0, 0, 0, 0, 0, 0, 0, 0, 0, 0, 0, 0, 0, 0, 0, 0, 0, 0, 0, 0, 0, 0
0, 0, 0, 0, 0, 0, 0, 0, 0, 0, 0, 0, 0, 0, 0, 0, 0, 0, 0, 0, 0, 0, 0, 0, 0, 0, 0.0039121364, 0.0032369613, 0.0031170326, 0.0031442693, 0.0033377258, 0.0034553327, 0.0036966766, 0.0039305333, 0.0041518025, 0.0042577893, 0.004460471, 0.0046516997, 0.004742819, 0.004915589, 0.005075142, 0.0051494283, 0.0052874335, 0.005410778, 0.00552031, 0.005570193, 0.0056615667, 0.0057434905, 0.0057813083, 0.0058516446, 0.005914931, 0.005970619, 0.005995265, 0.0060371, 0.006067928, 0.006078948, 0.00609253, 0.0060952962, 0.006093189, 0.0060840948, 0.006070057, 0.006052493, 0.0060426546, 0.006020105, 0.005992366, 0.005975943, 0.0059370673, 0.0058893845, 0.0058327913, 0.0058013834, 0.00573387, 0.005662287, 0.005625789, 0.0055517354, 0.005477059, 0.005401161, 0.00536229, 0.0052814465, 0.005195141, 0.0051494283, 0.005052579, 0.004949451, 0.0048956545, 0.00478522, 0.0046720947, 0.0045567923, 0.0044986103, 0.0043807663, 0.004259295, 0.0041966117, 0.0040657963, 0.003925404, 0.00377251, 0.0036905773, 0.003513409, 0.0033184332, 0.0032154287, 0.0030121785, 0.0028721893, 0.0028739264, 0.003196967, 0.004083804, 0, 0, 0, 0, 0, 0, 0, 0, 0, 0, 0, 0, 0, 0, 0, 0, 0, 0, 0, 0, 0, 0, 0, 0, 0, 0, 0, 0, 0, 0, 0, 0, 0, 0, 0, 0, 0, 0, 0, 0, 0, 0, 0, 0, 0, 0, 0, 0
0, 0, 0, 0, 0, 0, 0, 0, 0, 0, 0, 0, 0, 0, 0, 0, 0, 0, 0, 0, 0, 0, 0, 0, 0, 0, 0.0041575087, 0.0033070012, 0.0030939428, 0.0030364029, 0.0032237268, 0.0033491277, 0.0036115649, 0.0038650874, 0.004101968, 0.0042139785, 0.0044266433, 0.00462469, 0.004718514, 0.004895574, 0.00505909, 0.005135315, 0.005277049, 0.0054043047, 0.0055176634, 0.0055696107, 0.005664528, 0.005749241, 0.005788287, 0.005860961, 0.005926585, 0.0059847063, 0.006010585, 0.0060557416, 0.0060902224, 0.0061035454, 0.0061215805, 0.0061290427, 0.006129439, 0.006124945, 0.006114986, 0.0061012073, 0.006093179, 0.006074679, 0.0060515516, 0.006037861, 0.006005134, 0.005964749, 0.0059158895, 0.0058885664, 0.0058290586, 0.0057647564, 0.0057312017, 0.005662728, 0.005592361, 0.0055202637, 0.0054832827, 0.005406153, 0.005324443, 0.0052814865, 0.0051906733, 0.005093535, 0.0050427946, 0.0049374653, 0.0048275464, 0.0047141146, 0.0046561337, 0.004537422, 0.0044140858, 0.004350076, 0.004216734, 0.004073997, 0.0039195498, 0.0038373657, 0.0036615622, 0.0034711154, 0.003371738, 0.0031764095, 0.003028172, 0.0030053838, 0.0031934774, 0.003922856, 0, 0, 0, 0, 0, 0, 0, 0, 0, 0, 0, 0, 0, 0, 0, 0, 0, 0, 0, 0, 0, 0, 0, 0, 0, 0, 0, 0, 0, 0, 0, 0, 0, 0, 0, 0, 0, 0, 0, 0, 0, 0, 0, 0, 0, 0, 0, 0
0, 0, 0, 0, 0, 0, 0, 0, 0, 0, 0, 0, 0, 0, 0, 0, 0, 0, 0, 0, 0, 0, 0, 0, 0, 0, 0, 0.003252825, 0.003012361, 0.0029323185, 0.0031239192, 0.0032570525, 0.0035388493, 0.0038109734, 0.0040621464, 0.0041795997, 0.004399989, 0.004602501, 0.004697858, 0.0048777284, 0.005043623, 0.0051214704, 0.0052669, 0.005398666, 0.005517015, 0.0055713565, 0.005670971, 0.0057596248, 0.005800334, 0.0058752038, 0.005942533, 0.0060029314, 0.006030267, 0.006078921, 0.006118897, 0.0061354446, 0.006160944, 0.0061771017, 0.00618182, 0.0061853128, 0.0061824806, 0.0061742505, 0.006168524, 0.0061540124, 0.0061350195, 0.0061236667, 0.00609682, 0.0060635167, 0.0060235, 0.006001054, 0.005951362, 0.00589606, 0.005866477, 0.005804519, 0.0057390067, 0.00566999, 0.005634314, 0.005560232, 0.0054821516, 0.0054411287, 0.0053551374, 0.005263148, 0.0052147727, 0.005113009, 0.005004708, 0.004890034, 0.0048305737, 0.0047069835, 0.0045774924, 0.0045101596, 0.0043694256, 0.004219873, 0.004059171, 0.003973995, 0.003793019, 0.0035976223, 0.0034945891, 0.0032823111, 0.0030819234, 0.0030027463, 0.0029576102, 0.0031683093, 0, 0, 0, 0, 0, 0, 0, 0, 0, 0, 0, 0, 0, 0, 0, 0, 0, 0, 0, 0, 0, 0, 0, 0, 0, 0, 0, 0, 0, 0, 0, 0, 0, 0, 0, 0, 0, 0, 0, 0, 0, 0, 0, 0, 0, 0, 0, 0
0, 0, 0, 0, 0, 0, 0, 0, 0, 0, 0, 0, 0, 0, 0, 0, 0, 0, 0, 0, 0, 0, 0, 0, 0, 0, 0, 0.0032542038, 0.0031189008, 0.0029722522, 0.0030970932, 0.0032181821, 0.00349947, 0.0037821084, 0.004043241, 0.004164304, 0.0043891165, 0.004593919, 0.0046896418, 0.004870391, 0.0050378744, 0.005116845, 0.0052656746, 0.00540198, 0.005525736, 0.005583101, 0.0056882007, 0.00578166, 0.0058245854, 0.005903125, 0.0059735705, 0.0060371566, 0.006066522, 0.0061203144, 0.00616755, 0.0061882394, 0.006224036, 0.006251568, 0.006261818, 0.006276114, 0.006282479, 0.0062814923, 0.0062786965, 0.006268667, 0.0062540723, 0.0062450166, 0.0062237307, 0.006197559, 0.0061661378, 0.006148391, 0.0061083967, 0.006061788, 0.006036137, 0.0059806397, 0.0059196157, 0.0058539687, 0.005819533, 0.0057479385, 0.0056721517, 0.00563261, 0.005549718, 0.005460448, 0.0054130633, 0.0053120186, 0.005201978, 0.0050833654, 0.0050208378, 0.0048899483, 0.0047514765, 0.0046792366, 0.0045287856, 0.004368827, 0.004197125, 0.0041062273, 0.003911793, 0.003698398, 0.0035838066, 0.003337243, 0.0030758434, 0.0029499035, 0.002768797, 0.0028654006, 0.0035104353, 0, 0, 0, 0, 0, 0, 0, 0, 0, 0, 0, 0, 0, 0, 0, 0, 0, 0, 0, 0, 0, 0, 0, 0, 0, 0, 0, 0, 0, 0, 0, 0, 0, 0, 0, 0, 0, 0, 0, 0, 0, 0, 0, 0, 0, 0, 0
0, 0, 0, 0, 0, 0, 0, 0, 0, 0, 0, 0, 0, 0, 0, 0, 0, 0, 0, 0, 0, 0, 0, 0, 0, 0, 0, 0.004303921, 0.0037939881, 0.0031715408, 0.0031309947, 0.003224816, 0.0034930697, 0.0037792304, 0.004044352, 0.0041668406, 0.0043928665, 0.0045979493, 0.0046939407, 0.0048750103, 0.0050436757, 0.0051237284, 0.0052754423, 0.0054162582, 0.0055458345, 0.0056063547, 0.0057181166, 0.0058185463, 0.0058648363, 0.0059497626, 0.006026342, 0.00609625, 0.0061290753, 0.0061904313, 0.006246536, 0.0062724864, 0.0063192584, 0.0063584126, 0.006374772, 0.0064006657, 0.0064173336, 0.006425164, 0.0064260536, 0.0064227656, 0.006414234, 0.006408017, 0.0063929283, 0.0063737016, 0.006349855, 0.0063362475, 0.0063038943, 0.006264265, 0.006241778, 0.0061913165, 0.0061340183, 0.0060714334, 0.006038348, 0.0059685973, 0.0058945753, 0.005855535, 0.005773263, 0.0056834617, 0.005635412, 0.005531548, 0.0054169483, 0.0052921404, 0.005226037, 0.0050869887, 0.0049396795, 0.004862523, 0.004701907, 0.004530789, 0.0043465714, 0.0042481525, 0.0040371455, 0.0038031922, 0.003676378, 0.0034008804, 0.0031005586, 0.002948479, 0.002685122, 0.0025977874, 0.0027729531, 0, 0, 0, 0, 0, 0, 0, 0, 0, 0, 0, 0, 0, 0, 0, 0, 0, 0, 0, 0, 0, 0, 0, 0, 0, 0, 0, 0, 0, 0, 0, 0, 0, 0, 0, 0, 0, 0, 0, 0, 0, 0, 0, 0, 0, 0, 0
0, 0, 0, 0, 0, 0, 0, 0, 0, 0, 0, 0, 0, 0, 0, 0, 0, 0, 0, 0, 0, 0, 0, 0, 0, 0, 0, 0, 0.0039465236, 0.0032822678, 0.003182452, 0.0032597126, 0.0035097243, 0.0037886058, 0.0040511466, 0.004173054, 0.004399666, 0.004606038, 0.0047027715, 0.004886063, 0.00505728, 0.005138894, 0.005294632, 0.0054407106, 0.005577202, 0.0056413924, 0.005762186, 0.0058720587, 0.0059232507, 0.006018367, 0.0061052334, 0.0061852625, 0.006222948, 0.006294383, 0.00636043, 0.0063916002, 0.00644876, 0.006498662, 0.006520544, 0.006557022, 0.0065840366, 0.006601773, 0.0066075223, 0.006613242, 0.006613189, 0.0066110184, 0.006603442, 0.0065914094, 0.0065741492, 0.0065633124, 0.006536236, 0.006501114, 0.0064804796, 0.0064332085, 0.0063786074, 0.0063182293, 0.006285887, 0.0062175165, 0.006143842, 0.0061045038, 0.0060201604, 0.005926885, 0.0058764885, 0.005766855, 0.0056459713, 0.005514311, 0.0054446887, 0.0052989093, 0.005144597, 0.0050641154, 0.0048955395, 0.0047156615, 0.004520931, 0.00441719, 0.004194231, 0.0039490475, 0.0038173755, 0.0035346763, 0.0032315275, 0.0030781014, 0.0028049373, 0.002695573, 0.0030335942, 0.0034516742, 0, 0, 0, 0, 0, 0, 0, 0, 0, 0, 0, 0, 0, 0, 0, 0, 0, 0, 0, 0, 0, 0, 0, 0, 0, 0, 0, 0, 0, 0, 0, 0, 0, 0, 0, 0, 0, 0, 0, 0, 0, 0, 0, 0, 0, 0
0, 0, 0, 0, 0, 0, 0, 0, 0, 0, 0, 0, 0, 0, 0, 0, 0, 0, 0, 0, 0, 0, 0, 0, 0, 0, 0, 0, 0, 0.0035348565, 0.0033474306, 0.003363748, 0.0035355687, 0.0037832924, 0.0040390766, 0.0041619483, 0.0043937955, 0.0046066875, 0.0047068433, 0.004896616, 0.0050739604, 0.005158798, 0.0053212866, 0.0054751495, 0.0056204754, 0.0056898636, 0.0058218455, 0.0059443032, 0.006002232, 0.006110859, 0.006211148, 0.0063039195, 0.0063475724, 0.0064304336, 0.006506983, 0.006542762, 0.006609445, 0.006668448, 0.0066947136, 0.0067409254, 0.0067774826, 0.0068055624, 0.006816534, 0.0068328776, 0.0068427827, 0.0068453806, 0.0068464563, 0.0068413476, 0.0068294536, 0.0068205744, 0.006796525, 0.0067636007, 0.006743859, 0.006698099, 0.0066448157, 0.0065852953, 0.0065532103, 0.006484878, 0.0064097573, 0.006369318, 0.0062812306, 0.006182325, 0.0061285817, 0.0060125347, 0.005884779, 0.0057470044, 0.0056749084, 0.005524517, 0.0053660907, 0.005283707, 0.005111093, 0.004926725, 0.004727914, 0.004622305, 0.004398119, 0.004156244, 0.0040286668, 0.003761847, 0.0034861066, 0.0033502893, 0.003113549, 0.0030247495, 0.003332679, 0.0037318023, 0, 0, 0, 0, 0, 0, 0, 0, 0, 0, 0, 0, 0, 0, 0, 0, 0, 0, 0, 0, 0, 0, 0, 0, 0, 0, 0, 0, 0, 0, 0, 0, 0, 0, 0, 0, 0, 0, 0, 0, 0, 0, 0, 0, 0, 0
0, 0, 0, 0, 0, 0, 0, 0, 0, 0, 0, 0, 0, 0, 0, 0, 0, 0, 0, 0, 0, 0, 0, 0, 0, 0, 0, 0, 0, 0.004397638, 0.0036308998, 0.003492495, 0.0035175164, 0.003729625, 0.003989894, 0.00411987, 0.0043668044, 0.004593773, 0.0047005466, 0.004902199, 0.005090836, 0.0051810546, 0.0053544594, 0.0055196597, 0.005676855, 0.0057526003, 0.0058981245, 0.0060347877, 0.006100132, 0.0062240255, 0.006338967, 0.006445445, 0.006495587, 0.006590186, 0.0066771386, 0.0067178025, 0.006793207, 0.0068605663, 0.006891004, 0.0069456054, 0.006991326, 0.007028631, 0.0070444285, 0.0070705065, 0.007089898, 0.0070969327, 0.0071057626, 0.0071066297, 0.0070988634, 0.0070912484, 0.0070690247, 0.00703698, 0.0070172497, 0.006971586, 0.006918366, 0.006858176, 0.0068257162, 0.0067558885, 0.006677872, 0.0066354456, 0.006542705, 0.0064384146, 0.006381704, 0.0062596896, 0.00612677, 0.0059848847, 0.0059110443, 0.005758032, 0.0055979844, 0.0055147843, 0.005341604, 0.0051576584, 0.00496129, 0.0048580333, 0.0046416665, 0.004413941, 0.0042963396, 0.0040563745, 0.0038158046, 0.0036994098, 0.0034943593, 0.0033957686, 0.0035839293, 0.0038759813, 0.004903487, 0, 0, 0, 0, 0, 0, 0, 0, 0, 0, 0, 0, 0, 0, 0, 0, 0, 0, 0, 0, 0, 0, 0, 0, 0, 0, 0, 0, 0, 0, 0, 0, 0, 0, 0, 0, 0, 0, 0, 0, 0, 0, 0, 0, 0
0, 0, 0, 0, 0, 0, 0, 0, 0, 0, 0, 0, 0, 0, 0, 0, 0, 0, 0, 0, 0, 0, 0, 0, 0, 0, 0, 0, 0, 0.0046610646, 0.0037064755, 0.003470342, 0.0034131396, 0.0036277408, 0.0039120256, 0.004054289, 0.0043228767, 0.0045684283, 0.0046835667, 0.0049011833, 0.00510539, 0.005203164, 0.0053916452, 0.005571565, 0.00574349, 0.005826723, 0.005986623, 0.0061382563, 0.0062106103, 0.0063488763, 0.006477399, 0.006597082, 0.006653524, 0.0067595886, 0.0068571037, 0.006902707, 0.006987477, 0.007063415, 0.0070980387, 0.007160577, 0.007214079, 0.007259124, 0.0072784894, 0.0073116883, 0.007337481, 0.0073474953, 0.00736148, 0.0073667387, 0.0073618502, 0.007355447, 0.007334456, 0.007302833, 0.007283045, 0.007236731, 0.007182253, 0.007120065, 0.0070862826, 0.0070134527, 0.0069318423, 0.006887479, 0.006790804, 0.0066825454, 0.0066240393, 0.006498497, 0.006363134, 0.0062190583, 0.0061444375, 0.0059901355, 0.0058293473, 0.005746321, 0.0055744825, 0.0053939847, 0.005203833, 0.0051051057, 0.0049009537, 0.0046889517, 0.0045809573, 0.0043617496, 0.004140743, 0.004031048, 0.0038215131, 0.003663132, 0.003677952, 0.0038290906, 0.0046271477, 0, 0, 0, 0, 0, 0, 0, 0, 0, 0, 0, 0, 0, 0, 0, 0, 0, 0, 0, 0, 0, 0, 0, 0, 0, 0, 0, 0, 0, 0, 0, 0, 0, 0, 0, 0, 0, 0, 0, 0, 0, 0, 0, 0, 0
0, 0, 0, 0, 0, 0, 0, 0, 0, 0, 0, 0, 0, 0, 0, 0, 0, 0, 0, 0, 0, 0, 0, 0, 0, 0, 0, 0, 0, 0, 0.0036533785, 0.003395032, 0.0033224921, 0.0035421643, 0.0038388034, 0.003988138, 0.0042717373, 0.0045329067, 0.0046563954, 0.004891272, 0.005113311, 0.005220336, 0.005426854, 0.0056243604, 0.0058128187, 0.0059038196, 0.0060786693, 0.006243986, 0.0063227755, 0.006473358, 0.0066135046, 0.0067438516, 0.0068056434, 0.0069228085, 0.0070308414, 0.0070814616, 0.0071761375, 0.007261301, 0.0073001683, 0.007370297, 0.0074301427, 0.0074801636, 0.007501619, 0.0075383326, 0.0075668166, 0.007578068, 0.007594388, 0.00760181, 0.007599139, 0.007593843, 0.0075742453, 0.0075433343, 0.0075236014, 0.0074763666, 0.007419783, 0.007354676, 0.007319401, 0.0072425827, 0.0071574925, 0.0071116774, 0.007012455, 0.0069028935, 0.0068439487, 0.006718276, 0.0065827123, 0.0064383284, 0.0063632512, 0.0062080617, 0.0060468083, 0.005963969, 0.005793616, 0.0056167035, 0.0054332176, 0.0053384285, 0.0051440243, 0.004942526, 0.004838789, 0.0046250336, 0.004399803, 0.0042816093, 0.004032439, 0.003778711, 0.00358411, 0.0035548857, 0.003738522, 0, 0, 0, 0, 0, 0, 0, 0, 0, 0, 0, 0, 0, 0, 0, 0, 0, 0, 0, 0, 0, 0, 0, 0, 0, 0, 0, 0, 0, 0, 0, 0, 0, 0, 0, 0, 0, 0, 0, 0, 0, 0, 0, 0, 0
0, 0, 0, 0, 0, 0, 0, 0, 0, 0, 0, 0, 0, 0, 0, 0, 0, 0, 0, 0, 0, 0, 0, 0, 0, 0, 0, 0, 0, 0, 0.0037264125, 0.0035801558, 0.0034171713, 0.0035327796, 0.0037837618, 0.0039254576, 0.0042103, 0.0044843117, 0.004615874, 0.0048691127, 0.005110692, 0.005227607, 0.0054534497, 0.0056693377, 0.005874682, 0.0059736837, 0.006163157, 0.0063408026, 0.006425292, 0.0065856366, 0.006734817, 0.0068739983, 0.0069400957, 0.0070658196, 0.007183331, 0.0072385804, 0.007342604, 0.007436194, 0.007478929, 0.007555715, 0.0076204403, 0.007673287, 0.0076955482, 0.0077329003, 0.007761642, 0.0077729095, 0.0077895103, 0.0077979243, 0.0077969613, 0.0077924267, 0.0077748946, 0.0077450345, 0.007725444, 0.007677724, 0.007619093, 0.007550736, 0.0075137964, 0.0074334787, 0.0073458715, 0.0072992267, 0.0071994658, 0.0070905993, 0.0070324293, 0.006908457, 0.0067743347, 0.006630896, 0.0065558306, 0.0064003826, 0.0062384815, 0.0061555384, 0.005985878, 0.005811235, 0.0056310175, 0.005538659, 0.0053479024, 0.005147608, 0.005042824, 0.0048212623, 0.0045776903, 0.0044449074, 0.004152727, 0.0038283786, 0.0035182459, 0.0034133575, 0.0034999938, 0.0043054735, 0, 0, 0, 0, 0, 0, 0, 0, 0, 0, 0, 0, 0, 0, 0, 0, 0, 0, 0, 0, 0, 0, 0, 0, 0, 0, 0, 0, 0, 0, 0, 0, 0, 0, 0, 0, 0, 0, 0, 0, 0, 0, 0, 0
0, 0, 0, 0, 0, 0, 0, 0, 0, 0, 0, 0, 0, 0, 0, 0, 0, 0, 0, 0, 0, 0, 0, 0, 0, 0, 0, 0, 0, 0, 0.0050185123, 0.004447236, 0.0036869629, 0.003541046, 0.003706461, 0.003837048, 0.0041265967, 0.004418879, 0.004560976, 0.004835755, 0.0050978656, 0.0052244314, 0.0054690284, 0.0057019335, 0.005922921, 0.0060290373, 0.0062311264, 0.0064199553, 0.006509152, 0.0066778963, 0.0068340274, 0.0069795097, 0.007048644, 0.0071807685, 0.0073044333, 0.0073631573, 0.0074735987, 0.0075733964, 0.0076188417, 0.0077004717, 0.007768277, 0.00782282, 0.007845576, 0.007882845, 0.007911057, 0.0079219695, 0.007938317, 0.00794712, 0.007947176, 0.007943575, 0.007927741, 0.007899248, 0.007880202, 0.007832352, 0.0077726813, 0.0077024316, 0.0076640863, 0.007582047, 0.007493185, 0.0074463855, 0.0073474506, 0.00724042, 0.0071835765, 0.0070623653, 0.00693077, 0.0067886882, 0.0067141727, 0.006559055, 0.006397016, 0.006313841, 0.006143764, 0.00596929, 0.0057891933, 0.0056963013, 0.0055032214, 0.005297307, 0.0051880856, 0.004954117, 0.004693691, 0.0045514223, 0.004239978, 0.0038978425, 0.0035687455, 0.0034463976, 0.0034328639, 0.0038082467, 0, 0, 0, 0, 0, 0, 0, 0, 0, 0, 0, 0, 0, 0, 0, 0, 0, 0, 0, 0, 0, 0, 0, 0, 0, 0, 0, 0, 0, 0, 0, 0, 0, 0, 0, 0, 0, 0, 0, 0, 0, 0, 0, 0
0, 0, 0, 0, 0, 0, 0, 0, 0, 0, 0, 0, 0, 0, 0, 0, 0, 0, 0, 0, 0, 0, 0, 0, 0, 0, 0, 0, 0, 0, 0, 0.0047322935, 0.0037642638, 0.0034465238, 0.0035742454, 0.0037098147, 0.0040245783, 0.0043460056, 0.0045016757, 0.0048000724, 0.005081765, 0.0052166386, 0.005476167, 0.005722025, 0.005954754, 0.006066133, 0.0062783267, 0.0064758016, 0.006569094, 0.0067447834, 0.006906574, 0.0070564225, 0.007127277, 0.00726238, 0.0073887696, 0.007448642, 0.007561737, 0.007664019, 0.0077109127, 0.007794795, 0.007864799, 0.007920973, 0.007944312, 0.007982151, 0.00801044, 0.008021431, 0.008037856, 0.008046927, 0.008047534, 0.0080443155, 0.008029677, 0.008002636, 0.0079841735, 0.00793757, 0.007878529, 0.0078087696, 0.007770594, 0.007688799, 0.0076005305, 0.0075540883, 0.007456731, 0.007352159, 0.007296415, 0.007177995, 0.007049319, 0.0069096596, 0.006836092, 0.0066825375, 0.006521309, 0.006438231, 0.0062679336, 0.006091922, 0.005908724, 0.005813753, 0.0056146276, 0.0054008085, 0.0052869897, 0.0050435346, 0.0047761234, 0.0046327193, 0.0043270136, 0.0040072408, 0.0037218935, 0.003634403, 0.0037994778, 0.005229007, 0.007022456, 0, 0, 0, 0, 0, 0, 0, 0, 0, 0, 0, 0, 0, 0, 0, 0, 0, 0, 0, 0, 0, 0, 0, 0, 0, 0, 0, 0, 0, 0, 0, 0, 0, 0, 0, 0, 0, 0, 0, 0, 0, 0, 0
0, 0, 0, 0, 0, 0, 0, 0, 0, 0, 0, 0, 0, 0, 0, 0, 0, 0, 0, 0, 0, 0, 0, 0, 0, 0, 0, 0, 0, 0, 0, 0, 0.0036905683, 0.003327164, 0.0034539674, 0.00359823, 0.0039393236, 0.0042882976, 0.0044562584, 0.0047747, 0.005070258, 0.005210372, 0.0054775854, 0.005729774, 0.005968183, 0.0060821776, 0.0062998645, 0.0065033995, 0.0065994193, 0.0067804535, 0.006946749, 0.0070995907, 0.0071713785, 0.00730708, 0.0074332063, 0.007492514, 0.007604413, 0.007706346, 0.0077530146, 0.007837415, 0.007908832, 0.0079669645, 0.0079914015, 0.008031376, 0.008061295, 0.008072786, 0.008089634, 0.008098646, 0.0080991415, 0.008096025, 0.008082, 0.008056297, 0.00803906, 0.007994941, 0.007939342, 0.007873038, 0.007836597, 0.007757912, 0.007672183, 0.0076269996, 0.007531674, 0.00742917, 0.007374779, 0.0072591593, 0.007133421, 0.006997389, 0.006925604, 0.006775075, 0.0066161677, 0.0065338043, 0.006363627, 0.0061857407, 0.0059988326, 0.0059013083, 0.0056964667, 0.0054765027, 0.005360053, 0.005113098, 0.004847432, 0.004707534, 0.004415815, 0.004117326, 0.0038451094, 0.003746381, 0.0037566912, 0.004355925, 0.0049164905, 0, 0, 0, 0, 0, 0, 0, 0, 0, 0, 0, 0, 0, 0, 0, 0, 0, 0, 0, 0, 0, 0, 0, 0, 0, 0, 0, 0, 0, 0, 0, 0, 0, 0, 0, 0, 0, 0, 0, 0, 0, 0, 0
0, 0, 0, 0, 0, 0, 0, 0, 0, 0, 0, 0, 0, 0, 0, 0, 0, 0, 0, 0, 0, 0, 0, 0, 0, 0, 0, 0, 0, 0, 0, 0, 0.0036820013, 0.003421517, 0.003453357, 0.0035710956, 0.0038993577, 0.004258731, 0.004433114, 0.0047613643, 0.0050615575, 0.005202506, 0.005469452, 0.005720324, 0.005957991, 0.0060720486, 0.0062909895, 0.006496648, 0.0065942947, 0.006778582, 0.0069480683, 0.0071031475, 0.0071756095, 0.0073111462, 0.0074355137, 0.007494055, 0.007603655, 0.0077035674, 0.007749789, 0.007833941, 0.0079065105, 0.007967188, 0.007993017, 0.008036225, 0.008068437, 0.008080862, 0.00809858, 0.008107583, 0.008107606, 0.008104529, 0.008091048, 0.008067525, 0.008051844, 0.008012782, 0.00796274, 0.007903034, 0.007869467, 0.0077962526, 0.0077148387, 0.0076713576, 0.0075789886, 0.0074790698, 0.007426078, 0.007313786, 0.007192212, 0.0070611653, 0.006991763, 0.0068458137, 0.0066909655, 0.00660986, 0.0064408863, 0.006262131, 0.0060729445, 0.005974016, 0.00576651, 0.0055450695, 0.005429063, 0.0051850444, 0.0049258745, 0.004790582, 0.00450917, 0.0042149564, 0.0039179707, 0.0037784362, 0.0035736947, 0.0036067897, 0.0037506486, 0, 0, 0, 0, 0, 0, 0, 0, 0, 0, 0, 0, 0, 0, 0, 0, 0, 0, 0, 0, 0, 0, 0, 0, 0, 0, 0, 0, 0, 0, 0, 0, 0, 0, 0, 0, 0, 0, 0, 0, 0, 0, 0
0, 0, 0, 0, 0, 0, 0, 0, 0, 0, 0, 0, 0, 0, 0, 0, 0, 0, 0, 0, 0, 0, 0, 0, 0, 0, 0, 0, 0, 0, 0, 0, 0.0048776763, 0.0038583232, 0.0035548445, 0.0036075346, 0.003891255, 0.0042450647, 0.004419078, 0.004744911, 0.005040236, 0.005177685, 0.0054385117, 0.005683769, 0.0059171147, 0.006029678, 0.00624651, 0.006452134, 0.006550046, 0.00673588, 0.0069073224, 0.007064175, 0.00713731, 0.0072739366, 0.00739808, 0.0074562244, 0.0075647575, 0.007663612, 0.007709519, 0.0077938144, 0.007867831, 0.007931285, 0.007958881, 0.0080054775, 0.008040768, 0.008054276, 0.008073718, 0.008083346, 0.008084071, 0.008081457, 0.008069692, 0.008049605, 0.008036503, 0.008003597, 0.0079613, 0.007909581, 0.007879897, 0.007813712, 0.0077380054, 0.0076968684, 0.0076086484, 0.007512638, 0.0074617187, 0.0073541, 0.0072379354, 0.0071131783, 0.0070469915, 0.0069073397, 0.006757073, 0.0066780695, 0.006511541, 0.0063340613, 0.006145819, 0.006047577, 0.00584248, 0.0056259967, 0.005513044, 0.005277594, 0.005028492, 0.0048982347, 0.0046252618, 0.0043332586, 0.004023991, 0.0038699543, 0.0036185472, 0.003677902, 0.0040284614, 0.0063164807, 0, 0, 0, 0, 0, 0, 0, 0, 0, 0, 0, 0, 0, 0, 0, 0, 0, 0, 0, 0, 0, 0, 0, 0, 0, 0, 0, 0, 0, 0, 0, 0, 0, 0, 0, 0, 0, 0, 0, 0, 0, 0
0, 0, 0, 0, 0, 0, 0, 0, 0, 0, 0, 0, 0, 0, 0, 0, 0, 0, 0, 0, 0, 0, 0, 0, 0, 0, 0, 0, 0, 0, 0, 0, 0, 0.0040215957, 0.0036217745, 0.003643647, 0.0038893223, 0.0042202235, 0.0043856734, 0.0046976306, 0.0049825744, 0.005116472, 0.00537105, 0.0056121815, 0.005842242, 0.0059536127, 0.0061686444, 0.0063727987, 0.006470494, 0.0066564386, 0.006829072, 0.0069882027, 0.007062605, 0.007201537, 0.0073280954, 0.0073870528, 0.007496863, 0.007596508, 0.0076427534, 0.0077281897, 0.0078044944, 0.007870752, 0.007899995, 0.007950492, 0.007989564, 0.008004916, 0.008027445, 0.0080401655, 0.008043576, 0.008042406, 0.008034554, 0.008019763, 0.008009831, 0.007984123, 0.007950117, 0.007906537, 0.007881062, 0.007822289, 0.0077532125, 0.00771522, 0.0076326253, 0.007542485, 0.007494563, 0.0073935897, 0.007284921, 0.007167588, 0.007105373, 0.006972377, 0.0068278466, 0.006750946, 0.0065885284, 0.0064150663, 0.006231511, 0.0061363056, 0.005938636, 0.0057317116, 0.005624459, 0.0054015806, 0.0051653283, 0.005041394, 0.004779892, 0.0044983355, 0.0041980916, 0.004046932, 0.0037857408, 0.0037278086, 0.0038703517, 0.004605909, 0, 0, 0, 0, 0, 0, 0, 0, 0, 0, 0, 0, 0, 0, 0, 0, 0, 0, 0, 0, 0, 0, 0, 0, 0, 0, 0, 0, 0, 0, 0, 0, 0, 0, 0, 0, 0, 0, 0, 0, 0, 0
0, 0, 0, 0, 0, 0, 0, 0, 0, 0, 0, 0, 0, 0, 0, 0, 0, 0, 0, 0, 0, 0, 0, 0, 0, 0, 0, 0, 0, 0, 0, 0, 0, 0.0041365884, 0.003832848, 0.0037802772, 0.0038943691, 0.0041541792, 0.0043004956, 0.0045931377, 0.0048726546, 0.005006433, 0.00526321, 0.005507334, 0.005739471, 0.0058514485, 0.0060665244, 0.006270207, 0.0063676112, 0.006553448, 0.0067271856, 0.0068885884, 0.006964593, 0.0071076015, 0.007238018, 0.0072986213, 0.007411797, 0.007513925, 0.0075612455, 0.0076493877, 0.0077281613, 0.0077979127, 0.007829221, 0.007884341, 0.007928821, 0.0079469355, 0.007975136, 0.007993352, 0.008002685, 0.008004463, 0.00800285, 0.0079946285, 0.007988137, 0.007970237, 0.007944148, 0.007908385, 0.007886628, 0.007835303, 0.0077736, 0.0077393344, 0.007664311, 0.007581758, 0.007538137, 0.0074455943, 0.007345601, 0.0072366274, 0.0071782786, 0.0070529855, 0.006914736, 0.006840919, 0.0066842423, 0.006517085, 0.0063408674, 0.0062499885, 0.006062567, 0.0058675045, 0.0057666, 0.0055570165, 0.005334589, 0.0052177156, 0.004970456, 0.0047035683, 0.004417766, 0.004270928, 0.0039886385, 0.0037897942, 0.0037669975, 0.0040087267, 0.0047219177, 0, 0, 0, 0, 0, 0, 0, 0, 0, 0, 0, 0, 0, 0, 0, 0, 0, 0, 0, 0, 0, 0, 0, 0, 0, 0, 0, 0, 0, 0, 0, 0, 0, 0, 0, 0, 0, 0, 0, 0, 0
0, 0, 0, 0, 0, 0, 0, 0, 0, 0, 0, 0, 0, 0, 0, 0, 0, 0, 0, 0, 0, 0, 0, 0, 0, 0, 0, 0, 0, 0, 0, 0, 0, 0.0055304524, 0.0043520415, 0.0040262234, 0.00384802, 0.004006193, 0.004135813, 0.0044242977, 0.0047151237, 0.004856212, 0.005127104, 0.0053826054, 0.0056229467, 0.0057374355, 0.005955859, 0.0061604218, 0.0062579205, 0.0064442665, 0.0066191126, 0.0067831115, 0.0068608476, 0.007007677, 0.0071425703, 0.0072054896, 0.007322582, 0.007428086, 0.007477428, 0.007568569, 0.0076511498, 0.007725477, 0.007759376, 0.007820725, 0.007872264, 0.007894286, 0.007930618, 0.007957226, 0.007974873, 0.007980754, 0.007987283, 0.007987081, 0.007984419, 0.007973931, 0.007955073, 0.007927074, 0.007909089, 0.007865533, 0.0078120697, 0.007781876, 0.0077155665, 0.007642125, 0.007603034, 0.0075196708, 0.0074285935, 0.0073282956, 0.0072738207, 0.007156277, 0.0070252037, 0.0069551235, 0.006805601, 0.006646401, 0.006478629, 0.0063922177, 0.0062145777, 0.0060299314, 0.005934482, 0.00573563, 0.0055243103, 0.0054131104, 0.0051782774, 0.004924783, 0.0046517756, 0.0045083514, 0.0042167814, 0.0039585335, 0.0038778929, 0.0039681103, 0.004683129, 0, 0, 0, 0, 0, 0, 0, 0, 0, 0, 0, 0, 0, 0, 0, 0, 0, 0, 0, 0, 0, 0, 0, 0, 0, 0, 0, 0, 0, 0, 0, 0, 0, 0, 0, 0, 0, 0, 0, 0, 0
0, 0, 0, 0, 0, 0, 0, 0, 0, 0, 0, 0, 0, 0, 0, 0, 0, 0, 0, 0, 0, 0, 0, 0, 0, 0, 0, 0, 0, 0, 0, 0, 0, 0, 0.004490197, 0.004019378, 0.0036590768, 0.0037755284, 0.003909099, 0.0042217104, 0.0045403996, 0.0046940367, 0.0049864375, 0.005257564, 0.0055084634, 0.0056264657, 0.005849429, 0.0060564084, 0.006154836, 0.0063423174, 0.006519032, 0.006685512, 0.006764754, 0.006915174, 0.0070538125, 0.007118812, 0.0072399233, 0.0073498627, 0.0074011395, 0.007496996, 0.0075850133, 0.0076656523, 0.0077030146, 0.0077719875, 0.007832429, 0.007859087, 0.007904852, 0.007941204, 0.007968617, 0.007979128, 0.007994687, 0.008003073, 0.0080046365, 0.008002094, 0.007991031, 0.007970806, 0.007956941, 0.007921894, 0.007877291, 0.0078516975, 0.007794495, 0.0077302996, 0.0076954416, 0.0076205735, 0.0075374753, 0.007444694, 0.0073941504, 0.007283541, 0.0071605155, 0.0070942803, 0.006953178, 0.006802148, 0.006642489, 0.006559757, 0.0063890503, 0.0062102806, 0.006117465, 0.0059240474, 0.0057182563, 0.005610211, 0.0053819153, 0.005135991, 0.004869688, 0.004728653, 0.0044341665, 0.0041493746, 0.004036277, 0.003986944, 0.004447098, 0.005615567, 0, 0, 0, 0, 0, 0, 0, 0, 0, 0, 0, 0, 0, 0, 0, 0, 0, 0, 0, 0, 0, 0, 0, 0, 0, 0, 0, 0, 0, 0, 0, 0, 0, 0, 0, 0, 0, 0, 0, 0
0, 0, 0, 0, 0, 0, 0, 0, 0, 0, 0, 0, 0, 0, 0, 0, 0, 0, 0, 0, 0, 0, 0, 0, 0, 0, 0, 0, 0, 0, 0, 0, 0, 0, 0.004321525, 0.0038501266, 0.003451119, 0.0035673988, 0.0037091237, 0.004045197, 0.0043887575, 0.004553536, 0.0048637097, 0.005147252, 0.0054061706, 0.005527046, 0.005754, 0.0059640734, 0.006063698, 0.0062536625, 0.00643287, 0.0066022193, 0.0066829496, 0.006836748, 0.006979109, 0.007046103, 0.0071716257, 0.0072871232, 0.0073413574, 0.0074438876, 0.007539332, 0.007627907, 0.0076697315, 0.007747452, 0.007817159, 0.007848384, 0.007904026, 0.0079501, 0.007987091, 0.008002596, 0.008027536, 0.008045149, 0.008051135, 0.008057068, 0.008054762, 0.008043417, 0.0080340905, 0.008008382, 0.007973163, 0.007952194, 0.007903539, 0.007847244, 0.007816014, 0.007747566, 0.007670294, 0.0075831343, 0.007535411, 0.0074312985, 0.007315414, 0.0072530443, 0.007119802, 0.0069757737, 0.0068217427, 0.0067411964, 0.0065732193, 0.0063955677, 0.0063027227, 0.006108341, 0.005901629, 0.0057933037, 0.005564364, 0.005317487, 0.005048854, 0.004905012, 0.0045982744, 0.004275817, 0.004121337, 0.0038866214, 0.0038948937, 0.004196802, 0, 0, 0, 0, 0, 0, 0, 0, 0, 0, 0, 0, 0, 0, 0, 0, 0, 0, 0, 0, 0, 0, 0, 0, 0, 0, 0, 0, 0, 0, 0, 0, 0, 0, 0, 0, 0, 0, 0, 0
0, 0, 0, 0, 0, 0, 0, 0, 0, 0, 0, 0, 0, 0, 0, 0, 0, 0, 0, 0, 0, 0, 0, 0, 0, 0, 0, 0, 0, 0, 0, 0, 0, 0, 0, 0.0037672615, 0.0034900892, 0.0035068823, 0.0036180858, 0.0039335103, 0.004281191, 0.004449988, 0.004767324, 0.0050556003, 0.0053173914, 0.0054397634, 0.005669394, 0.0058827093, 0.0059838793, 0.006177764, 0.006361044, 0.006534296, 0.006616986, 0.006774692, 0.006921615, 0.0069912267, 0.0071228435, 0.0072454973, 0.007303721, 0.0074150935, 0.0075197215, 0.0076178075, 0.007664431, 0.007751377, 0.007830205, 0.007865885, 0.007930646, 0.007985753, 0.008032027, 0.008052166, 0.008086431, 0.0081132315, 0.008123928, 0.008139222, 0.008146183, 0.008144093, 0.008139692, 0.008123163, 0.008096736, 0.008079697, 0.0080385385, 0.007988165, 0.007959358, 0.007894917, 0.007820973, 0.007736865, 0.0076909927, 0.007591065, 0.007480008, 0.007420265, 0.0072923163, 0.007152413, 0.0070007695, 0.0069206976, 0.0067515816, 0.0065705865, 0.0064756176, 0.00627587, 0.0060629523, 0.0059510237, 0.005714789, 0.0054594027, 0.0051798327, 0.005029232, 0.004703432, 0.0043468447, 0.004163486, 0.0038313116, 0.0036978936, 0.0041141734, 0.0045915064, 0, 0, 0, 0, 0, 0, 0, 0, 0, 0, 0, 0, 0, 0, 0, 0, 0, 0, 0, 0, 0, 0, 0, 0, 0, 0, 0, 0, 0, 0, 0, 0, 0, 0, 0, 0, 0, 0, 0
0, 0, 0, 0, 0, 0, 0, 0, 0, 0, 0, 0, 0, 0, 0, 0, 0, 0, 0, 0, 0, 0, 0, 0, 0, 0, 0, 0, 0, 0, 0, 0, 0, 0, 0, 0.0049615866, 0.0038999214, 0.003567136, 0.0036077155, 0.0038706232, 0.00420834, 0.004376069, 0.0046912907, 0.0049778335, 0.0052390476, 0.0053614997, 0.0055934917, 0.0058103735, 0.005914127, 0.0061131413, 0.006302092, 0.0064806947, 0.0065662162, 0.006729761, 0.0068832044, 0.006956284, 0.0070962305, 0.0072282166, 0.007291565, 0.0074132704, 0.007528241, 0.0076364693, 0.007687735, 0.0077837724, 0.007871074, 0.007911114, 0.007984306, 0.00804785, 0.008103207, 0.00812776, 0.008171316, 0.008207181, 0.008222201, 0.008246096, 0.008261697, 0.00826814, 0.008267628, 0.008258835, 0.008239388, 0.008225365, 0.00818954, 0.008142742, 0.0081154015, 0.0080528185, 0.007979656, 0.0078963125, 0.007850762, 0.0077517796, 0.0076420167, 0.0075828717, 0.007455666, 0.0073161544, 0.007163077, 0.0070815547, 0.0069080773, 0.0067212386, 0.006622689, 0.0064151455, 0.0061932174, 0.0060762963, 0.00582936, 0.0055617224, 0.0052683717, 0.005110479, 0.004769615, 0.0043967115, 0.0042038895, 0.0038445266, 0.003658867, 0.003975234, 0.0044407505, 0, 0, 0, 0, 0, 0, 0, 0, 0, 0, 0, 0, 0, 0, 0, 0, 0, 0, 0, 0, 0, 0, 0, 0, 0, 0, 0, 0, 0, 0, 0, 0, 0, 0, 0, 0, 0, 0, 0
0, 0, 0, 0, 0, 0, 0, 0, 0, 0, 0, 0, 0, 0, 0, 0, 0, 0, 0, 0, 0, 0, 0, 0, 0, 0, 0, 0, 0, 0, 0, 0, 0, 0, 0, 0, 0.004025105, 0.0035968286, 0.003607226, 0.0038342727, 0.0041530486, 0.004314408, 0.004621954, 0.0049047833, 0.00516568, 0.005289144, 0.0055249194, 0.005747199, 0.005853968, 0.00605977, 0.0062556453, 0.0064415596, 0.0065311044, 0.006702723, 0.006865086, 0.006943064, 0.007093402, 0.0072363503, 0.0073052244, 0.0074380417, 0.0075635, 0.0076813125, 0.0077369655, 0.007841629, 0.007936855, 0.00798091, 0.008062237, 0.0081345, 0.008198364, 0.00822713, 0.008278922, 0.008322354, 0.0083410535, 0.008371671, 0.008393133, 0.0084047895, 0.008406883, 0.008402629, 0.008387291, 0.008375126, 0.008342073, 0.008297083, 0.008270119, 0.008207672, 0.008133831, 0.008048778, 0.008002251, 0.007901152, 0.007788672, 0.0077280337, 0.007597676, 0.007453956, 0.0072962334, 0.007211893, 0.0070323856, 0.0068386276, 0.006736111, 0.006520427, 0.006289321, 0.006167421, 0.005909843, 0.005631191, 0.0053275325, 0.005165336, 0.004818628, 0.0044434546, 0.0042489143, 0.003869105, 0.0035791025, 0.00354195, 0.0036585878, 0, 0, 0, 0, 0, 0, 0, 0, 0, 0, 0, 0, 0, 0, 0, 0, 0, 0, 0, 0, 0, 0, 0, 0, 0, 0, 0, 0, 0, 0, 0, 0, 0, 0, 0, 0, 0, 0, 0
0, 0, 0, 0, 0, 0, 0, 0, 0, 0, 0, 0, 0, 0, 0, 0, 0, 0, 0, 0, 0, 0, 0, 0, 0, 0, 0, 0, 0, 0, 0, 0, 0, 0, 0, 0, 0.0040895324, 0.003781928, 0.0037264586, 0.0038360027, 0.0040962943, 0.004244588, 0.0045423773, 0.0048264293, 0.00509255, 0.0052194493, 0.0054618632, 0.005691936, 0.005802721, 0.006017061, 0.006221671, 0.0064171767, 0.0065117455, 0.0066938773, 0.0068676006, 0.0069514345, 0.007113463, 0.007268181, 0.0073425416, 0.0074856775, 0.0076206126, 0.0077467686, 0.007806452, 0.007918766, 0.008021441, 0.00806935, 0.008158338, 0.008238587, 0.0083101345, 0.0083424235, 0.008400372, 0.008449, 0.008469882, 0.008503616, 0.008527046, 0.008540213, 0.008542655, 0.008539326, 0.008524772, 0.008512983, 0.008480511, 0.008435597, 0.008408404, 0.00834492, 0.008269064, 0.008181014, 0.008132531, 0.008026915, 0.007909159, 0.007845634, 0.0077088955, 0.0075588636, 0.00739488, 0.0073071965, 0.0071213087, 0.0069208355, 0.006815241, 0.006592806, 0.0063547026, 0.006229208, 0.005964957, 0.005680844, 0.005374809, 0.005213252, 0.004872217, 0.004507659, 0.004318495, 0.003938729, 0.0036053483, 0.0034679323, 0.0035665769, 0.0043078503, 0, 0, 0, 0, 0, 0, 0, 0, 0, 0, 0, 0, 0, 0, 0, 0, 0, 0, 0, 0, 0, 0, 0, 0, 0, 0, 0, 0, 0, 0, 0, 0, 0, 0, 0, 0, 0, 0
0, 0, 0, 0, 0, 0, 0, 0, 0, 0, 0, 0, 0, 0, 0, 0, 0, 0, 0, 0, 0, 0, 0, 0, 0, 0, 0, 0, 0, 0, 0, 0, 0, 0, 0, 0, 0.005461224, 0.0043089874, 0.003991135, 0.0038266177, 0.0039997837, 0.004137169, 0.0044382666, 0.004735238, 0.005014387, 0.005146933, 0.0054003396, 0.005640745, 0.0057568853, 0.005981774, 0.0061976975, 0.006405272, 0.006505785, 0.006700594, 0.0068871537, 0.006977407, 0.007151647, 0.0073173987, 0.0073968945, 0.007549158, 0.007692115, 0.007825114, 0.007887993, 0.008006315, 0.008115328, 0.008166397, 0.008261851, 0.008348089, 0.008424757, 0.0084595345, 0.008520937, 0.008571401, 0.008592288, 0.008625624, 0.008647675, 0.008658305, 0.008659654, 0.008654039, 0.008637337, 0.008624762, 0.008590517, 0.008544097, 0.008515997, 0.008450211, 0.008371462, 0.008279688, 0.008229059, 0.008118119, 0.007994597, 0.007928014, 0.007784994, 0.0076286905, 0.007458826, 0.007368536, 0.0071777543, 0.006972884, 0.006865203, 0.006639039, 0.006398035, 0.0062716673, 0.0060069486, 0.005725295, 0.0054268767, 0.0052711796, 0.004946814, 0.0046061473, 0.0044308146, 0.004079448, 0.003767358, 0.0036290167, 0.0037129335, 0.004418738, 0, 0, 0, 0, 0, 0, 0, 0, 0, 0, 0, 0, 0, 0, 0, 0, 0, 0, 0, 0, 0, 0, 0, 0, 0, 0, 0, 0, 0, 0, 0, 0, 0, 0, 0, 0, 0, 0
0, 0, 0, 0, 0, 0, 0, 0, 0, 0, 0, 0, 0, 0, 0, 0, 0, 0, 0, 0, 0, 0, 0, 0, 0, 0, 0, 0, 0, 0, 0, 0, 0, 0, 0, 0, 0, 0.004497789, 0.004041621, 0.0037062098, 0.0038459327, 0.003989173, 0.0043128175, 0.0046315105, 0.004927172, 0.005066986, 0.005333809, 0.005587404, 0.0057101008, 0.0059490195, 0.0061791213, 0.0064008515, 0.0065086624, 0.0067174663, 0.006917073, 0.0070133987, 0.0071987887, 0.007374277, 0.007458172, 0.0076180883, 0.0077670757, 0.007905277, 0.007970454, 0.008093367, 0.008206443, 0.008259353, 0.008358351, 0.008447447, 0.008526268, 0.008561462, 0.008622728, 0.008671872, 0.008691596, 0.008721745, 0.008739669, 0.008746358, 0.0087455455, 0.008735556, 0.008714872, 0.008700441, 0.0086626485, 0.008612791, 0.0085828975, 0.008513481, 0.008431011, 0.008335142, 0.008282403, 0.008167238, 0.0080393115, 0.0079705715, 0.007823546, 0.0076638004, 0.007491115, 0.007399667, 0.0072072376, 0.007001291, 0.0068933875, 0.0066680876, 0.006429231, 0.006305066, 0.0060465564, 0.0057753683, 0.005491823, 0.005345696, 0.005044493, 0.004731895, 0.0045718076, 0.004250847, 0.003954761, 0.0037742597, 0.0037887183, 0.004234261, 0.0053599454, 0, 0, 0, 0, 0, 0, 0, 0, 0, 0, 0, 0, 0, 0, 0, 0, 0, 0, 0, 0, 0, 0, 0, 0, 0, 0, 0, 0, 0, 0, 0, 0, 0, 0, 0, 0, 0
0, 0, 0, 0, 0, 0, 0, 0, 0, 0, 0, 0, 0, 0, 0, 0, 0, 0, 0, 0, 0, 0, 0, 0, 0, 0, 0, 0, 0, 0, 0, 0, 0, 0, 0, 0, 0, 0, 0.0039935852, 0.003712707, 0.0037097377, 0.0038046902, 0.004082996, 0.0043998184, 0.0047165807, 0.00487167, 0.0051738545, 0.0054658107, 0.0056077717, 0.0058828644, 0.0061464473, 0.0063973963, 0.0065181367, 0.0067500295, 0.006969471, 0.007074613, 0.0072758975, 0.0074643106, 0.00755385, 0.007723336, 0.007879418, 0.008022673, 0.00808946, 0.008213918, 0.008326535, 0.008378691, 0.008474256, 0.00855843, 0.008630918, 0.008662327, 0.008715688, 0.008755799, 0.008771014, 0.008792188, 0.008801404, 0.008799187, 0.008794008, 0.008774994, 0.0087447865, 0.008725431, 0.0086777555, 0.008617631, 0.008583137, 0.0085044205, 0.008413956, 0.008311983, 0.00825693, 0.0081390375, 0.008010435, 0.007942129, 0.007797518, 0.007641674, 0.00747451, 0.00738661, 0.007201947, 0.0070063365, 0.0069046766, 0.0066938885, 0.0064742686, 0.0063613486, 0.006129389, 0.005890151, 0.0056432835, 0.0055162525, 0.0052546463, 0.0049796235, 0.0048354613, 0.004530039, 0.004200873, 0.003866898, 0.0037201275, 0.003583784, 0.003958962, 0.004411537, 0, 0, 0, 0, 0, 0, 0, 0, 0, 0, 0, 0, 0, 0, 0, 0, 0, 0, 0, 0, 0, 0, 0, 0, 0, 0, 0, 0, 0, 0, 0, 0, 0, 0, 0, 0
0, 0, 0, 0, 0, 0, 0, 0, 0, 0, 0, 0, 0, 0, 0, 0, 0, 0, 0, 0, 0, 0, 0, 0, 0, 0, 0, 0, 0, 0, 0, 0, 0, 0, 0, 0, 0, 0, 0.0053522945, 0.0042244336, 0.0037784702, 0.0037643886, 0.0039498787, 0.0042566215, 0.004592979, 0.0047616637, 0.005091883, 0.005409066, 0.005561775, 0.005854925, 0.006131425, 0.0063910154, 0.0065147066, 0.006751063, 0.0069737067, 0.007080333, 0.007283899, 0.0074747037, 0.007565154, 0.007735894, 0.007892486, 0.008034815, 0.008100824, 0.008222797, 0.00833186, 0.008381787, 0.0084724855, 0.008551291, 0.008618149, 0.008646943, 0.008694804, 0.008729953, 0.008742742, 0.0087595815, 0.008764752, 0.008759154, 0.008752059, 0.008729723, 0.00869607, 0.008674861, 0.00862349, 0.0085602, 0.0085239895, 0.008442857, 0.008351002, 0.008248919, 0.008194292, 0.008078087, 0.007952552, 0.007886148, 0.007746276, 0.0075961477, 0.0074358843, 0.007351887, 0.007176137, 0.0069904816, 0.0068942783, 0.006695531, 0.006489114, 0.006383205, 0.006166265, 0.005942107, 0.005710009, 0.005590379, 0.00534239, 0.0050795344, 0.004940579, 0.0046448465, 0.0043247547, 0.003998754, 0.0038545188, 0.0037134674, 0.004050162, 0.0045083403, 0, 0, 0, 0, 0, 0, 0, 0, 0, 0, 0, 0, 0, 0, 0, 0, 0, 0, 0, 0, 0, 0, 0, 0, 0, 0, 0, 0, 0, 0, 0, 0, 0, 0, 0, 0
0, 0, 0, 0, 0, 0, 0, 0, 0, 0, 0, 0, 0, 0, 0, 0, 0, 0, 0, 0, 0, 0, 0, 0, 0, 0, 0, 0, 0, 0, 0, 0, 0, 0, 0, 0, 0, 0, 0, 0.0044046883, 0.0037031216, 0.003622166, 0.0037713018, 0.0041019404, 0.0044762986, 0.004663624, 0.0050258436, 0.0053661475, 0.0055272705, 0.005831298, 0.0061125406, 0.006372852, 0.0064963913, 0.006731329, 0.006951994, 0.007057766, 0.007260091, 0.007449798, 0.0075397594, 0.007709094, 0.007863568, 0.008003074, 0.008067434, 0.008185638, 0.008290485, 0.008338132, 0.008424082, 0.00849833, 0.008560636, 0.00858696, 0.008630446, 0.008661326, 0.008672118, 0.008685352, 0.008687283, 0.008678314, 0.008669936, 0.008645318, 0.00860969, 0.0085877385, 0.0085356925, 0.008472561, 0.008436621, 0.008357003, 0.00826727, 0.008167918, 0.0081149535, 0.008002462, 0.007881287, 0.007817449, 0.0076831607, 0.007540009, 0.0073880265, 0.007308845, 0.0071435464, 0.0069698426, 0.0068800254, 0.0066942424, 0.0065010856, 0.006401816, 0.006197619, 0.0059857666, 0.005765091, 0.0056511723, 0.0054143257, 0.005162997, 0.0050306185, 0.0047514825, 0.004452888, 0.004150393, 0.0040126713, 0.003839043, 0.0040052333, 0.004324987, 0.0054844134, 0, 0, 0, 0, 0, 0, 0, 0, 0, 0, 0, 0, 0, 0, 0, 0, 0, 0, 0, 0, 0, 0, 0, 0, 0, 0, 0, 0, 0, 0, 0, 0, 0, 0, 0
0, 0, 0, 0, 0, 0, 0, 0, 0, 0, 0, 0, 0, 0, 0, 0, 0, 0, 0, 0, 0, 0, 0, 0, 0, 0, 0, 0, 0, 0, 0, 0, 0, 0, 0, 0, 0, 0, 0, 0.0042982176, 0.0035684654, 0.0034746693, 0.0036285664, 0.0039875866, 0.0043963944, 0.004599094, 0.004984215, 0.0053364118, 0.005499853, 0.0058033005, 0.0060793217, 0.0063329134, 0.006452823, 0.006681393, 0.006897076, 0.0070006126, 0.0071990048, 0.007385298, 0.007473425, 0.00763898, 0.007789434, 0.007924934, 0.00798723, 0.008101366, 0.00820251, 0.008248368, 0.008331322, 0.0084026875, 0.00846207, 0.008487016, 0.008527902, 0.008556498, 0.008565939, 0.008576609, 0.008576336, 0.008565536, 0.008556397, 0.008530966, 0.0084956875, 0.0084744925, 0.008424891, 0.008365554, 0.008332097, 0.008257861, 0.00817403, 0.008080476, 0.008030393, 0.007923573, 0.007808194, 0.0077473414, 0.0076196603, 0.0074843545, 0.0073418017, 0.0072677336, 0.00711402, 0.006952929, 0.0068694237, 0.0066960827, 0.0065147537, 0.0064210943, 0.006227179, 0.0060247937, 0.00581282, 0.005703047, 0.0054750843, 0.005233909, 0.005107451, 0.004841561, 0.0045568706, 0.0042584636, 0.0041098744, 0.0038492326, 0.0037393246, 0.00379519, 0.004103434, 0, 0, 0, 0, 0, 0, 0, 0, 0, 0, 0, 0, 0, 0, 0, 0, 0, 0, 0, 0, 0, 0, 0, 0, 0, 0, 0, 0, 0, 0, 0, 0, 0, 0, 0
0, 0, 0, 0, 0, 0, 0, 0, 0, 0, 0, 0, 0, 0, 0, 0, 0, 0, 0, 0, 0, 0, 0, 0, 0, 0, 0, 0, 0, 0, 0, 0, 0, 0, 0, 0, 0, 0, 0, 0, 0.0036942693, 0.0035822561, 0.0036380913, 0.0039577447, 0.004366519, 0.0045718644, 0.004958637, 0.005304238, 0.0054621575, 0.0057531, 0.0060164104, 0.0062590907, 0.006374497, 0.0065957084, 0.006805349, 0.0069060074, 0.0070998874, 0.007281616, 0.0073675276, 0.0075280257, 0.0076738554, 0.007805257, 0.007865552, 0.007976394, 0.008074883, 0.008119759, 0.008201288, 0.008271544, 0.008330362, 0.008355215, 0.008395873, 0.008424468, 0.008434165, 0.008445004, 0.008444538, 0.008434164, 0.008425486, 0.008401489, 0.00836921, 0.008350014, 0.008305478, 0.008252651, 0.008222877, 0.008156758, 0.008081253, 0.007995922, 0.007949553, 0.007850004, 0.007741905, 0.007684934, 0.007565189, 0.007439156, 0.007306899, 0.0072384537, 0.0070965174, 0.0069472375, 0.006869496, 0.006707306, 0.0065356293, 0.0064462833, 0.0062604113, 0.0060651805, 0.005860033, 0.005753276, 0.0055319774, 0.005297299, 0.005174112, 0.004913756, 0.004631176, 0.0043234564, 0.0041616918, 0.0038424216, 0.0036140913, 0.0036029532, 0.0040286244, 0, 0, 0, 0, 0, 0, 0, 0, 0, 0, 0, 0, 0, 0, 0, 0, 0, 0, 0, 0, 0, 0, 0, 0, 0, 0, 0, 0, 0, 0, 0, 0, 0, 0, 0
0, 0, 0, 0, 0, 0, 0, 0, 0, 0, 0, 0, 0, 0, 0, 0, 0, 0, 0, 0, 0, 0, 0, 0, 0, 0, 0, 0, 0, 0, 0, 0, 0, 0, 0, 0, 0, 0, 0, 0, 0.004539528, 0.004084539, 0.0037872728, 0.0039941533, 0.0043657743, 0.004558817, 0.004921249, 0.0052428516, 0.0053895917, 0.0056615933, 0.005911192, 0.0061447066, 0.006256864, 0.0064727454, 0.006678676, 0.006777696, 0.0069672605, 0.0071446104, 0.0072281575, 0.0073845764, 0.00752696, 0.007655082, 0.0077141523, 0.007823414, 0.007921119, 0.007965488, 0.008046658, 0.008117475, 0.008177272, 0.0082031945, 0.008246428, 0.00827804, 0.008289442, 0.008303972, 0.00830762, 0.008300792, 0.00829409, 0.008274396, 0.008247025, 0.008230666, 0.00819266, 0.008147651, 0.008122164, 0.008064895, 0.007998675, 0.007922213, 0.007880365, 0.007789497, 0.0076900744, 0.007637631, 0.0075275507, 0.0074116965, 0.007290274, 0.0072273756, 0.007096529, 0.0069574867, 0.006884686, 0.006731166, 0.006567168, 0.0064813076, 0.00630175, 0.006111969, 0.005912137, 0.00580811, 0.00559093, 0.0053593153, 0.0052370923, 0.0049769054, 0.004691455, 0.0043767863, 0.0042094067, 0.0038718742, 0.0036082678, 0.0035672057, 0.0038978597, 0.0049565984, 0, 0, 0, 0, 0, 0, 0, 0, 0, 0, 0, 0, 0, 0, 0, 0, 0, 0, 0, 0, 0, 0, 0, 0, 0, 0, 0, 0, 0, 0, 0, 0, 0, 0
0, 0, 0, 0, 0, 0, 0, 0, 0, 0, 0, 0, 0, 0, 0, 0, 0, 0, 0, 0, 0, 0, 0, 0, 0, 0, 0, 0, 0, 0, 0, 0, 0, 0, 0, 0, 0, 0, 0, 0, 0.0048001898, 0.0043735676, 0.0039716936, 0.0040764865, 0.0043635084, 0.0045230174, 0.004834646, 0.0051235827, 0.0052596256, 0.0055175857, 0.0057610516, 0.0059926594, 0.0061043384, 0.006320149, 0.006525103, 0.006623246, 0.0068103373, 0.006984474, 0.007066604, 0.007220734, 0.0073616668, 0.007489659, 0.0075488687, 0.0076584434, 0.0077564544, 0.007801419, 0.007883671, 0.007955805, 0.008018234, 0.008045755, 0.008093975, 0.008131751, 0.008146701, 0.008168629, 0.008179604, 0.008180078, 0.008176784, 0.00816381, 0.008143096, 0.008130099, 0.008099212, 0.008061908, 0.008040591, 0.00799211, 0.007934479, 0.007867377, 0.007830255, 0.007748837, 0.007659437, 0.0076120347, 0.007512447, 0.0074072164, 0.0072960653, 0.007238074, 0.0071162046, 0.0069853486, 0.0069161667, 0.006768973, 0.006610851, 0.0065275924, 0.0063533583, 0.0061686705, 0.005973314, 0.0058714324, 0.005657495, 0.0054277168, 0.0053059417, 0.0050453716, 0.0047587953, 0.0044435654, 0.0042755003, 0.0039297845, 0.003615513, 0.0035045664, 0.0034878915, 0.0037649025, 0, 0, 0, 0, 0, 0, 0, 0, 0, 0, 0, 0, 0, 0, 0, 0, 0, 0, 0, 0, 0, 0, 0, 0, 0, 0, 0, 0, 0, 0, 0, 0, 0, 0
0, 0, 0, 0, 0, 0, 0, 0, 0, 0, 0, 0, 0, 0, 0, 0, 0, 0, 0, 0, 0, 0, 0, 0, 0, 0, 0, 0, 0, 0, 0, 0, 0, 0, 0, 0, 0, 0, 0, 0, 0, 0.004860246, 0.0044825184, 0.0042648753, 0.004322373, 0.0044166814, 0.004661873, 0.0049306178, 0.00506461, 0.0053265165, 0.005577341, 0.0058162916, 0.0059308847, 0.006150567, 0.0063567064, 0.0064546047, 0.0066403174, 0.006813339, 0.0068951924, 0.007049747, 0.007192401, 0.007323208, 0.007384021, 0.0074964403, 0.0075968765, 0.0076427963, 0.007727022, 0.007801794, 0.007868001, 0.0078981, 0.007952763, 0.007999024, 0.008018587, 0.008050057, 0.008071029, 0.00808096, 0.0080822185, 0.008077424, 0.008064604, 0.008055384, 0.008032225, 0.008002516, 0.0079853535, 0.007945207, 0.007896527, 0.007838669, 0.0078062774, 0.007734876, 0.007655708, 0.007613449, 0.0075240764, 0.00742851, 0.0073258765, 0.0072718034, 0.007156794, 0.0070316936, 0.00696487, 0.006822618, 0.0066689085, 0.0065879403, 0.00641797, 0.006237771, 0.0060468214, 0.00594681, 0.005736174, 0.0055092364, 0.005388753, 0.005131526, 0.004850494, 0.00454353, 0.0043805116, 0.0040398706, 0.0037061372, 0.0035653887, 0.0034500507, 0.0038500729, 0.0043220385, 0, 0, 0, 0, 0, 0, 0, 0, 0, 0, 0, 0, 0, 0, 0, 0, 0, 0, 0, 0, 0, 0, 0, 0, 0, 0, 0, 0, 0, 0, 0, 0, 0
0, 0, 0, 0, 0, 0, 0, 0, 0, 0, 0, 0, 0, 0, 0, 0, 0, 0, 0, 0, 0, 0, 0, 0, 0, 0, 0, 0, 0, 0, 0, 0, 0, 0, 0, 0, 0, 0, 0, 0, 0, 0.0069828727, 0.0056120884, 0.004463661, 0.004147164, 0.0041770814, 0.0043931897, 0.004679258, 0.004825924, 0.0051118187, 0.0053824033, 0.005634758, 0.005754069, 0.0059788288, 0.0061866413, 0.006284491, 0.0064699035, 0.006643042, 0.0067256344, 0.006883191, 0.007030451, 0.007166699, 0.007230191, 0.007347544, 0.007452133, 0.0074999784, 0.007587738, 0.0076667415, 0.007738226, 0.0077714976, 0.007833747, 0.007888659, 0.007913249, 0.007954933, 0.007986131, 0.008005828, 0.008011597, 0.008016255, 0.008012263, 0.008007513, 0.007992783, 0.007971972, 0.007959089, 0.007927755, 0.007888337, 0.007840132, 0.007812792, 0.0077514006, 0.0076819556, 0.0076445295, 0.0075637954, 0.007476076, 0.007379834, 0.007328578, 0.0072184266, 0.0070975134, 0.0070325746, 0.006894302, 0.0067444295, 0.006665487, 0.006499714, 0.0063232346, 0.006135839, 0.0060376157, 0.0058303536, 0.005608304, 0.0054906956, 0.005241811, 0.0049734996, 0.0046845353, 0.004532369, 0.0042167683, 0.003906257, 0.003773306, 0.00365734, 0.004016761, 0.0044865226, 0, 0, 0, 0, 0, 0, 0, 0, 0, 0, 0, 0, 0, 0, 0, 0, 0, 0, 0, 0, 0, 0, 0, 0, 0, 0, 0, 0, 0, 0, 0, 0, 0
0, 0, 0, 0, 0, 0, 0, 0, 0, 0, 0, 0, 0, 0, 0, 0, 0, 0, 0, 0, 0, 0, 0, 0, 0, 0, 0, 0, 0, 0, 0, 0, 0, 0, 0, 0, 0, 0, 0, 0, 0, 0, 0.0066884873, 0.0042810747, 0.003798165, 0.00383325, 0.0040934025, 0.0044262824, 0.004593009, 0.004910962, 0.005202159, 0.0054666186, 0.0055893706, 0.0058172625, 0.006025267, 0.0061231805, 0.0063085053, 0.006483458, 0.0065677534, 0.006729677, 0.0068829963, 0.0070255846, 0.007092425, 0.007215839, 0.0073263957, 0.0073770066, 0.0074707638, 0.007555907, 0.007634483, 0.0076714056, 0.007741422, 0.007804899, 0.007833825, 0.007884507, 0.007924593, 0.007953762, 0.0079643475, 0.007978477, 0.007984005, 0.007984202, 0.007979413, 0.007968074, 0.007960084, 0.007938503, 0.007908946, 0.00787076, 0.0078483205, 0.00779636, 0.007735646, 0.0077021485, 0.0076285233, 0.007546219, 0.0074550016, 0.0074057337, 0.007299354, 0.00718212, 0.0071191182, 0.00698464, 0.0068390416, 0.006761969, 0.0065997858, 0.006426275, 0.0062411837, 0.0061441185, 0.005940368, 0.005723168, 0.0056093424, 0.005370987, 0.0051176567, 0.0048495294, 0.004709676, 0.0044207, 0.004132969, 0.004003581, 0.0038444072, 0.0040207137, 0.0043454496, 0.0055196057, 0, 0, 0, 0, 0, 0, 0, 0, 0, 0, 0, 0, 0, 0, 0, 0, 0, 0, 0, 0, 0, 0, 0, 0, 0, 0, 0, 0, 0, 0, 0, 0
0, 0, 0, 0, 0, 0, 0, 0, 0, 0, 0, 0, 0, 0, 0, 0, 0, 0, 0, 0, 0, 0, 0, 0, 0, 0, 0, 0, 0, 0, 0, 0, 0, 0, 0, 0, 0, 0, 0, 0, 0, 0, 0, 0.00372967, 0.0035708675, 0.0036224404, 0.003889256, 0.004239671, 0.0044169384, 0.004752588, 0.005053934, 0.0053216857, 0.0054445206, 0.00567169, 0.00587874, 0.005976439, 0.0061631994, 0.006341137, 0.0064271702, 0.006594393, 0.006753212, 0.006901819, 0.0069715576, 0.0071017244, 0.0072191283, 0.0072737862, 0.007375532, 0.007469298, 0.0075563323, 0.0075975796, 0.0076755616, 0.007746493, 0.007779061, 0.007836862, 0.00788476, 0.007922517, 0.007937713, 0.007961584, 0.007977247, 0.007982637, 0.0079879835, 0.007986882, 0.007983756, 0.007971815, 0.007951856, 0.007922654, 0.007904489, 0.007860856, 0.0078075714, 0.007777121, 0.0077091022, 0.0076309727, 0.0075431378, 0.007495707, 0.007392784, 0.007279406, 0.007218521, 0.007088358, 0.006947147, 0.0068719476, 0.006712634, 0.0065412303, 0.006357222, 0.006260657, 0.0060586594, 0.005844989, 0.00573398, 0.005503616, 0.005261459, 0.005006235, 0.0048730318, 0.0045940736, 0.0043008453, 0.004154091, 0.0038931905, 0.0037782681, 0.003830727, 0.004134503, 0, 0, 0, 0, 0, 0, 0, 0, 0, 0, 0, 0, 0, 0, 0, 0, 0, 0, 0, 0, 0, 0, 0, 0, 0, 0, 0, 0, 0, 0, 0, 0
0, 0, 0, 0, 0, 0, 0, 0, 0, 0, 0, 0, 0, 0, 0, 0, 0, 0, 0, 0, 0, 0, 0, 0, 0, 0, 0, 0, 0, 0, 0, 0, 0, 0, 0, 0, 0, 0, 0, 0, 0, 0, 0, 0.0047642672, 0.00389883, 0.0037434644, 0.0038286848, 0.004137142, 0.004309305, 0.00464021, 0.0049358695, 0.0051972438, 0.005317334, 0.0055405074, 0.005747131, 0.0058456813, 0.006035348, 0.0062174858, 0.006305819, 0.0064771553, 0.0066401116, 0.006793276, 0.006865661, 0.0070022107, 0.0071278284, 0.0071868747, 0.0072984616, 0.0074022333, 0.0074988715, 0.0075443233, 0.0076300385, 0.007707864, 0.0077434313, 0.007808134, 0.007863263, 0.007909523, 0.007929169, 0.007962794, 0.007988549, 0.007998877, 0.008013696, 0.008021638, 0.008022518, 0.008018516, 0.0080060605, 0.007984228, 0.007969546, 0.0079324655, 0.00788481, 0.007857003, 0.007793058, 0.0077183736, 0.0076333964, 0.0075874175, 0.0074875127, 0.007377754, 0.0073189586, 0.007193098, 0.0070558796, 0.006982404, 0.006825583, 0.0066550854, 0.0064713075, 0.006374459, 0.006172408, 0.0059595075, 0.005849127, 0.005621023, 0.0053814757, 0.005127687, 0.0049940916, 0.0047087553, 0.0043955995, 0.0042298175, 0.0038981722, 0.0036530267, 0.0036324665, 0.0040392424, 0, 0, 0, 0, 0, 0, 0, 0, 0, 0, 0, 0, 0, 0, 0, 0, 0, 0, 0, 0, 0, 0, 0, 0, 0, 0, 0, 0, 0, 0, 0, 0
0, 0, 0, 0, 0, 0, 0, 0, 0, 0, 0, 0, 0, 0, 0, 0, 0, 0, 0, 0, 0, 0, 0, 0, 0, 0, 0, 0, 0, 0, 0, 0, 0, 0, 0, 0, 0, 0, 0, 0, 0, 0, 0, 0.0068160556, 0.00430226, 0.003905998, 0.0038268564, 0.004087908, 0.004245112, 0.0045510028, 0.004827595, 0.005077277, 0.0051940256, 0.0054156575, 0.005624725, 0.0057258247, 0.0059209135, 0.0061080265, 0.0061987215, 0.006373395, 0.0065395106, 0.006696156, 0.0067710234, 0.006913732, 0.0070476285, 0.007111556, 0.0072333147, 0.0073473165, 0.007452758, 0.0075025195, 0.007595243, 0.0076794415, 0.0077182804, 0.007789967, 0.007853289, 0.007908499, 0.007933195, 0.0079764025, 0.008011421, 0.008025804, 0.008048159, 0.008061994, 0.008065675, 0.008066671, 0.008058896, 0.008042042, 0.008029918, 0.00799778, 0.007954707, 0.007928815, 0.007868389, 0.007796319, 0.007713436, 0.00766813, 0.0075704125, 0.0074631185, 0.0074057747, 0.0072829295, 0.007148382, 0.007076216, 0.0069210776, 0.0067515634, 0.006567586, 0.006470367, 0.0062672417, 0.006052807, 0.0059412527, 0.0057103015, 0.0054665226, 0.0052064066, 0.0050683385, 0.0047722654, 0.0044448245, 0.004270071, 0.0039151954, 0.0036321708, 0.0035808724, 0.0038907744, 0.0049261632, 0, 0, 0, 0, 0, 0, 0, 0, 0, 0, 0, 0, 0, 0, 0, 0, 0, 0, 0, 0, 0, 0, 0, 0, 0, 0, 0, 0, 0, 0, 0
0, 0, 0, 0, 0, 0, 0, 0, 0, 0, 0, 0, 0, 0, 0, 0, 0, 0, 0, 0, 0, 0, 0, 0, 0, 0, 0, 0, 0, 0, 0, 0, 0, 0, 0, 0, 0, 0, 0, 0, 0, 0, 0, 0, 0.004167471, 0.0039943852, 0.0039094132, 0.0040702326, 0.004188843, 0.0044448893, 0.004698947, 0.004942068, 0.00505927, 0.0052862577, 0.005503519, 0.0056082965, 0.005811191, 0.006003964, 0.006096651, 0.0062744627, 0.006443134, 0.0066034677, 0.0066807717, 0.0068300096, 0.006972381, 0.0070408997, 0.0071719456, 0.0072944555, 0.0074074883, 0.007460619, 0.00755975, 0.007650191, 0.0076924814, 0.007771746, 0.00784403, 0.007908869, 0.007938285, 0.007990839, 0.008033344, 0.008050745, 0.008077737, 0.008094724, 0.00809967, 0.00810275, 0.008097595, 0.008083706, 0.008073353, 0.0080449125, 0.008005746, 0.00798148, 0.00792363, 0.007853518, 0.007771703, 0.007726725, 0.0076294015, 0.007522705, 0.0074655106, 0.0073438054, 0.0072105797, 0.0071390057, 0.0069855796, 0.006817176, 0.006634238, 0.0065375343, 0.0063336515, 0.006117033, 0.006004229, 0.005768945, 0.0055191033, 0.0052519105, 0.00511027, 0.00480822, 0.004477289, 0.004301637, 0.0039397846, 0.0036097846, 0.0034913968, 0.0034601572, 0.0037237823, 0, 0, 0, 0, 0, 0, 0, 0, 0, 0, 0, 0, 0, 0, 0, 0, 0, 0, 0, 0, 0, 0, 0, 0, 0, 0, 0, 0, 0, 0, 0
0, 0, 0, 0, 0, 0, 0, 0, 0, 0, 0, 0, 0, 0, 0, 0, 0, 0, 0, 0, 0, 0, 0, 0, 0, 0, 0, 0, 0, 0, 0, 0, 0, 0, 0, 0, 0, 0, 0, 0, 0, 0, 0, 0, 0.0056580226, 0.004994083, 0.004180867, 0.004021317, 0.004070506, 0.00427427, 0.004525953, 0.0047808946, 0.004905569, 0.0051466576, 0.005376009, 0.0054860422, 0.0056966217, 0.005894417, 0.0059888773, 0.0061696237, 0.006341566, 0.0065066763, 0.006586881, 0.006743341, 0.006893565, 0.0069661243, 0.0071045356, 0.00723343, 0.0073518497, 0.0074074683, 0.0075115585, 0.0076078377, 0.007653507, 0.0077403714, 0.00782109, 0.007894975, 0.007928725, 0.007988491, 0.0080365455, 0.008056043, 0.008085655, 0.008103948, 0.008109333, 0.008113336, 0.008109341, 0.008097419, 0.008088374, 0.008062866, 0.008026542, 0.008003691, 0.007948284, 0.007879678, 0.0077983723, 0.0077533764, 0.007655414, 0.0075478842, 0.007490406, 0.007368024, 0.007234886, 0.007163973, 0.007012332, 0.006846417, 0.0066660997, 0.006570503, 0.0063685244, 0.0061523416, 0.00603907, 0.0058018425, 0.005549865, 0.005280667, 0.0051391013, 0.004839745, 0.004517206, 0.0043467865, 0.003993334, 0.0036476676, 0.003501129, 0.0033714625, 0.0037375516, 0, 0, 0, 0, 0, 0, 0, 0, 0, 0, 0, 0, 0, 0, 0, 0, 0, 0, 0, 0, 0, 0, 0, 0, 0, 0, 0, 0, 0, 0, 0
0, 0, 0, 0, 0, 0, 0, 0, 0, 0, 0, 0, 0, 0, 0, 0, 0, 0, 0, 0, 0, 0, 0, 0, 0, 0, 0, 0, 0, 0, 0, 0, 0, 0, 0, 0, 0, 0, 0, 0, 0, 0, 0, 0, 0.008276355, 0.006168193, 0.004200756, 0.003778246, 0.0038054127, 0.004029949, 0.0043196357, 0.004605674, 0.004741887, 0.005000394, 0.0052405414, 0.0053541996, 0.0055697425, 0.005770881, 0.0058666477, 0.0060505997, 0.006226872, 0.0063973297, 0.0064808466, 0.0066440534, 0.0068011633, 0.0068765385, 0.007020309, 0.0071533723, 0.007275299, 0.007332552, 0.00744056, 0.00754169, 0.0075900923, 0.007683054, 0.007770548, 0.007850503, 0.007887111, 0.007951568, 0.00800307, 0.008023876, 0.008055335, 0.008074776, 0.008080772, 0.008085826, 0.008083078, 0.008072653, 0.008064431, 0.008041047, 0.008006695, 0.007984924, 0.007931502, 0.00786433, 0.0077840737, 0.0077393074, 0.0076415264, 0.0075335265, 0.0074760173, 0.00735346, 0.0072210287, 0.007150849, 0.007001764, 0.006839668, 0.0066638016, 0.006570597, 0.00637301, 0.006161147, 0.0060496493, 0.0058158305, 0.0055675227, 0.0053044287, 0.0051669613, 0.0048799263, 0.0045755454, 0.004416837, 0.004089383, 0.00376824, 0.003629618, 0.003496957, 0.003815148, 0.0047937953, 0, 0, 0, 0, 0, 0, 0, 0, 0, 0, 0, 0, 0, 0, 0, 0, 0, 0, 0, 0, 0, 0, 0, 0, 0, 0, 0, 0, 0, 0
0, 0, 0, 0, 0, 0, 0, 0, 0, 0, 0, 0, 0, 0, 0, 0, 0, 0, 0, 0, 0, 0, 0, 0, 0, 0, 0, 0, 0, 0, 0, 0, 0, 0, 0, 0, 0, 0, 0, 0, 0, 0, 0, 0, 0, 0.0047074985, 0.0035993787, 0.0034098346, 0.0034980194, 0.0038008841, 0.0041343975, 0.0044439123, 0.004587181, 0.0048531718, 0.005096527, 0.005210925, 0.0054271263, 0.0056290007, 0.005725791, 0.005912477, 0.006093085, 0.006268896, 0.0063551967, 0.0065237475, 0.0066851797, 0.0067625055, 0.0069094677, 0.007044877, 0.0071694204, 0.0072279493, 0.007339292, 0.007443989, 0.0074943383, 0.007591079, 0.0076814275, 0.007763953, 0.0078015183, 0.007867689, 0.007920892, 0.0079423385, 0.007975763, 0.007997371, 0.008004409, 0.0080114445, 0.00801014, 0.008000898, 0.007993094, 0.007970467, 0.007937148, 0.007916035, 0.007864245, 0.0077994866, 0.0077218283, 0.00767845, 0.007582889, 0.00747722, 0.0074205985, 0.007300134, 0.007170106, 0.0071014017, 0.006955948, 0.0067990283, 0.0066292705, 0.0065394025, 0.006349377, 0.0061453227, 0.0060381237, 0.0058132675, 0.0055752094, 0.005324802, 0.005195027, 0.004926288, 0.004644641, 0.0044991374, 0.0041998555, 0.0039035738, 0.0037694538, 0.0035976295, 0.0037413735, 0.0045092963, 0.005088275, 0, 0, 0, 0, 0, 0, 0, 0, 0, 0, 0, 0, 0, 0, 0, 0, 0, 0, 0, 0, 0, 0, 0, 0, 0, 0, 0, 0, 0
0, 0, 0, 0, 0, 0, 0, 0, 0, 0, 0, 0, 0, 0, 0, 0, 0, 0, 0, 0, 0, 0, 0, 0, 0, 0, 0, 0, 0, 0, 0, 0, 0, 0, 0, 0, 0, 0, 0, 0, 0, 0, 0, 0, 0, 0, 0.0034862494, 0.0033860572, 0.003448737, 0.0037026862, 0.00400968, 0.0043052146, 0.004443475, 0.004701924, 0.0049395924, 0.0050517824, 0.005265137, 0.0054667066, 0.00556396, 0.0057534645, 0.0059372867, 0.006116521, 0.0062043895, 0.006375299, 0.006538612, 0.006616652, 0.006765054, 0.0069022193, 0.007029287, 0.0070894226, 0.0072034006, 0.0073105544, 0.0073616384, 0.0074588307, 0.0075487182, 0.0076299193, 0.007666955, 0.007732246, 0.0077858926, 0.007808037, 0.007843709, 0.007868121, 0.007876541, 0.007885962, 0.007885981, 0.007876956, 0.007869235, 0.007846337, 0.007813242, 0.00779266, 0.0077431244, 0.007681895, 0.0076090107, 0.0075681945, 0.007478492, 0.007378099, 0.007323988, 0.00720832, 0.0070832367, 0.007017015, 0.0068771923, 0.0067267613, 0.0065647294, 0.0064793513, 0.006298918, 0.006105901, 0.0060047116, 0.0057932576, 0.0055704257, 0.005337008, 0.005216471, 0.0049676304, 0.0047072526, 0.0045720143, 0.0042911856, 0.003999006, 0.0038535392, 0.0035943286, 0.0034723678, 0.0036334689, 0.0037805866, 0, 0, 0, 0, 0, 0, 0, 0, 0, 0, 0, 0, 0, 0, 0, 0, 0, 0, 0, 0, 0, 0, 0, 0, 0, 0, 0, 0, 0
0, 0, 0, 0, 0, 0, 0, 0, 0, 0, 0, 0, 0, 0, 0, 0, 0, 0, 0, 0, 0, 0, 0, 0, 0, 0, 0, 0, 0, 0, 0, 0, 0, 0, 0, 0, 0, 0, 0, 0, 0, 0, 0, 0, 0, 0, 0.0048173275, 0.0038869937, 0.0036963383, 0.003692499, 0.0039017615, 0.004157208, 0.0042845523, 0.004529194, 0.0047591235, 0.0048692157, 0.005080851, 0.0052830246, 0.005381241, 0.0055726785, 0.0057583805, 0.005938539, 0.006026125, 0.0061964346, 0.006358817, 0.0064365165, 0.0065850806, 0.0067240046, 0.0068536475, 0.006914981, 0.0070311604, 0.007138966, 0.0071898103, 0.007284998, 0.007371509, 0.0074488875, 0.007484113, 0.0075474316, 0.0076008905, 0.007623705, 0.0076617254, 0.007689237, 0.0076988735, 0.007710319, 0.0077113784, 0.0077023385, 0.0076943683, 0.0076713036, 0.007638921, 0.007619283, 0.0075730816, 0.0075167473, 0.007450486, 0.007413379, 0.0073311953, 0.0072384207, 0.007188082, 0.0070799524, 0.006962197, 0.006899776, 0.0067679076, 0.006626155, 0.0064737857, 0.0063935122, 0.0062248395, 0.006045088, 0.005951243, 0.005755521, 0.0055501917, 0.0053352998, 0.005224598, 0.0049950574, 0.004752781, 0.0046257456, 0.004357275, 0.004065425, 0.003911987, 0.0036057802, 0.0033773761, 0.0034450695, 0.0037045304, 0, 0, 0, 0, 0, 0, 0, 0, 0, 0, 0, 0, 0, 0, 0, 0, 0, 0, 0, 0, 0, 0, 0, 0, 0, 0, 0, 0, 0
0, 0, 0, 0, 0, 0, 0, 0, 0, 0, 0, 0, 0, 0, 0, 0, 0, 0, 0, 0, 0, 0, 0, 0, 0, 0, 0, 0, 0, 0, 0, 0, 0, 0, 0, 0, 0, 0, 0, 0, 0, 0, 0, 0, 0, 0, 0.00700106, 0.004261207, 0.0037941053, 0.0035783104, 0.0037227578, 0.0039557326, 0.0040781256, 0.004318269, 0.00454816, 0.004658924, 0.0048733247, 0.0050787237, 0.005178218, 0.0053717573, 0.0055576465, 0.005736183, 0.0058224117, 0.00598924, 0.006148857, 0.0062256446, 0.00637351, 0.0065133185, 0.0066444417, 0.0067065544, 0.0068233716, 0.006930073, 0.0069794557, 0.0070706126, 0.0071522733, 0.0072252494, 0.0072589447, 0.007320201, 0.0073736934, 0.0073971716, 0.007437437, 0.007467289, 0.007478213, 0.0074913953, 0.007493529, 0.007485306, 0.0074776504, 0.007455994, 0.0074264808, 0.007408655, 0.0073675974, 0.007317921, 0.0072588706, 0.007225648, 0.0071515404, 0.0070672454, 0.007021011, 0.006921843, 0.0068135737, 0.006756085, 0.0066344924, 0.006503593, 0.0063633034, 0.0062894025, 0.0061339065, 0.005968721, 0.005882527, 0.0057033044, 0.0055153035, 0.005318674, 0.005216747, 0.0050050565, 0.004779915, 0.0046608397, 0.00440694, 0.004129125, 0.003982357, 0.0036877699, 0.0034637412, 0.0035150638, 0.0037505175, 0.004708549, 0, 0, 0, 0, 0, 0, 0, 0, 0, 0, 0, 0, 0, 0, 0, 0, 0, 0, 0, 0, 0, 0, 0, 0, 0, 0, 0, 0
0, 0, 0, 0, 0, 0, 0, 0, 0, 0, 0, 0, 0, 0, 0, 0, 0, 0, 0, 0, 0, 0, 0, 0, 0, 0, 0, 0, 0, 0, 0, 0, 0, 0, 0, 0, 0, 0, 0, 0, 0, 0, 0, 0, 0, 0, 0, 0.003644249, 0.0034357014, 0.00331452, 0.003459308, 0.0036967862, 0.0038232112, 0.0040726406, 0.004311142, 0.00442573, 0.004647165, 0.00485771, 0.004959161, 0.00515419, 0.0053392006, 0.0055143246, 0.0055985497, 0.005761365, 0.0059170453, 0.0059924787, 0.0061384942, 0.0062772743, 0.006407929, 0.0064694355, 0.006584132, 0.0066873496, 0.0067345924, 0.0068210736, 0.0068982188, 0.006967921, 0.0070005776, 0.0070610433, 0.0071152085, 0.0071394406, 0.0071814675, 0.007213181, 0.00722501, 0.007240449, 0.0072447797, 0.0072395205, 0.007233799, 0.0072168536, 0.0071932613, 0.007178822, 0.0071446393, 0.0071022883, 0.007050688, 0.0070209913, 0.0069544194, 0.006878009, 0.0068363, 0.006746531, 0.0066488488, 0.006597171, 0.0064879893, 0.0063704, 0.0062438073, 0.006177006, 0.0060360245, 0.005885363, 0.005806591, 0.00564267, 0.0054701255, 0.0052889856, 0.005194855, 0.0049986, 0.004788724, 0.0046777297, 0.004441569, 0.004184916, 0.0040503633, 0.00378023, 0.0035591049, 0.0035279354, 0.003664454, 0.0044325213, 0, 0, 0, 0, 0, 0, 0, 0, 0, 0, 0, 0, 0, 0, 0, 0, 0, 0, 0, 0, 0, 0, 0, 0, 0, 0, 0, 0
0, 0, 0, 0, 0, 0, 0, 0, 0, 0, 0, 0, 0, 0, 0, 0, 0, 0, 0, 0, 0, 0, 0, 0, 0, 0, 0, 0, 0, 0, 0, 0, 0, 0, 0, 0, 0, 0, 0, 0, 0, 0, 0, 0, 0, 0, 0, 0.0038527697, 0.0034106043, 0.003081618, 0.0031804447, 0.0034216228, 0.0035544848, 0.003817221, 0.0040669134, 0.0041862205, 0.0044145416, 0.004629602, 0.004732118, 0.00492751, 0.005110512, 0.0052821822, 0.005364359, 0.005522647, 0.005674553, 0.0057482347, 0.0058909673, 0.006026495, 0.0061530983, 0.0062124166, 0.0063224565, 0.006420673, 0.0064654998, 0.0065478655, 0.006622325, 0.00669087, 0.0067234426, 0.00678456, 0.0068399864, 0.0068649473, 0.006908595, 0.006941934, 0.0069547696, 0.006972952, 0.006981461, 0.006982029, 0.0069798254, 0.0069709052, 0.0069559035, 0.006945857, 0.00692035, 0.0068855938, 0.0068409983, 0.006814839, 0.006755204, 0.00668662, 0.006649384, 0.0065696933, 0.006483351, 0.0064379196, 0.006342096, 0.006238582, 0.0061262613, 0.006066568, 0.005939497, 0.0058026444, 0.0057304874, 0.005579364, 0.005419434, 0.005250242, 0.005161936, 0.004977234, 0.0047791586, 0.004674672, 0.0044524968, 0.0042116605, 0.0040842677, 0.003819793, 0.0035649517, 0.0033876267, 0.0033695134, 0.0035557318, 0, 0, 0, 0, 0, 0, 0, 0, 0, 0, 0, 0, 0, 0, 0, 0, 0, 0, 0, 0, 0, 0, 0, 0, 0, 0, 0, 0
0, 0, 0, 0, 0, 0, 0, 0, 0, 0, 0, 0, 0, 0, 0, 0, 0, 0, 0, 0, 0, 0, 0, 0, 0, 0, 0, 0, 0, 0, 0, 0, 0, 0, 0, 0, 0, 0, 0, 0, 0, 0, 0, 0, 0, 0, 0, 0.0036900355, 0.003252745, 0.0028707015, 0.0029449346, 0.0031804885, 0.0033144583, 0.0035823686, 0.0038373424, 0.0039591617, 0.004190267, 0.0044062315, 0.004508505, 0.0047021704, 0.004882348, 0.0050503947, 0.005130538, 0.0052850563, 0.0054328237, 0.0055042836, 0.005642256, 0.005772351, 0.0058926507, 0.005948825, 0.00605272, 0.006145778, 0.0061886795, 0.0062687495, 0.0063425913, 0.0064120507, 0.0064451885, 0.0065082307, 0.0065653212, 0.0065911314, 0.0066359877, 0.006671499, 0.006685568, 0.006707437, 0.006721835, 0.0067299744, 0.006732199, 0.0067326473, 0.0067274007, 0.0067220316, 0.0067053083, 0.006678602, 0.006641784, 0.0066195, 0.0065677348, 0.006507831, 0.0064754197, 0.0064060157, 0.006331319, 0.0062920223, 0.00620865, 0.006118056, 0.006018589, 0.005965163, 0.005850483, 0.0057251225, 0.005658719, 0.0055178716, 0.005367144, 0.0052061025, 0.005121642, 0.0049442505, 0.004753514, 0.0046527074, 0.0044383453, 0.0042042695, 0.004078915, 0.0038100237, 0.0035264457, 0.0032726969, 0.003194497, 0.0032927778, 0.0039554434, 0, 0, 0, 0, 0, 0, 0, 0, 0, 0, 0, 0, 0, 0, 0, 0, 0, 0, 0, 0, 0, 0, 0, 0, 0, 0, 0
0, 0, 0, 0, 0, 0, 0, 0, 0, 0, 0, 0, 0, 0, 0, 0, 0, 0, 0, 0, 0, 0, 0, 0, 0, 0, 0, 0, 0, 0, 0, 0, 0, 0, 0, 0, 0, 0, 0, 0, 0, 0, 0, 0, 0, 0, 0, 0, 0.003082211, 0.0028347734, 0.0028227284, 0.003005597, 0.0031276199, 0.0033853862, 0.0036374857, 0.0037581443, 0.0039873207, 0.004200325, 0.0043004956, 0.0044899364, 0.0046656616, 0.0048297103, 0.0049076574, 0.005057998, 0.005201077, 0.0052699517, 0.0054021883, 0.005525774, 0.0056393617, 0.005692501, 0.005791067, 0.005880632, 0.005922588, 0.0060023046, 0.006077426, 0.006149083, 0.006183384, 0.0062483028, 0.0063071344, 0.0063337027, 0.00638057, 0.0064188284, 0.006434831, 0.0064617423, 0.006482555, 0.006498625, 0.0065048356, 0.006513966, 0.00651714, 0.006516093, 0.0065074684, 0.006489317, 0.006461255, 0.0064436295, 0.0064016604, 0.0063523455, 0.0063252263, 0.0062665236, 0.00620251, 0.006168156, 0.006095294, 0.0060145594, 0.0059249755, 0.005876674, 0.005771949, 0.0056564696, 0.005594293, 0.005461714, 0.005317928, 0.0051625236, 0.005080282, 0.0049069915, 0.0047202436, 0.004621226, 0.004410662, 0.004179421, 0.004054998, 0.00378661, 0.003497898, 0.0032279328, 0.0031335482, 0.0031729236, 0.0037937465, 0.0043017757, 0, 0, 0, 0, 0, 0, 0, 0, 0, 0, 0, 0, 0, 0, 0, 0, 0, 0, 0, 0, 0, 0, 0, 0, 0, 0
0, 0, 0, 0, 0, 0, 0, 0, 0, 0, 0, 0, 0, 0, 0, 0, 0, 0, 0, 0, 0, 0, 0, 0, 0, 0, 0, 0, 0, 0, 0, 0, 0, 0, 0, 0, 0, 0, 0, 0, 0, 0, 0, 0, 0, 0, 0, 0, 0.0039789765, 0.0030920275, 0.0027920604, 0.0028783767, 0.0029816814, 0.0032238797, 0.0034696078, 0.003587823, 0.003812015, 0.0040189787, 0.0041164607, 0.0042996155, 0.0044695493, 0.0046276967, 0.004703105, 0.0048479442, 0.0049851392, 0.005051062, 0.0051774033, 0.0052951225, 0.0054039573, 0.0054550273, 0.005551096, 0.0056399656, 0.0056822123, 0.005763317, 0.005840619, 0.005914621, 0.0059499177, 0.0060166493, 0.0060774004, 0.006105357, 0.006155138, 0.00619781, 0.0062164906, 0.0062493943, 0.006276875, 0.006299648, 0.006309193, 0.0063243387, 0.0063337176, 0.006335952, 0.006334148, 0.0063247154, 0.00630685, 0.006294763, 0.0062645082, 0.0062268227, 0.00620537, 0.006156659, 0.0061013317, 0.0060708574, 0.0060044476, 0.005930409, 0.00584797, 0.0058031655, 0.005706379, 0.0055988543, 0.0055408375, 0.0054153325, 0.005277333, 0.005126294, 0.005046014, 0.0048754374, 0.004691121, 0.0045934096, 0.00438587, 0.004159359, 0.004037673, 0.0037760912, 0.0034929672, 0.0032113378, 0.0030900785, 0.0029647872, 0.003110585, 0.0032455786, 0, 0, 0, 0, 0, 0, 0, 0, 0, 0, 0, 0, 0, 0, 0, 0, 0, 0, 0, 0, 0, 0, 0, 0, 0, 0
0, 0, 0, 0, 0, 0, 0, 0, 0, 0, 0, 0, 0, 0, 0, 0, 0, 0, 0, 0, 0, 0, 0, 0, 0, 0, 0, 0, 0, 0, 0, 0, 0, 0, 0, 0, 0, 0, 0, 0, 0, 0, 0, 0, 0, 0, 0, 0, 0, 0.0031055268, 0.002726081, 0.0027691335, 0.002860717, 0.0030903914, 0.0033302233, 0.0034460393, 0.0036645916, 0.0038649028, 0.0039587407, 0.004134418, 0.00429665, 0.0044475137, 0.0045194873, 0.004657218, 0.004787974, 0.004851112, 0.0049721193, 0.0050862064, 0.0051930947, 0.0052439445, 0.0053408546, 0.0054315687, 0.0054751146, 0.0055587585, 0.00563835, 0.0057138703, 0.0057496154, 0.005818122, 0.005881002, 0.0059104897, 0.0059650927, 0.0060138716, 0.006036132, 0.0060762656, 0.0061104824, 0.006138829, 0.0061507225, 0.0061698817, 0.0061832587, 0.006187642, 0.006192071, 0.0061911806, 0.006183785, 0.0061776093, 0.0061592804, 0.006132827, 0.006116243, 0.0060759615, 0.006026694, 0.0059986417, 0.0059362985, 0.005866245, 0.0057885144, 0.005746555, 0.005656263, 0.0055561014, 0.0055014263, 0.0053826757, 0.005250232, 0.005103557, 0.005024855, 0.004857332, 0.004676209, 0.0045804963, 0.0043781046, 0.004159215, 0.004042522, 0.0037932745, 0.0035226734, 0.0032422317, 0.0031091732, 0.0029177654, 0.0029971774, 0.0032362866, 0, 0, 0, 0, 0, 0, 0, 0, 0, 0, 0, 0, 0, 0, 0, 0, 0, 0, 0, 0, 0, 0, 0, 0, 0, 0
0, 0, 0, 0, 0, 0, 0, 0, 0, 0, 0, 0, 0, 0, 0, 0, 0, 0, 0, 0, 0, 0, 0, 0, 0, 0, 0, 0, 0, 0, 0, 0, 0, 0, 0, 0, 0, 0, 0, 0, 0, 0, 0, 0, 0, 0, 0, 0, 0, 0.0030085212, 0.0027542175, 0.0027191972, 0.0027824307, 0.002983516, 0.0032139746, 0.0033269266, 0.0035397417, 0.0037332065, 0.0038228678, 0.0039902483, 0.00414426, 0.0042869793, 0.0043553426, 0.00448637, 0.0046112714, 0.00467196, 0.004789639, 0.0049024015, 0.005010281, 0.005062236, 0.0051623494, 0.005256742, 0.0053019966, 0.0053885533, 0.005469698, 0.0055455863, 0.00558189, 0.005651628, 0.0057173865, 0.005749055, 0.005809646, 0.005865883, 0.005892164, 0.0059403325, 0.0059814528, 0.006014593, 0.006028406, 0.0060508656, 0.0060673715, 0.0060737813, 0.0060837227, 0.006090185, 0.0060921647, 0.006090969, 0.006082816, 0.0060654953, 0.0060528, 0.006018658, 0.00597335, 0.0059468043, 0.0058872565, 0.0058201496, 0.005746496, 0.0057071503, 0.0056224233, 0.00552861, 0.0054773954, 0.005364859, 0.0052374946, 0.0050951056, 0.005018398, 0.004854944, 0.004678065, 0.0045853015, 0.0043902127, 0.0041818107, 0.0040720315, 0.0038394139, 0.0035896387, 0.003330111, 0.0032058225, 0.0030202803, 0.0030797136, 0.0032931892, 0.004145274, 0, 0, 0, 0, 0, 0, 0, 0, 0, 0, 0, 0, 0, 0, 0, 0, 0, 0, 0, 0, 0, 0, 0, 0, 0
0, 0, 0, 0, 0, 0, 0, 0, 0, 0, 0, 0, 0, 0, 0, 0, 0, 0, 0, 0, 0, 0, 0, 0, 0, 0, 0, 0, 0, 0, 0, 0, 0, 0, 0, 0, 0, 0, 0, 0, 0, 0, 0, 0, 0, 0, 0, 0, 0, 0.0038912366, 0.0030261173, 0.0027260603, 0.0027352164, 0.0028940216, 0.0031126456, 0.003222007, 0.003427601, 0.0036129234, 0.003698643, 0.0038584317, 0.0040052803, 0.004142216, 0.0042077336, 0.004334174, 0.004455624, 0.004514944, 0.004631381, 0.004744906, 0.004855318, 0.0049091526, 0.005013328, 0.0051116976, 0.0051585864, 0.0052474914, 0.00532991, 0.005406548, 0.005443341, 0.0055143214, 0.005583306, 0.0056173406, 0.0056839357, 0.005747725, 0.005778087, 0.0058335415, 0.005881052, 0.0059192395, 0.0059350897, 0.0059609534, 0.0059808986, 0.005989239, 0.0060038, 0.006016125, 0.006024655, 0.0060269586, 0.0060255476, 0.0060139974, 0.0060037365, 0.005973785, 0.0059317956, 0.005906773, 0.0058502485, 0.005786537, 0.0057169804, 0.005679976, 0.0056005483, 0.0055114976, 0.005462712, 0.005355027, 0.005232243, 0.005094656, 0.0050204056, 0.004861955, 0.0046916944, 0.0046023917, 0.004416155, 0.004219607, 0.0041168635, 0.0039017927, 0.0036731872, 0.0034364134, 0.0033208795, 0.003131486, 0.0031090695, 0.0032310137, 0.003911304, 0, 0, 0, 0, 0, 0, 0, 0, 0, 0, 0, 0, 0, 0, 0, 0, 0, 0, 0, 0, 0, 0, 0, 0, 0
0, 0, 0, 0, 0, 0, 0, 0, 0, 0, 0, 0, 0, 0, 0, 0, 0, 0, 0, 0, 0, 0, 0, 0, 0, 0, 0, 0, 0, 0, 0, 0, 0, 0, 0, 0, 0, 0, 0, 0, 0, 0, 0, 0, 0, 0, 0, 0, 0, 0, 0.0030650478, 0.0027001451, 0.0026878195, 0.0028183695, 0.0030187236, 0.0031209004, 0.0033146082, 0.0034911535, 0.003573356, 0.003728382, 0.0038724337, 0.0040078666, 0.0040729376, 0.004198744, 0.0043200683, 0.0043795276, 0.004496653, 0.0046116775, 0.0047247475, 0.0047802324, 0.004887892, 0.0049900664, 0.0050385045, 0.005129968, 0.005214318, 0.0052925944, 0.0053301034, 0.005403071, 0.005474923, 0.0055107865, 0.005581965, 0.005651028, 0.0056840205, 0.0057449588, 0.0057975966, 0.0058404882, 0.0058583883, 0.0058879596, 0.005911729, 0.005921967, 0.005940078, 0.005955651, 0.005967461, 0.0059712953, 0.0059728706, 0.0059640193, 0.0059552793, 0.005928333, 0.005889947, 0.005866882, 0.00581434, 0.005754834, 0.0056891935, 0.005654045, 0.0055777663, 0.005492268, 0.0054450184, 0.0053407396, 0.0052223434, 0.0050902576, 0.0050190506, 0.0048677125, 0.00470566, 0.004620926, 0.0044446765, 0.00425944, 0.0041633095, 0.0039623654, 0.0037487654, 0.0035224732, 0.0034062075, 0.0031827488, 0.0030241655, 0.0030057281, 0.0031652048, 0, 0, 0, 0, 0, 0, 0, 0, 0, 0, 0, 0, 0, 0, 0, 0, 0, 0, 0, 0, 0, 0, 0, 0, 0
0, 0, 0, 0, 0, 0, 0, 0, 0, 0, 0, 0, 0, 0, 0, 0, 0, 0, 0, 0, 0, 0, 0, 0, 0, 0, 0, 0, 0, 0, 0, 0, 0, 0, 0, 0, 0, 0, 0, 0, 0, 0, 0, 0, 0, 0, 0, 0, 0, 0, 0.003044226, 0.0027904995, 0.0027312483, 0.0027719648, 0.0029208513, 0.0030083698, 0.003185452, 0.0033555483, 0.0034371, 0.0035930278, 0.003740305, 0.0038798803, 0.003947188, 0.0040764497, 0.0042004185, 0.004261013, 0.0043797377, 0.0044963495, 0.0046113553, 0.0046679713, 0.004778666, 0.0048839743, 0.0049341535, 0.0050289067, 0.005116317, 0.005197252, 0.005236038, 0.0053113196, 0.0053851204, 0.005421917, 0.0054949075, 0.005565865, 0.005599761, 0.005662859, 0.005718083, 0.0057642264, 0.005783787, 0.005817095, 0.0058438005, 0.005855362, 0.005875436, 0.005892073, 0.0059039555, 0.00590762, 0.005909237, 0.005901384, 0.0058934195, 0.005869405, 0.005834902, 0.0058141868, 0.0057660756, 0.0057103178, 0.0056475354, 0.005613349, 0.005538644, 0.0054544145, 0.0054083043, 0.005307299, 0.00519417, 0.005069187, 0.00500221, 0.004860061, 0.0047078053, 0.0046282904, 0.0044623404, 0.004287721, 0.004196991, 0.004007354, 0.0038038716, 0.0035828277, 0.003464865, 0.003218903, 0.002994142, 0.0029221373, 0.002997812, 0.003586609, 0, 0, 0, 0, 0, 0, 0, 0, 0, 0, 0, 0, 0, 0, 0, 0, 0, 0, 0, 0, 0, 0, 0, 0
0, 0, 0, 0, 0, 0, 0, 0, 0, 0, 0, 0, 0, 0, 0, 0, 0, 0, 0, 0, 0, 0, 0, 0, 0, 0, 0, 0, 0, 0, 0, 0, 0, 0, 0, 0, 0, 0, 0, 0, 0, 0, 0, 0, 0, 0, 0, 0, 0, 0, 0.0040101674, 0.003137249, 0.0028854997, 0.0027177592, 0.00278943, 0.0028620176, 0.0030297919, 0.003202706, 0.003287438, 0.0034514633, 0.0036077301, 0.0037554284, 0.0038261756, 0.00396118, 0.004089234, 0.0041510346, 0.004271372, 0.0043891417, 0.0045052418, 0.004562585, 0.004675235, 0.0047836225, 0.0048356447, 0.004934209, 0.0050255433, 0.005110144, 0.0051502828, 0.0052276724, 0.005302151, 0.005338852, 0.005410568, 0.0054798867, 0.0055129854, 0.0055751563, 0.0056304517, 0.005677571, 0.0056980243, 0.00573333, 0.00576171, 0.005773763, 0.005793901, 0.0058091376, 0.005819131, 0.0058218995, 0.005822045, 0.005814164, 0.0058068032, 0.005785594, 0.005754763, 0.005735969, 0.0056914166, 0.005638293, 0.005576711, 0.0055426573, 0.0054684784, 0.005385137, 0.0053402283, 0.0052434467, 0.0051372526, 0.005021059, 0.004959165, 0.00482775, 0.004686537, 0.0046124253, 0.0044568144, 0.004292651, 0.004207077, 0.004027624, 0.0038348082, 0.0036243964, 0.003511499, 0.0032746035, 0.0030546398, 0.0029806725, 0.0030362792, 0.0036034402, 0, 0, 0, 0, 0, 0, 0, 0, 0, 0, 0, 0, 0, 0, 0, 0, 0, 0, 0, 0, 0, 0, 0, 0
0, 0, 0, 0, 0, 0, 0, 0, 0, 0, 0, 0, 0, 0, 0, 0, 0, 0, 0, 0, 0, 0, 0, 0, 0, 0, 0, 0, 0, 0, 0, 0, 0, 0, 0, 0, 0, 0, 0, 0, 0, 0, 0, 0, 0, 0, 0, 0, 0, 0, 0, 0.0032318332, 0.0028771707, 0.0025754466, 0.0026095435, 0.0026803254, 0.0028570502, 0.0030430742, 0.0031342776, 0.0033101474, 0.003476499, 0.0036323261, 0.0037063058, 0.0038459222, 0.0039766748, 0.004039449, 0.004160968, 0.004279129, 0.0043956134, 0.004453396, 0.004567058, 0.00467746, 0.004730895, 0.004832956, 0.004927671, 0.005015314, 0.0050566127, 0.005135136, 0.005209171, 0.005244887, 0.0053139334, 0.005379742, 0.0054110833, 0.00547007, 0.005523295, 0.005569346, 0.0055896905, 0.005624994, 0.0056531294, 0.00566473, 0.005682952, 0.005695461, 0.005702524, 0.005703886, 0.0057022804, 0.0056942063, 0.0056874882, 0.005667963, 0.0056398697, 0.005622219, 0.0055797067, 0.0055274903, 0.0054659997, 0.0054321224, 0.0053584417, 0.0052775242, 0.0052346997, 0.005143973, 0.005046198, 0.0049402043, 0.004883925, 0.004763553, 0.004632941, 0.00456405, 0.0044185915, 0.004264188, 0.004183823, 0.0040155104, 0.003835753, 0.0036409725, 0.0035374805, 0.0033215578, 0.003115734, 0.0030373598, 0.003021413, 0.0033969623, 0.0042877547, 0, 0, 0, 0, 0, 0, 0, 0, 0, 0, 0, 0, 0, 0, 0, 0, 0, 0, 0, 0, 0, 0, 0
0, 0, 0, 0, 0, 0, 0, 0, 0, 0, 0, 0, 0, 0, 0, 0, 0, 0, 0, 0, 0, 0, 0, 0, 0, 0, 0, 0, 0, 0, 0, 0, 0, 0, 0, 0, 0, 0, 0, 0, 0, 0, 0, 0, 0, 0, 0, 0, 0, 0, 0, 0.003096841, 0.0027389133, 0.002408837, 0.0024381687, 0.0025114892, 0.0026983344, 0.0028958516, 0.0029922577, 0.0031765783, 0.0033484625, 0.0035074612, 0.0035822052, 0.0037236123, 0.0038548815, 0.003917737, 0.0040392545, 0.004157429, 0.004273899, 0.004331387, 0.004445445, 0.0045561637, 0.0046097683, 0.004712746, 0.0048084827, 0.0048970166, 0.004938559, 0.0050169076, 0.0050896653, 0.005124227, 0.0051900498, 0.005252147, 0.0052815457, 0.005336925, 0.005386906, 0.005430491, 0.0054497556, 0.0054827514, 0.005508604, 0.005518888, 0.0055340487, 0.0055434285, 0.0055474127, 0.005547554, 0.005544326, 0.0055357334, 0.0055292756, 0.0055105262, 0.005483327, 0.005466129, 0.0054243337, 0.005372353, 0.0053114584, 0.00527835, 0.0052073696, 0.0051313224, 0.005091671, 0.0050089913, 0.004920459, 0.0048248237, 0.0047734515, 0.004663287, 0.0045424514, 0.004478076, 0.004342211, 0.0041980906, 0.004122813, 0.003966348, 0.0038002618, 0.003621019, 0.0035256308, 0.0033235634, 0.003114671, 0.0030173075, 0.002882833, 0.0029334554, 0.0031898418, 0, 0, 0, 0, 0, 0, 0, 0, 0, 0, 0, 0, 0, 0, 0, 0, 0, 0, 0, 0, 0, 0, 0
0, 0, 0, 0, 0, 0, 0, 0, 0, 0, 0, 0, 0, 0, 0, 0, 0, 0, 0, 0, 0, 0, 0, 0, 0, 0, 0, 0, 0, 0, 0, 0, 0, 0, 0, 0, 0, 0, 0, 0, 0, 0, 0, 0, 0, 0, 0, 0, 0, 0, 0, 0, 0.0026127284, 0.002389999, 0.0023556713, 0.0024075322, 0.0025760103, 0.0027708472, 0.0028672614, 0.0030510933, 0.0032205675, 0.0033762227, 0.003449553, 0.0035880313, 0.00371784, 0.0037801205, 0.0039012316, 0.004018954, 0.0041348627, 0.004191898, 0.0043041864, 0.0044127246, 0.0044651893, 0.004565283, 0.0046587912, 0.0047449325, 0.0047855703, 0.0048617865, 0.004932413, 0.00496572, 0.0050287326, 0.005087389, 0.005115052, 0.005166561, 0.005212669, 0.005252544, 0.005270028, 0.0052993037, 0.005321378, 0.005329701, 0.00534167, 0.0053479807, 0.0053494237, 0.005348844, 0.005344329, 0.005335014, 0.0053282296, 0.0053095636, 0.005282348, 0.0052651856, 0.0052240067, 0.005173459, 0.0051153502, 0.0050841877, 0.005018718, 0.00495014, 0.0049145315, 0.004840621, 0.0047615943, 0.004674841, 0.0046280012, 0.004526677, 0.004414693, 0.004354895, 0.0042289, 0.0040953625, 0.0040261634, 0.0038817816, 0.0037287078, 0.0035624595, 0.003473213, 0.0032798056, 0.0030680008, 0.0029593885, 0.002770523, 0.00272734, 0.0030721384, 0.0034231055, 0, 0, 0, 0, 0, 0, 0, 0, 0, 0, 0, 0, 0, 0, 0, 0, 0, 0, 0, 0, 0, 0
0, 0, 0, 0, 0, 0, 0, 0, 0, 0, 0, 0, 0, 0, 0, 0, 0, 0, 0, 0, 0, 0, 0, 0, 0, 0, 0, 0, 0, 0, 0, 0, 0, 0, 0, 0, 0, 0, 0, 0, 0, 0, 0, 0, 0, 0, 0, 0, 0, 0, 0, 0, 0.0033688908, 0.0026162877, 0.0023491087, 0.0023520594, 0.0024793244, 0.002659589, 0.0027511106, 0.0029251692, 0.003085431, 0.0032330342, 0.0033031313, 0.0034365752, 0.0035635997, 0.0036251987, 0.0037453498, 0.0038623852, 0.0039766254, 0.0040323604, 0.0041409405, 0.004244307, 0.0042938865, 0.0043881955, 0.004476106, 0.004557434, 0.004595923, 0.004668171, 0.004734989, 0.004766704, 0.004826123, 0.004881033, 0.004906624, 0.0049539264, 0.0049953535, 0.0050305994, 0.0050457856, 0.0050707464, 0.0050887177, 0.0050953375, 0.0051040826, 0.0051080477, 0.0051079714, 0.005106725, 0.0051014605, 0.0050916593, 0.0050847507, 0.0050658993, 0.005039242, 0.0050227894, 0.0049835895, 0.0049369596, 0.0048843827, 0.0048567355, 0.004799171, 0.0047392235, 0.004708374, 0.004643469, 0.004573045, 0.0044947485, 0.004452035, 0.0043591964, 0.0042564645, 0.004201817, 0.0040868563, 0.003965562, 0.003902531, 0.0037711624, 0.003630122, 0.0034759084, 0.0033925627, 0.0032100694, 0.0030073698, 0.0029018929, 0.0027108863, 0.0026449715, 0.002936618, 0.0032960414, 0, 0, 0, 0, 0, 0, 0, 0, 0, 0, 0, 0, 0, 0, 0, 0, 0, 0, 0, 0, 0, 0
0, 0, 0, 0, 0, 0, 0, 0, 0, 0, 0, 0, 0, 0, 0, 0, 0, 0, 0, 0, 0, 0, 0, 0, 0, 0, 0, 0, 0, 0, 0, 0, 0, 0, 0, 0, 0, 0, 0, 0, 0, 0, 0, 0, 0, 0, 0, 0, 0, 0, 0, 0, 0, 0.0026444488, 0.0023137357, 0.0022941516, 0.0023887313, 0.002546099, 0.0026282782, 0.0027868962, 0.0029350251, 0.003074137, 0.0031408826, 0.0032697385, 0.003394039, 0.003454667, 0.003573063, 0.0036879317, 0.0037984143, 0.003851803, 0.003954467, 0.004051085, 0.0040967497, 0.004183494, 0.0042640287, 0.0043387427, 0.0043739984, 0.0044405186, 0.0045018354, 0.004530742, 0.004585182, 0.004634946, 0.0046578916, 0.0046998607, 0.0047363085, 0.0047667692, 0.0047793663, 0.004800153, 0.004814592, 0.0048197755, 0.0048264135, 0.004828871, 0.0048282184, 0.004826909, 0.004821496, 0.004812124, 0.0048056515, 0.0047879964, 0.004763467, 0.004748724, 0.0047141253, 0.004673768, 0.0046291193, 0.0046058465, 0.004557782, 0.0045071635, 0.004480626, 0.0044244183, 0.004362061, 0.004292327, 0.004253942, 0.004170802, 0.004079395, 0.0040308973, 0.003929006, 0.0038210107, 0.0037645297, 0.0036456196, 0.0035166435, 0.0033743507, 0.003297187, 0.0031285186, 0.0029415758, 0.0028435835, 0.0026546002, 0.0025313986, 0.0025899068, 0.0027103766, 0, 0, 0, 0, 0, 0, 0, 0, 0, 0, 0, 0, 0, 0, 0, 0, 0, 0, 0, 0, 0, 0
0, 0, 0, 0, 0, 0, 0, 0, 0, 0, 0, 0, 0, 0, 0, 0, 0, 0, 0, 0, 0, 0, 0, 0, 0, 0, 0, 0, 0, 0, 0, 0, 0, 0, 0, 0, 0, 0, 0, 0, 0, 0, 0, 0, 0, 0, 0, 0, 0, 0, 0, 0, 0, 0.0025864565, 0.0023538228, 0.0022927122, 0.0023063652, 0.0024160615, 0.0024842958, 0.0026264526, 0.0027666702, 0.0029009373, 0.0029659346, 0.0030919467, 0.0032131828, 0.0032721963, 0.0033866512, 0.0034962313, 0.003600534, 0.003650436, 0.0037455615, 0.0038343978, 0.003876207, 0.003955415, 0.0040285806, 0.0040959134, 0.00412749, 0.004186631, 0.004240869, 0.004266195, 0.004313539, 0.0043566483, 0.0043765884, 0.0044127945, 0.0044441563, 0.0044701807, 0.0044811103, 0.004498985, 0.0045112553, 0.004515755, 0.004521325, 0.0045239213, 0.0045234784, 0.0045226943, 0.0045184745, 0.004510927, 0.0045055426, 0.0044911867, 0.00447127, 0.004459235, 0.0044316314, 0.004399425, 0.004364134, 0.0043455795, 0.004306976, 0.0042652916, 0.0042431955, 0.0041952855, 0.00414142, 0.0040809163, 0.0040478194, 0.003976301, 0.0038977112, 0.0038560159, 0.0037679547, 0.0036729984, 0.0036227542, 0.0035154088, 0.003397582, 0.0032668547, 0.003196007, 0.0030426432, 0.0028732808, 0.00278379, 0.0026043174, 0.0024605496, 0.002460257, 0.0025782038, 0.0031665955, 0, 0, 0, 0, 0, 0, 0, 0, 0, 0, 0, 0, 0, 0, 0, 0, 0, 0, 0, 0, 0
0, 0, 0, 0, 0, 0, 0, 0, 0, 0, 0, 0, 0, 0, 0, 0, 0, 0, 0, 0, 0, 0, 0, 0, 0, 0, 0, 0, 0, 0, 0, 0, 0, 0, 0, 0, 0, 0, 0, 0, 0, 0, 0, 0, 0, 0, 0, 0, 0, 0, 0, 0, 0, 0.0033480746, 0.002585821, 0.0023638082, 0.0022042864, 0.0022523836, 0.0023094602, 0.002445958, 0.002586987, 0.0027222855, 0.0027868587, 0.0029105637, 0.0030272158, 0.0030831366, 0.0031898513, 0.0032908402, 0.0033860616, 0.0034316373, 0.0035181306, 0.0035992523, 0.0036374275, 0.0037096469, 0.0037757973, 0.0038359684, 0.0038638038, 0.0039148172, 0.003960899, 0.003982235, 0.0040217577, 0.004057993, 0.0040748673, 0.0041061845, 0.004133908, 0.004157418, 0.004167589, 0.004184587, 0.0041966774, 0.0042012325, 0.0042076143, 0.004211223, 0.0042129075, 0.004213049, 0.004211567, 0.0042075957, 0.0042045526, 0.004195498, 0.0041824533, 0.004174357, 0.004154909, 0.0041322997, 0.004106357, 0.004092523, 0.0040625758, 0.0040294714, 0.004011547, 0.00397204, 0.0039275098, 0.0038772163, 0.00384989, 0.003790514, 0.003725056, 0.0036900903, 0.003614362, 0.0035306548, 0.003485618, 0.0033880232, 0.0032795893, 0.0031595798, 0.0030951079, 0.0029565804, 0.0028050628, 0.0027252424, 0.0025634458, 0.0024276264, 0.0024137646, 0.0025141204, 0.0030874696, 0, 0, 0, 0, 0, 0, 0, 0, 0, 0, 0, 0, 0, 0, 0, 0, 0, 0, 0, 0, 0
0, 0, 0, 0, 0, 0, 0, 0, 0, 0, 0, 0, 0, 0, 0, 0, 0, 0, 0, 0, 0, 0, 0, 0, 0, 0, 0, 0, 0, 0, 0, 0, 0, 0, 0, 0, 0, 0, 0, 0, 0, 0, 0, 0, 0, 0, 0, 0, 0, 0, 0, 0, 0, 0, 0.0025944472, 0.002294043, 0.0020347773, 0.0020608865, 0.0021200096, 0.0022662652, 0.002414579, 0.0025518215, 0.002615541, 0.0027344362, 0.0028429923, 0.0028939734, 0.0029897545, 0.0030792041, 0.0031634, 0.0032037357, 0.003281344, 0.0033542318, 0.0033890286, 0.003454307, 0.0035135786, 0.0035662472, 0.0035901938, 0.0036335085, 0.0036717732, 0.0036894474, 0.0037223455, 0.0037535878, 0.0037685144, 0.003797128, 0.0038236373, 0.0038473404, 0.0038578403, 0.003875761, 0.003889778, 0.00389548, 0.003904284, 0.0039109876, 0.0039160685, 0.003918077, 0.0039211647, 0.0039227745, 0.0039227293, 0.0039210413, 0.003916274, 0.003912515, 0.0039027596, 0.003889482, 0.0038729126, 0.0038634858, 0.0038420162, 0.0038172037, 0.0038033742, 0.0037725307, 0.0037373393, 0.003697447, 0.0036754, 0.0036272982, 0.0035728414, 0.003542853, 0.0034767278, 0.0034015295, 0.003360167, 0.0032702025, 0.0031698875, 0.0030598103, 0.0030007334, 0.0028752047, 0.0027387363, 0.0026662543, 0.0025166597, 0.0023769066, 0.0023028518, 0.0023233795, 0.002536002, 0, 0, 0, 0, 0, 0, 0, 0, 0, 0, 0, 0, 0, 0, 0, 0, 0, 0, 0, 0, 0
0, 0, 0, 0, 0, 0, 0, 0, 0, 0, 0, 0, 0, 0, 0, 0, 0, 0, 0, 0, 0, 0, 0, 0, 0, 0, 0, 0, 0, 0, 0, 0, 0, 0, 0, 0, 0, 0, 0, 0, 0, 0, 0, 0, 0, 0, 0, 0, 0, 0, 0, 0, 0, 0, 0.0024190592, 0.002138867, 0.0018787981, 0.0019111414, 0.0019733633, 0.0021226208, 0.0022693323, 0.002401285, 0.0024612385, 0.0025704175, 0.0026673651, 0.0027119168, 0.0027948068, 0.0028713578, 0.0029439554, 0.0029788876, 0.003046662, 0.0031112877, 0.0031419832, 0.003199678, 0.0032513232, 0.0032967809, 0.003317002, 0.003353655, 0.003386201, 0.0034014592, 0.0034308867, 0.0034598417, 0.0034743743, 0.0035029505, 0.0035308439, 0.003556785, 0.0035685133, 0.00358982, 0.0036074196, 0.0036149481, 0.0036282062, 0.0036397176, 0.0036499454, 0.0036550642, 0.0036645099, 0.0036733798, 0.0036771945, 0.0036837652, 0.0036878672, 0.0036890279, 0.0036886598, 0.0036847123, 0.0036774052, 0.0036723895, 0.003659513, 0.0036426734, 0.0036329534, 0.0036106189, 0.0035840715, 0.0035528538, 0.0035353447, 0.0034957982, 0.0034487105, 0.0034221713, 0.0033624084, 0.003293022, 0.0032547044, 0.0031707701, 0.0030779091, 0.0029761028, 0.0029219252, 0.002806101, 0.0026788388, 0.0026103999, 0.002463962, 0.0023122614, 0.0021909086, 0.0021689134, 0.0023155038, 0.0028761562, 0, 0, 0, 0, 0, 0, 0, 0, 0, 0, 0, 0, 0, 0, 0, 0, 0, 0, 0, 0
0, 0, 0, 0, 0, 0, 0, 0, 0, 0, 0, 0, 0, 0, 0, 0, 0, 0, 0, 0, 0, 0, 0, 0, 0, 0, 0, 0, 0, 0, 0, 0, 0, 0, 0, 0, 0, 0, 0, 0, 0, 0, 0, 0, 0, 0, 0, 0, 0, 0, 0, 0, 0, 0, 0, 0.0020883235, 0.0019312091, 0.0018936483, 0.0019245835, 0.0020318627, 0.0021553473, 0.0022717048, 0.0023248217, 0.0024206236, 0.0025043462, 0.0025423304, 0.002612468, 0.0026770795, 0.0027383415, 0.0027679484, 0.0028259447, 0.00288115, 0.0029074391, 0.0029567308, 0.0030008764, 0.0030398704, 0.003057383, 0.003089642, 0.0031194352, 0.0031340476, 0.0031632152, 0.0031932448, 0.0032085523, 0.0032394773, 0.003270187, 0.003299475, 0.003313348, 0.003338823, 0.0033615383, 0.0033720534, 0.0033914265, 0.0034096355, 0.0034273244, 0.003436019, 0.0034534784, 0.003470406, 0.0034786023, 0.0034935297, 0.0035066528, 0.0035121483, 0.0035208955, 0.0035259512, 0.0035273763, 0.0035265964, 0.0035218215, 0.0035129117, 0.00350701, 0.0034920184, 0.0034727196, 0.0034482605, 0.0034336438, 0.003399504, 0.0033573466, 0.0033331213, 0.0032778208, 0.0032130524, 0.003177266, 0.0030988976, 0.0030123068, 0.002917384, 0.002866473, 0.002757049, 0.002634464, 0.0025674135, 0.0024203588, 0.00225971, 0.0021084049, 0.0020556783, 0.0020662039, 0.0022542994, 0, 0, 0, 0, 0, 0, 0, 0, 0, 0, 0, 0, 0, 0, 0, 0, 0, 0, 0, 0
0, 0, 0, 0, 0, 0, 0, 0, 0, 0, 0, 0, 0, 0, 0, 0, 0, 0, 0, 0, 0, 0, 0, 0, 0, 0, 0, 0, 0, 0, 0, 0, 0, 0, 0, 0, 0, 0, 0, 0, 0, 0, 0, 0, 0, 0, 0, 0, 0, 0, 0, 0, 0, 0, 0, 0.0029792245, 0.0023790328, 0.0019956671, 0.0019402957, 0.0019642503, 0.002055183, 0.0021536895, 0.0021998824, 0.0022826798, 0.0023544247, 0.0023865805, 0.0024458317, 0.0025004044, 0.0025518213, 0.0025767467, 0.002625463, 0.002671604, 0.002693586, 0.0027352397, 0.0027732805, 0.00280789, 0.0028241943, 0.00285537, 0.0028860888, 0.0029015376, 0.0029330924, 0.002965975, 0.002982807, 0.0030171275, 0.0030513043, 0.0030845255, 0.003100567, 0.0031313067, 0.0031607188, 0.0031748505, 0.0032018395, 0.00322836, 0.0032544348, 0.003267465, 0.003293201, 0.0033182018, 0.0033303963, 0.003353417, 0.0033743586, 0.0033838768, 0.0034007165, 0.0034139336, 0.0034230608, 0.0034260075, 0.003428549, 0.0034263448, 0.0034235262, 0.0034144104, 0.0034001789, 0.0033802763, 0.0033677705, 0.003337094, 0.0032984363, 0.0032759532, 0.0032244208, 0.0031640143, 0.0031305752, 0.0030575562, 0.002976235, 0.0028861088, 0.0028373755, 0.0027310862, 0.0026113384, 0.0025454862, 0.0024003587, 0.002240702, 0.0020847134, 0.0020243877, 0.0020113406, 0.0023121084, 0.0026138325, 0, 0, 0, 0, 0, 0, 0, 0, 0, 0, 0, 0, 0, 0, 0, 0, 0, 0, 0
0, 0, 0, 0, 0, 0, 0, 0, 0, 0, 0, 0, 0, 0, 0, 0, 0, 0, 0, 0, 0, 0, 0, 0, 0, 0, 0, 0, 0, 0, 0, 0, 0, 0, 0, 0, 0, 0, 0, 0, 0, 0, 0, 0, 0, 0, 0, 0, 0, 0, 0, 0, 0, 0, 0, 0, 0.0019537457, 0.0017787458, 0.0017460213, 0.0017754997, 0.0018534652, 0.0019319894, 0.0019673426, 0.0020291824, 0.002082537, 0.002106762, 0.0021519307, 0.0021935666, 0.002232931, 0.002251939, 0.0022890926, 0.0023252682, 0.0023432304, 0.0023790915, 0.0024155374, 0.0024526545, 0.0024715909, 0.0025103819, 0.0025496248, 0.0025695686, 0.0026098012, 0.0026502712, 0.002670615, 0.0027118875, 0.002753816, 0.002796744, 0.002818492, 0.002862622, 0.0029076007, 0.0029298805, 0.0029740396, 0.0030170002, 0.003058117, 0.0030779336, 0.0031164172, 0.003152886, 0.003170491, 0.003204292, 0.0032361946, 0.0032510974, 0.0032787763, 0.0033028058, 0.0033215533, 0.0033290281, 0.0033396948, 0.0033445805, 0.0033447694, 0.0033410632, 0.0033315432, 0.0033161412, 0.0033061544, 0.0032811314, 0.0032491693, 0.003230356, 0.0031865977, 0.003134377, 0.0031049948, 0.0030387891, 0.0029630982, 0.0028773062, 0.0028308253, 0.0027294594, 0.0026173643, 0.0025573727, 0.002428878, 0.0022910791, 0.0021518816, 0.002088926, 0.002009571, 0.0020701464, 0.0021714838, 0, 0, 0, 0, 0, 0, 0, 0, 0, 0, 0, 0, 0, 0, 0, 0, 0, 0, 0
0, 0, 0, 0, 0, 0, 0, 0, 0, 0, 0, 0, 0, 0, 0, 0, 0, 0, 0, 0, 0, 0, 0, 0, 0, 0, 0, 0, 0, 0, 0, 0, 0, 0, 0, 0, 0, 0, 0, 0, 0, 0, 0, 0, 0, 0, 0, 0, 0, 0, 0, 0, 0, 0, 0, 0, 0.0021324162, 0.0018624555, 0.0017801734, 0.0017367272, 0.0017725979, 0.0018282797, 0.001856126, 0.0019085098, 0.0019561816, 0.0019787038, 0.0020213907, 0.0020614846, 0.0020997417, 0.0021184352, 0.0021553575, 0.0021926188, 0.0022115924, 0.0022506611, 0.002291605, 0.0023341544, 0.0023560938, 0.0024006746, 0.0024452854, 0.0024677056, 0.0025121402, 0.002556568, 0.0025789503, 0.0026243622, 0.0026714227, 0.002720155, 0.002745185, 0.0027962818, 0.002847931, 0.0028735457, 0.0029236309, 0.0029713947, 0.0030162625, 0.0030376548, 0.003078741, 0.0031174647, 0.003136208, 0.0031719732, 0.003206007, 0.0032219258, 0.0032516334, 0.0032769328, 0.0032971404, 0.0033050838, 0.0033162895, 0.0033212788, 0.0033214062, 0.0033176846, 0.0033084056, 0.0032937974, 0.0032842983, 0.0032611801, 0.0032317983, 0.0032143372, 0.0031738232, 0.0031242266, 0.003096046, 0.0030322962, 0.0029584526, 0.0028752706, 0.00283006, 0.0027335025, 0.002629069, 0.0025739963, 0.0024582178, 0.0023344436, 0.002204842, 0.0021407672, 0.0020365985, 0.0020394335, 0.0021329753, 0.0026144304, 0, 0, 0, 0, 0, 0, 0, 0, 0, 0, 0, 0, 0, 0, 0, 0, 0, 0
0, 0, 0, 0, 0, 0, 0, 0, 0, 0, 0, 0, 0, 0, 0, 0, 0, 0, 0, 0, 0, 0, 0, 0, 0, 0, 0, 0, 0, 0, 0, 0, 0, 0, 0, 0, 0, 0, 0, 0, 0, 0, 0, 0, 0, 0, 0, 0, 0, 0, 0, 0, 0, 0, 0, 0, 0.0027874964, 0.002113583, 0.0019000126, 0.0017075298, 0.0016824454, 0.0017159447, 0.0017395851, 0.0017893591, 0.0018381043, 0.0018615982, 0.0019063953, 0.0019490184, 0.001990073, 0.0020103229, 0.0020506484, 0.0020920539, 0.0021132955, 0.0021574874, 0.0022039304, 0.002251954, 0.0022764045, 0.0023256626, 0.0023746216, 0.0023989163, 0.002447181, 0.0024954497, 0.0025199729, 0.0025699467, 0.002622074, 0.0026761354, 0.0027036113, 0.0027593535, 0.0028146908, 0.0028418328, 0.002894116, 0.00294294, 0.0029887222, 0.0030102574, 0.0030511408, 0.0030898284, 0.0031086123, 0.0031444165, 0.0031779998, 0.003193649, 0.0032226199, 0.0032471078, 0.0032661597, 0.0032733812, 0.0032834648, 0.0032874655, 0.0032871782, 0.0032822976, 0.0032723248, 0.003257251, 0.0032478112, 0.0032252823, 0.0031969524, 0.0031801916, 0.0031414484, 0.0030939835, 0.0030669423, 0.003005876, 0.002935082, 0.0028558318, 0.0028136207, 0.0027241304, 0.0026295467, 0.0025804178, 0.002478547, 0.0023701566, 0.0022555313, 0.002197958, 0.0021015943, 0.0021018796, 0.0021886656, 0.002664047, 0, 0, 0, 0, 0, 0, 0, 0, 0, 0, 0, 0, 0, 0, 0, 0, 0, 0
0, 0, 0, 0, 0, 0, 0, 0, 0, 0, 0, 0, 0, 0, 0, 0, 0, 0, 0, 0, 0, 0, 0, 0, 0, 0, 0, 0, 0, 0, 0, 0, 0, 0, 0, 0, 0, 0, 0, 0, 0, 0, 0, 0, 0, 0, 0, 0, 0, 0, 0, 0, 0, 0, 0, 0, 0, 0.002149428, 0.0018807441, 0.0016088198, 0.0015582842, 0.0015922368, 0.0016195512, 0.0016782252, 0.0017354528, 0.0017626577, 0.0018143638, 0.001862831, 0.0019093367, 0.0019321463, 0.0019776346, 0.0020240706, 0.0020477518, 0.0020967077, 0.002147276, 0.002198958, 0.0022248244, 0.0022766194, 0.0023280876, 0.0023535849, 0.0024047547, 0.002456211, 0.0024825009, 0.0025360514, 0.002591153, 0.002647578, 0.002675882, 0.002732092, 0.0027867127, 0.002813167, 0.0028635247, 0.0029103688, 0.002953919, 0.0029746473, 0.003013563, 0.0030502672, 0.0030677728, 0.003100946, 0.0031318194, 0.0031461187, 0.003171754, 0.003193197, 0.003209285, 0.003215352, 0.0032232874, 0.0032254995, 0.003224331, 0.0032179959, 0.0032065155, 0.0031901451, 0.0031802505, 0.00315676, 0.0031281873, 0.003111644, 0.0030738998, 0.0030288005, 0.0030032103, 0.0029457803, 0.0028799921, 0.0028071555, 0.0027686083, 0.0026880144, 0.0026035302, 0.002559945, 0.0024698295, 0.002373997, 0.0022717493, 0.0022197184, 0.0021278122, 0.0021036398, 0.002155239, 0.0025086058, 0.0032371162, 0, 0, 0, 0, 0, 0, 0, 0, 0, 0, 0, 0, 0, 0, 0, 0, 0
0, 0, 0, 0, 0, 0, 0, 0, 0, 0, 0, 0, 0, 0, 0, 0, 0, 0, 0, 0, 0, 0, 0, 0, 0, 0, 0, 0, 0, 0, 0, 0, 0, 0, 0, 0, 0, 0, 0, 0, 0, 0, 0, 0, 0, 0, 0, 0, 0, 0, 0, 0, 0, 0, 0, 0, 0, 0.0020073238, 0.0017456324, 0.0014727695, 0.001432346, 0.0014812361, 0.0015161954, 0.0015892596, 0.001657654, 0.0016895997, 0.0017493049, 0.0018040747, 0.0018560792, 0.0018815032, 0.0019316948, 0.0019817406, 0.0020073778, 0.0020589489, 0.0021111649, 0.002163553, 0.002189825, 0.0022422702, 0.0022944694, 0.0023205706, 0.002372965, 0.0024259693, 0.0024528517, 0.0025070237, 0.0025613576, 0.0026155899, 0.0026421594, 0.002694022, 0.0027436453, 0.00276742, 0.0028126535, 0.002854864, 0.0028943997, 0.0029131332, 0.0029484276, 0.0029809966, 0.0029962256, 0.0030246133, 0.0030499073, 0.0030613337, 0.0030815033, 0.0030978308, 0.0031099913, 0.003114425, 0.0031195811, 0.0031193842, 0.0031173225, 0.003109156, 0.0030956855, 0.0030774537, 0.00306672, 0.0030419962, 0.0030130132, 0.0029967236, 0.002960437, 0.0029181188, 0.002894549, 0.0028423402, 0.0027831085, 0.002717898, 0.0026834658, 0.0026114264, 0.0025356037, 0.002496459, 0.002414255, 0.002325404, 0.0022272894, 0.0021749525, 0.0020691524, 0.0019880135, 0.0019773503, 0.0020841188, 0.002366869, 0, 0, 0, 0, 0, 0, 0, 0, 0, 0, 0, 0, 0, 0, 0, 0, 0
0, 0, 0, 0, 0, 0, 0, 0, 0, 0, 0, 0, 0, 0, 0, 0, 0, 0, 0, 0, 0, 0, 0, 0, 0, 0, 0, 0, 0, 0, 0, 0, 0, 0, 0, 0, 0, 0, 0, 0, 0, 0, 0, 0, 0, 0, 0, 0, 0, 0, 0, 0, 0, 0, 0, 0, 0, 0, 0.0015667313, 0.0014099088, 0.0013663359, 0.001415456, 0.0014530448, 0.0015326635, 0.0016073757, 0.0016421548, 0.0017063556, 0.0017652465, 0.0018205862, 0.0018475209, 0.0019001734, 0.0019520547, 0.001977984, 0.0020298169, 0.002081468, 0.002132935, 0.0021585503, 0.0022098818, 0.0022610992, 0.002286833, 0.0023384609, 0.002389895, 0.0024155567, 0.0024661669, 0.0025151395, 0.0025623173, 0.002584956, 0.0026285828, 0.0026698078, 0.0026896386, 0.002727864, 0.0027638033, 0.0027977056, 0.0028136168, 0.0028432426, 0.002869414, 0.002881064, 0.0029018812, 0.0029193768, 0.0029270109, 0.0029399174, 0.0029500872, 0.002957398, 0.0029597576, 0.002961552, 0.0029587734, 0.0029555222, 0.0029449349, 0.0029294083, 0.0029094417, 0.0028979988, 0.0028728966, 0.0028441972, 0.0028288835, 0.002795096, 0.0027571449, 0.0027364136, 0.0026904177, 0.0026385363, 0.0025810339, 0.0025506066, 0.0024864683, 0.00241801, 0.0023820524, 0.002306157, 0.0022218497, 0.0021262148, 0.002073189, 0.0019576303, 0.0018432876, 0.0017998392, 0.0017941695, 0.0019303992, 0, 0, 0, 0, 0, 0, 0, 0, 0, 0, 0, 0, 0, 0, 0, 0, 0
0, 0, 0, 0, 0, 0, 0, 0, 0, 0, 0, 0, 0, 0, 0, 0, 0, 0, 0, 0, 0, 0, 0, 0, 0, 0, 0, 0, 0, 0, 0, 0, 0, 0, 0, 0, 0, 0, 0, 0, 0, 0, 0, 0, 0, 0, 0, 0, 0, 0, 0, 0, 0, 0, 0, 0, 0, 0, 0.0019155937, 0.001513653, 0.001384492, 0.001401272, 0.0014314068, 0.0015034629, 0.0015757038, 0.001609804, 0.001673644, 0.0017326658, 0.0017884522, 0.0018155365, 0.0018680311, 0.0019196824, 0.0019450586, 0.0019950394, 0.0020448016, 0.002093669, 0.0021179402, 0.0021665427, 0.0022148364, 0.0022389991, 0.0022864328, 0.0023325165, 0.0023549027, 0.0023973593, 0.0024369657, 0.0024737245, 0.0024911854, 0.0025244094, 0.0025559957, 0.0025715204, 0.0026014743, 0.002630086, 0.0026565676, 0.002668796, 0.0026903723, 0.0027077736, 0.0027148502, 0.0027259565, 0.0027344115, 0.002737714, 0.00274308, 0.0027468354, 0.002748912, 0.0027490768, 0.002747152, 0.0027410777, 0.0027362916, 0.002723188, 0.0027055147, 0.0026845834, 0.002673047, 0.0026487682, 0.0026226735, 0.0026090564, 0.002579668, 0.0025472168, 0.0025294796, 0.0024901298, 0.002445331, 0.0023956217, 0.0023691386, 0.002312928, 0.0022525461, 0.0022206178, 0.0021525798, 0.0020768673, 0.001990395, 0.001942742, 0.0018400064, 0.0017443376, 0.0017167132, 0.0018006341, 0.0024128268, 0.003163015, 0, 0, 0, 0, 0, 0, 0, 0, 0, 0, 0, 0, 0, 0, 0, 0
0, 0, 0, 0, 0, 0, 0, 0, 0, 0, 0, 0, 0, 0, 0, 0, 0, 0, 0, 0, 0, 0, 0, 0, 0, 0, 0, 0, 0, 0, 0, 0, 0, 0, 0, 0, 0, 0, 0, 0, 0, 0, 0, 0, 0, 0, 0, 0, 0, 0, 0, 0, 0, 0, 0, 0, 0, 0, 0, 0.0016158978, 0.0014481769, 0.0014138677, 0.0014283685, 0.0014824459, 0.0015459708, 0.0015771289, 0.0016371377, 0.0016936177, 0.0017477025, 0.0017739465, 0.0018248695, 0.0018742506, 0.0018983749, 0.0019452767, 0.0019908715, 0.0020356546, 0.0020576136, 0.0021010796, 0.0021433851, 0.0021640908, 0.0022040044, 0.0022408536, 0.0022581168, 0.0022897304, 0.0023175941, 0.0023427668, 0.002354449, 0.0023769778, 0.0023988814, 0.002409637, 0.0024309007, 0.0024508298, 0.0024682125, 0.0024754987, 0.0024871954, 0.0024940162, 0.0024960896, 0.0024975024, 0.0024970688, 0.0024965212, 0.0024950826, 0.0024934337, 0.00249084, 0.002488783, 0.0024827786, 0.0024731986, 0.002466683, 0.0024509411, 0.002431839, 0.0024110824, 0.0024004262, 0.0023790002, 0.0023573518, 0.002346044, 0.0023226556, 0.0022962547, 0.0022818304, 0.002249079, 0.0022116, 0.002170135, 0.0021478867, 0.002100976, 0.0020514166, 0.0020251623, 0.0019693985, 0.0019077552, 0.0018383744, 0.0018004641, 0.0017214258, 0.0016528453, 0.0016357529, 0.0016978311, 0.002014967, 0.0022705144, 0, 0, 0, 0, 0, 0, 0, 0, 0, 0, 0, 0, 0, 0, 0, 0
0, 0, 0, 0, 0, 0, 0, 0, 0, 0, 0, 0, 0, 0, 0, 0, 0, 0, 0, 0, 0, 0, 0, 0, 0, 0, 0, 0, 0, 0, 0, 0, 0, 0, 0, 0, 0, 0, 0, 0, 0, 0, 0, 0, 0, 0, 0, 0, 0, 0, 0, 0, 0, 0, 0, 0, 0, 0, 0, 0.0019312778, 0.0015385061, 0.0014188989, 0.0014142519, 0.001449279, 0.0015039132, 0.0015324401, 0.0015885489, 0.00164251, 0.0016939893, 0.0017190515, 0.0017669618, 0.0018122178, 0.0018340538, 0.0018754922, 0.0019148972, 0.0019526503, 0.0019707805, 0.0020059692, 0.0020390684, 0.0020547593, 0.0020837383, 0.002108867, 0.0021201652, 0.002139536, 0.0021554953, 0.0021692936, 0.002175501, 0.002188016, 0.0022002659, 0.0022064154, 0.002218113, 0.0022281227, 0.002235007, 0.0022368708, 0.002237318, 0.002233954, 0.0022312317, 0.0022242798, 0.0022171084, 0.0022138478, 0.0022076492, 0.0022020054, 0.002195795, 0.0021918693, 0.0021819829, 0.0021690049, 0.0021610442, 0.0021435271, 0.0021244292, 0.0021056752, 0.0020967487, 0.00207999, 0.00206422, 0.0020562646, 0.0020392535, 0.0020196363, 0.002008454, 0.0019829024, 0.001953608, 0.0019215205, 0.0019046502, 0.001869595, 0.001833305, 0.0018145469, 0.0017744915, 0.0017298087, 0.001679169, 0.0016514286, 0.0015921713, 0.0015360297, 0.0015153043, 0.0015174731, 0.0016429786, 0.001776619, 0.0021435756, 0, 0, 0, 0, 0, 0, 0, 0, 0, 0, 0, 0, 0, 0, 0
0, 0, 0, 0, 0, 0, 0, 0, 0, 0, 0, 0, 0, 0, 0, 0, 0, 0, 0, 0, 0, 0, 0, 0, 0, 0, 0, 0, 0, 0, 0, 0, 0, 0, 0, 0, 0, 0, 0, 0, 0, 0, 0, 0, 0, 0, 0, 0, 0, 0, 0, 0, 0, 0, 0, 0, 0, 0, 0, 0.0019480704, 0.0015362621, 0.0013888199, 0.0013742169, 0.0013968352, 0.0014458452, 0.0014730872, 0.0015274808, 0.0015799487, 0.0016289519, 0.0016520007, 0.0016951507, 0.0017340315, 0.001752114, 0.0017852219, 0.0018150356, 0.0018423279, 0.0018552063, 0.0018791512, 0.0019007341, 0.001910276, 0.0019269956, 0.0019397902, 0.0019448514, 0.0019522627, 0.0019570354, 0.0019603213, 0.0019618052, 0.0019647575, 0.0019677426, 0.0019690015, 0.0019708024, 0.0019702087, 0.0019662601, 0.0019627821, 0.0019532903, 0.0019413683, 0.0019349828, 0.0019224127, 0.0019111934, 0.001906293, 0.0018978027, 0.0018896181, 0.0018806339, 0.00187544, 0.0018629037, 0.0018476244, 0.001839302, 0.001821783, 0.0018048214, 0.0017900239, 0.0017837634, 0.0017728986, 0.0017638992, 0.0017593912, 0.0017496874, 0.0017372713, 0.0017299601, 0.0017130041, 0.0016934188, 0.0016726332, 0.001662117, 0.001640671, 0.0016192655, 0.0016081517, 0.0015840611, 0.001556038, 0.0015221086, 0.0015024943, 0.0014577341, 0.001407507, 0.0013828622, 0.001348536, 0.0013759015, 0.0014318088, 0.0015967118, 0, 0, 0, 0, 0, 0, 0, 0, 0, 0, 0, 0, 0, 0, 0
0, 0, 0, 0, 0, 0, 0, 0, 0, 0, 0, 0, 0, 0, 0, 0, 0, 0, 0, 0, 0, 0, 0, 0, 0, 0, 0, 0, 0, 0, 0, 0, 0, 0, 0, 0, 0, 0, 0, 0, 0, 0, 0, 0, 0, 0, 0, 0, 0, 0, 0, 0, 0, 0, 0, 0, 0, 0, 0, 0, 0.0015277214, 0.0013665187, 0.0013333211, 0.0013340206, 0.0013768586, 0.0014036034, 0.0014580254, 0.00150926, 0.0015544103, 0.0015746478, 0.0016103883, 0.001639729, 0.0016524274, 0.0016740803, 0.0016917562, 0.001706524, 0.00171328, 0.0017250588, 0.0017342275, 0.0017378102, 0.0017424659, 0.0017436688, 0.0017428967, 0.0017398493, 0.0017344841, 0.0017286564, 0.0017255954, 0.0017197563, 0.0017138392, 0.001710479, 0.001702924, 0.0016926146, 0.0016796647, 0.0016721484, 0.0016554865, 0.0016382039, 0.0016298005, 0.0016142895, 0.001601136, 0.0015955674, 0.001585685, 0.0015762113, 0.0015656338, 0.0015597129, 0.0015463921, 0.0015313313, 0.0015238076, 0.0015090961, 0.0014965406, 0.0014874649, 0.0014842077, 0.0014799937, 0.001477846, 0.0014771161, 0.0014747381, 0.0014706216, 0.0014677643, 0.0014610045, 0.001452945, 0.0014449016, 0.0014410714, 0.0014334625, 0.001426028, 0.0014217995, 0.0014118486, 0.0013980311, 0.0013784873, 0.0013660403, 0.0013348707, 0.0012959401, 0.0012747896, 0.001239776, 0.0012514899, 0.0012997804, 0.0015520777, 0, 0, 0, 0, 0, 0, 0, 0, 0, 0, 0, 0, 0, 0, 0
0, 0, 0, 0, 0, 0, 0, 0, 0, 0, 0, 0, 0, 0, 0, 0, 0, 0, 0, 0, 0, 0, 0, 0, 0, 0, 0, 0, 0, 0, 0, 0, 0, 0, 0, 0, 0, 0, 0, 0, 0, 0, 0, 0, 0, 0, 0, 0, 0, 0, 0, 0, 0, 0, 0, 0, 0, 0, 0, 0, 0.0017457133, 0.0013760136, 0.0012983297, 0.0012656898, 0.0013042036, 0.0013312115, 0.001385535, 0.0014328876, 0.001470944, 0.0014865715, 0.0015114787, 0.0015287269, 0.0015349083, 0.0015437219, 0.0015489112, 0.0015520102, 0.0015528802, 0.0015534326, 0.0015517414, 0.0015500736, 0.0015442361, 0.0015358181, 0.0015305412, 0.0015183421, 0.0015047295, 0.0014908519, 0.001483826, 0.0014699834, 0.0014562886, 0.0014492228, 0.0014341478, 0.0014172047, 0.0013987372, 0.0013890011, 0.001369139, 0.0013498743, 0.0013409323, 0.0013243088, 0.0013105989, 0.0013043957, 0.0012934147, 0.0012831498, 0.0012723756, 0.0012667263, 0.0012549716, 0.0012432351, 0.0012378917, 0.0012287288, 0.0012226343, 0.0012200061, 0.0012199668, 0.0012222982, 0.0012266185, 0.0012291215, 0.00123423, 0.0012391019, 0.0012414588, 0.0012456925, 0.0012501557, 0.0012547703, 0.0012571106, 0.0012618623, 0.001265905, 0.0012673098, 0.0012682864, 0.0012658968, 0.0012589905, 0.0012535157, 0.0012375516, 0.0012151389, 0.0012027948, 0.0011839092, 0.0012049545, 0.0012531754, 0.0015004448, 0.001983172, 0, 0, 0, 0, 0, 0, 0, 0, 0, 0, 0, 0, 0, 0
0, 0, 0, 0, 0, 0, 0, 0, 0, 0, 0, 0, 0, 0, 0, 0, 0, 0, 0, 0, 0, 0, 0, 0, 0, 0, 0, 0, 0, 0, 0, 0, 0, 0, 0, 0, 0, 0, 0, 0, 0, 0, 0, 0, 0, 0, 0, 0, 0, 0, 0, 0, 0, 0, 0, 0, 0, 0, 0, 0, 0.0016898576, 0.001311717, 0.0012314566, 0.0012000696, 0.0012399396, 0.0012659023, 0.0013143423, 0.0013522402, 0.0013781383, 0.0013869976, 0.0013986846, 0.0014033028, 0.0014033449, 0.0014008939, 0.0013960451, 0.0013897084, 0.0013861462, 0.0013782496, 0.0013684398, 0.0013627431, 0.0013492286, 0.0013333439, 0.0013244066, 0.0013052466, 0.0012849147, 0.0012646631, 0.0012546383, 0.0012348536, 0.0012156826, 0.001206209, 0.0011872158, 0.0011675067, 0.0011473701, 0.0011373283, 0.0011175065, 0.0010987163, 0.001089997, 0.0010738397, 0.0010596551, 0.0010531655, 0.0010416779, 0.0010315716, 0.0010222616, 0.0010180284, 0.0010105777, 0.0010047005, 0.0010027825, 0.0010008829, 0.0010020368, 0.0010062769, 0.0010092512, 0.001017243, 0.001027502, 0.0010331204, 0.0010455503, 0.0010592382, 0.0010665774, 0.0010819336, 0.0010975684, 0.0011133038, 0.0011208749, 0.0011350571, 0.0011473612, 0.0011528807, 0.0011620885, 0.0011689771, 0.0011731938, 0.0011738432, 0.0011720425, 0.0011651197, 0.001160286, 0.0011528041, 0.0011669297, 0.001195566, 0.001332394, 0.0015441448, 0, 0, 0, 0, 0, 0, 0, 0, 0, 0, 0, 0, 0, 0
0, 0, 0, 0, 0, 0, 0, 0, 0, 0, 0, 0, 0, 0, 0, 0, 0, 0, 0, 0, 0, 0, 0, 0, 0, 0, 0, 0, 0, 0, 0, 0, 0, 0, 0, 0, 0, 0, 0, 0, 0, 0, 0, 0, 0, 0, 0, 0, 0, 0, 0, 0, 0, 0, 0, 0, 0, 0, 0, 0, 0, 0.0012551128, 0.0012086859, 0.0011788711, 0.0012007689, 0.0012168903, 0.0012464776, 0.0012667156, 0.0012770315, 0.0012790492, 0.0012779768, 0.0012721571, 0.0012678063, 0.0012576032, 0.0012462902, 0.0012344709, 0.0012282416, 0.0012147943, 0.001199667, 0.0011912179, 0.0011724241, 0.0011512766, 0.0011399004, 0.0011159084, 0.0010913488, 0.0010668047, 0.0010550612, 0.0010323755, 0.001010831, 0.0010006139, 0.0009809048, 0.00096184266, 0.00094321615, 0.00093419687, 0.0009165882, 0.0008997727, 0.00089174777, 0.00087677874, 0.00086334196, 0.0008573899, 0.00084688474, 0.00083878683, 0.00083320605, 0.00083140546, 0.0008302601, 0.00083204213, 0.000834011, 0.0008397026, 0.0008478211, 0.00085806014, 0.00086388655, 0.00087703293, 0.0008924397, 0.00090104016, 0.000920487, 0.00094213075, 0.00095387147, 0.0009781693, 0.0010028635, 0.0010266596, 0.0010377177, 0.0010584103, 0.0010766463, 0.001085124, 0.0011006612, 0.0011151043, 0.0011279503, 0.0011334848, 0.0011417251, 0.0011447695, 0.001143913, 0.0011392281, 0.0011413574, 0.0011545083, 0.0012453144, 0.0015174109, 0, 0, 0, 0, 0, 0, 0, 0, 0, 0, 0, 0, 0, 0
0, 0, 0, 0, 0, 0, 0, 0, 0, 0, 0, 0, 0, 0, 0, 0, 0, 0, 0, 0, 0, 0, 0, 0, 0, 0, 0, 0, 0, 0, 0, 0, 0, 0, 0, 0, 0, 0, 0, 0, 0, 0, 0, 0, 0, 0, 0, 0, 0, 0, 0, 0, 0, 0, 0, 0, 0, 0, 0, 0, 0, 0.0014796741, 0.0013624543, 0.0012234836, 0.0011805218, 0.0011754694, 0.0011752514, 0.0011758399, 0.0011726677, 0.0011693999, 0.0011602337, 0.0011486566, 0.0011420896, 0.0011285543, 0.0011144722, 0.0010996382, 0.0010920098, 0.0010755383, 0.0010571602, 0.0010471528, 0.0010252635, 0.0010013026, 0.0009885767, 0.0009624918, 0.00093601196, 0.00091033144, 0.00089814194, 0.0008755122, 0.00085470086, 0.0008451043, 0.0008271265, 0.0008105285, 0.0007950029, 0.00078744127, 0.0007729371, 0.0007588506, 0.00075226463, 0.00073985633, 0.0007292831, 0.0007248637, 0.00071808865, 0.00071463984, 0.0007150475, 0.0007165369, 0.00072247494, 0.0007316931, 0.0007373403, 0.0007499467, 0.0007641115, 0.0007795795, 0.0007877424, 0.0008056165, 0.00082618813, 0.00083751004, 0.0008627003, 0.00089069223, 0.000905507, 0.00093590753, 0.0009661213, 0.0009942957, 0.0010077074, 0.0010323984, 0.0010549752, 0.001065662, 0.0010864818, 0.0011064282, 0.0011253639, 0.0011337253, 0.0011471314, 0.0011538597, 0.0011540612, 0.0011485524, 0.0011416934, 0.001144552, 0.001193194, 0.0013440043, 0, 0, 0, 0, 0, 0, 0, 0, 0, 0, 0, 0, 0, 0
0, 0, 0, 0, 0, 0, 0, 0, 0, 0, 0, 0, 0, 0, 0, 0, 0, 0, 0, 0, 0, 0, 0, 0, 0, 0, 0, 0, 0, 0, 0, 0, 0, 0, 0, 0, 0, 0, 0, 0, 0, 0, 0, 0, 0, 0, 0, 0, 0, 0, 0, 0, 0, 0, 0, 0, 0, 0, 0, 0, 0, 0.0018214227, 0.0015662207, 0.0012595783, 0.0011392919, 0.0011137235, 0.0010908, 0.0010808028, 0.0010726685, 0.0010680729, 0.0010574686, 0.0010454544, 0.0010387589, 0.0010249348, 0.0010100784, 0.0009941646, 0.0009858353, 0.0009676342, 0.00094792206, 0.00093730737, 0.0009144083, 0.00089010893, 0.0008775531, 0.00085192494, 0.0008269612, 0.0008030807, 0.00079209066, 0.00077160134, 0.00075344986, 0.0007451619, 0.0007299926, 0.00071630225, 0.0007036932, 0.0006976981, 0.0006864891, 0.0006761285, 0.0006714109, 0.0006638208, 0.00065845525, 0.00065700116, 0.0006564673, 0.000659888, 0.0006672987, 0.00067233393, 0.00068506546, 0.0007002723, 0.0007087257, 0.00072633725, 0.0007452021, 0.0007652496, 0.00077564816, 0.0007981752, 0.00082354393, 0.00083727116, 0.000866901, 0.00089878496, 0.0009151262, 0.0009478395, 0.0009797047, 0.001009709, 0.0010238556, 0.0010508975, 0.0010764744, 0.0010889095, 0.0011133653, 0.001136759, 0.0011580267, 0.0011670907, 0.0011809034, 0.0011870248, 0.0011867261, 0.0011801767, 0.0011718317, 0.0011729351, 0.0012162827, 0.0013952964, 0.0018271202, 0, 0, 0, 0, 0, 0, 0, 0, 0, 0, 0, 0, 0
0, 0, 0, 0, 0, 0, 0, 0, 0, 0, 0, 0, 0, 0, 0, 0, 0, 0, 0, 0, 0, 0, 0, 0, 0, 0, 0, 0, 0, 0, 0, 0, 0, 0, 0, 0, 0, 0, 0, 0, 0, 0, 0, 0, 0, 0, 0, 0, 0, 0, 0, 0, 0, 0, 0, 0, 0, 0, 0, 0, 0, 0.0018270513, 0.0015698939, 0.0012005536, 0.0010502501, 0.0010200478, 0.0009971237, 0.0009913417, 0.0009875593, 0.0009850324, 0.0009780077, 0.0009683806, 0.00096278725, 0.0009498209, 0.00093517243, 0.00091936806, 0.0009109373, 0.0008931631, 0.0008739822, 0.0008639214, 0.0008427391, 0.00082060293, 0.0008094269, 0.0007874468, 0.0007663656, 0.00074678165, 0.0007376652, 0.000720955, 0.0007061639, 0.0006994166, 0.00068687554, 0.0006757828, 0.00066575076, 0.0006613759, 0.0006535427, 0.00064788666, 0.00064583734, 0.0006441285, 0.0006457719, 0.0006478665, 0.000654944, 0.0006655182, 0.0006794396, 0.00068752305, 0.00070503564, 0.00072437216, 0.0007344832, 0.0007554792, 0.00077791925, 0.00080186303, 0.00081456185, 0.0008417001, 0.0008712098, 0.0008867261, 0.0009189514, 0.0009516764, 0.0009680574, 0.0009997925, 0.0010302635, 0.0010591999, 0.001073299, 0.0011007561, 0.001127849, 0.0011411057, 0.0011668038, 0.0011904822, 0.0012100359, 0.0012178024, 0.0012279247, 0.0012300787, 0.0012283971, 0.0012197474, 0.0012109382, 0.0012119815, 0.0012523395, 0.0014238717, 0.0018680665, 0.0021711194, 0, 0, 0, 0, 0, 0, 0, 0, 0, 0, 0, 0
0, 0, 0, 0, 0, 0, 0, 0, 0, 0, 0, 0, 0, 0, 0, 0, 0, 0, 0, 0, 0, 0, 0, 0, 0, 0, 0, 0, 0, 0, 0, 0, 0, 0, 0, 0, 0, 0, 0, 0, 0, 0, 0, 0, 0, 0, 0, 0, 0, 0, 0, 0, 0, 0, 0, 0, 0, 0, 0, 0, 0, 0, 0.0014241241, 0.0010798267, 0.00094930717, 0.00092755636, 0.0009180082, 0.0009225344, 0.00092627143, 0.0009266691, 0.00092385506, 0.0009166649, 0.0009118027, 0.0009003468, 0.0008869314, 0.000872642, 0.0008653284, 0.00084999594, 0.00083433, 0.0008261038, 0.0008087365, 0.00079142785, 0.0007826629, 0.00076545886, 0.000749486, 0.0007347405, 0.0007279248, 0.00071542815, 0.0007041184, 0.00069892855, 0.00068921316, 0.0006808984, 0.00067371485, 0.0006709838, 0.00066694274, 0.00066599034, 0.0006668187, 0.0006712513, 0.0006797361, 0.00068522367, 0.00069894653, 0.00071537925, 0.00073390634, 0.00074378756, 0.0007641646, 0.00078548555, 0.00079646875, 0.0008194367, 0.00084458163, 0.0008719256, 0.00088647485, 0.0009169518, 0.000949229, 0.00096560566, 0.0009980663, 0.0010294284, 0.0010442849, 0.0010727984, 0.0010997902, 0.001126005, 0.0011389479, 0.0011649742, 0.001190805, 0.0012035749, 0.0012272825, 0.001247323, 0.0012617802, 0.0012664396, 0.001269965, 0.0012658889, 0.0012613278, 0.0012478591, 0.0012320919, 0.0012266241, 0.0012364425, 0.0013191189, 0.0015351365, 0.00166074, 0, 0, 0, 0, 0, 0, 0, 0, 0, 0, 0, 0
0, 0, 0, 0, 0, 0, 0, 0, 0, 0, 0, 0, 0, 0, 0, 0, 0, 0, 0, 0, 0, 0, 0, 0, 0, 0, 0, 0, 0, 0, 0, 0, 0, 0, 0, 0, 0, 0, 0, 0, 0, 0, 0, 0, 0, 0, 0, 0, 0, 0, 0, 0, 0, 0, 0, 0, 0, 0, 0, 0, 0, 0, 0, 0.0009923786, 0.0009057386, 0.0008863898, 0.00087791885, 0.0008845496, 0.00089118036, 0.00089289324, 0.00089211814, 0.0008864505, 0.0008823494, 0.0008726393, 0.00086182036, 0.0008510217, 0.00084577856, 0.0008350801, 0.0008241595, 0.0008185187, 0.0008065859, 0.0007944433, 0.00078823464, 0.00077588705, 0.00076439185, 0.00075361656, 0.0007489603, 0.00074021413, 0.00073258387, 0.0007291946, 0.0007231282, 0.0007181671, 0.0007147425, 0.00071370736, 0.0007138854, 0.00071732677, 0.0007204406, 0.00072979886, 0.0007431129, 0.0007510731, 0.00076888857, 0.000788726, 0.0008096922, 0.000820402, 0.0008419161, 0.0008641541, 0.00087551435, 0.0008999101, 0.0009265277, 0.0009555922, 0.0009711301, 0.0010029684, 0.0010352194, 0.0010511172, 0.001081631, 0.0011095336, 0.0011225519, 0.0011467539, 0.0011694568, 0.0011915864, 0.0012027677, 0.0012252653, 0.0012472449, 0.0012577326, 0.0012759031, 0.0012893723, 0.0012965016, 0.0012973167, 0.0012935395, 0.0012828549, 0.0012749525, 0.0012549832, 0.0012293089, 0.0012155204, 0.0011936683, 0.0012058269, 0.0012922992, 0.0013495613, 0, 0, 0, 0, 0, 0, 0, 0, 0, 0, 0, 0
0, 0, 0, 0, 0, 0, 0, 0, 0, 0, 0, 0, 0, 0, 0, 0, 0, 0, 0, 0, 0, 0, 0, 0, 0, 0, 0, 0, 0, 0, 0, 0, 0, 0, 0, 0, 0, 0, 0, 0, 0, 0, 0, 0, 0, 0, 0, 0, 0, 0, 0, 0, 0, 0, 0, 0, 0, 0, 0, 0, 0, 0, 0, 0.0011386159, 0.0009627871, 0.0009151813, 0.0008770551, 0.00087393884, 0.00087824697, 0.000879712, 0.00087927317, 0.0008746525, 0.00087112945, 0.00086395623, 0.00085662474, 0.0008500712, 0.0008471762, 0.0008415619, 0.0008356567, 0.00083236716, 0.00082484516, 0.00081652094, 0.00081202463, 0.00080264715, 0.0007937904, 0.0007859322, 0.0007827117, 0.00077742495, 0.0007739123, 0.0007725727, 0.0007708892, 0.00077025854, 0.00077103276, 0.0007720531, 0.000776064, 0.00078273524, 0.0007873057, 0.00079941534, 0.00081488176, 0.00082376355, 0.0008432124, 0.0008641432, 0.00088590774, 0.000896694, 0.000918809, 0.0009414349, 0.0009531019, 0.0009778294, 0.0010044092, 0.0010330586, 0.0010478827, 0.0010780838, 0.0011077729, 0.0011220498, 0.0011486422, 0.0011722306, 0.0011830841, 0.0012032178, 0.0012217539, 0.0012397682, 0.0012487174, 0.0012662518, 0.0012821808, 0.0012890721, 0.0012998129, 0.0013054333, 0.001304921, 0.0013021535, 0.0012922591, 0.0012765373, 0.0012666867, 0.00124233, 0.0012118974, 0.0011951496, 0.0011654341, 0.0011720977, 0.0013004884, 0.0014543799, 0, 0, 0, 0, 0, 0, 0, 0, 0, 0, 0, 0
0, 0, 0, 0, 0, 0, 0, 0, 0, 0, 0, 0, 0, 0, 0, 0, 0, 0, 0, 0, 0, 0, 0, 0, 0, 0, 0, 0, 0, 0, 0, 0, 0, 0, 0, 0, 0, 0, 0, 0, 0, 0, 0, 0, 0, 0, 0, 0, 0, 0, 0, 0, 0, 0, 0, 0, 0, 0, 0, 0, 0, 0, 0, 0.0013775587, 0.0010441616, 0.0009593531, 0.0008889014, 0.000877621, 0.00088054733, 0.0008819864, 0.0008819828, 0.0008784731, 0.00087594765, 0.0008708311, 0.00086655066, 0.00086337613, 0.0008620951, 0.00085960433, 0.00085619855, 0.00085391174, 0.00084843533, 0.00084126234, 0.00083728076, 0.00082889904, 0.0008213375, 0.0008153485, 0.0008132555, 0.00081074476, 0.0008107415, 0.0008116088, 0.0008139363, 0.0008174967, 0.0008220839, 0.0008246892, 0.0008312497, 0.0008397841, 0.00084514904, 0.0008576291, 0.0008729337, 0.0008816541, 0.0009005674, 0.00092113204, 0.00094270863, 0.0009537222, 0.0009759045, 0.0009984651, 0.0010099224, 0.0010337267, 0.0010584291, 0.0010840305, 0.0010968497, 0.0011224771, 0.0011472888, 0.0011591293, 0.0011811197, 0.0012007948, 0.0012100034, 0.0012267744, 0.0012422075, 0.0012564886, 0.0012632089, 0.0012752416, 0.0012848381, 0.0012880552, 0.0012914744, 0.0012899381, 0.0012835003, 0.0012785777, 0.0012648983, 0.001246953, 0.0012363148, 0.0012112253, 0.0011810453, 0.001165168, 0.0011391257, 0.0011520311, 0.0012863739, 0.0014408111, 0.0019296549, 0, 0, 0, 0, 0, 0, 0, 0, 0, 0, 0
0, 0, 0, 0, 0, 0, 0, 0, 0, 0, 0, 0, 0, 0, 0, 0, 0, 0, 0, 0, 0, 0, 0, 0, 0, 0, 0, 0, 0, 0, 0, 0, 0, 0, 0, 0, 0, 0, 0, 0, 0, 0, 0, 0, 0, 0, 0, 0, 0, 0, 0, 0, 0, 0, 0, 0, 0, 0, 0, 0, 0, 0, 0, 0.0013633887, 0.0010484827, 0.00096598465, 0.00089896505, 0.00088977464, 0.0008936869, 0.0008952776, 0.00089513534, 0.0008921326, 0.00089014793, 0.00088602497, 0.000882486, 0.00087985373, 0.00087851105, 0.0008754594, 0.0008712972, 0.00086876587, 0.0008625232, 0.0008546504, 0.000850497, 0.0008419696, 0.00083505973, 0.0008300911, 0.0008286123, 0.0008282229, 0.00083003304, 0.0008318794, 0.00083666923, 0.0008424374, 0.0008490169, 0.00085250457, 0.0008599419, 0.0008687158, 0.0008737727, 0.0008851484, 0.00089885166, 0.0009065545, 0.00092388934, 0.00094299676, 0.00096358394, 0.00097423577, 0.0009955259, 0.0010168224, 0.0010273522, 0.0010484238, 0.0010691833, 0.0010895545, 0.0010996022, 0.0011194433, 0.0011388495, 0.001148211, 0.0011661532, 0.001182774, 0.0011907588, 0.0012055112, 0.0012188337, 0.0012301068, 0.0012350177, 0.0012424759, 0.0012466956, 0.0012474449, 0.0012459577, 0.0012403224, 0.0012310887, 0.0012252545, 0.0012108372, 0.0011927686, 0.001182245, 0.00115798, 0.0011289364, 0.0011136011, 0.0010861607, 0.0010824569, 0.0011495514, 0.0012290854, 0.0014508901, 0, 0, 0, 0, 0, 0, 0, 0, 0, 0, 0
0, 0, 0, 0, 0, 0, 0, 0, 0, 0, 0, 0, 0, 0, 0, 0, 0, 0, 0, 0, 0, 0, 0, 0, 0, 0, 0, 0, 0, 0, 0, 0, 0, 0, 0, 0, 0, 0, 0, 0, 0, 0, 0, 0, 0, 0, 0, 0, 0, 0, 0, 0, 0, 0, 0, 0, 0, 0, 0, 0, 0, 0, 0, 0, 0.0010462272, 0.0009926101, 0.00093138515, 0.00091497967, 0.00091268134, 0.0009118773, 0.00090954424, 0.0009051433, 0.0009025673, 0.0008972802, 0.0008915031, 0.0008857069, 0.0008829484, 0.00087654835, 0.00086931424, 0.00086527603, 0.0008567754, 0.0008477476, 0.0008431378, 0.0008348461, 0.00082809746, 0.0008233883, 0.0008218598, 0.0008211867, 0.0008224775, 0.00082391064, 0.00082814606, 0.00083353906, 0.0008394906, 0.00084259245, 0.0008492126, 0.0008565697, 0.00086068845, 0.0008700403, 0.0008813838, 0.0008878548, 0.0009021831, 0.0009186841, 0.00093664473, 0.0009459269, 0.000964095, 0.000981926, 0.0009905598, 0.0010069858, 0.0010223807, 0.001037292, 0.0010446921, 0.0010592461, 0.0010741771, 0.0010816833, 0.001096776, 0.0011115769, 0.0011186718, 0.0011320743, 0.0011435762, 0.0011528678, 0.0011563947, 0.0011613661, 0.0011629979, 0.001162883, 0.0011598931, 0.0011542797, 0.0011459194, 0.0011407019, 0.0011279788, 0.0011118088, 0.0011022569, 0.001079944, 0.001053017, 0.0010381951, 0.0010080276, 0.0009869746, 0.0010006466, 0.0010316938, 0.0011304474, 0, 0, 0, 0, 0, 0, 0, 0, 0, 0, 0
0, 0, 0, 0, 0, 0, 0, 0, 0, 0, 0, 0, 0, 0, 0, 0, 0, 0, 0, 0, 0, 0, 0, 0, 0, 0, 0, 0, 0, 0, 0, 0, 0, 0, 0, 0, 0, 0, 0, 0, 0, 0, 0, 0, 0, 0, 0, 0, 0, 0, 0, 0, 0, 0, 0, 0, 0, 0, 0, 0, 0, 0, 0, 0, 0.001253626, 0.001144716, 0.0010032482, 0.0009452165, 0.00092408585, 0.0009185837, 0.0009109609, 0.0009037907, 0.0009000129, 0.0008915336, 0.000882309, 0.000871985, 0.0008666997, 0.0008557701, 0.0008446904, 0.00083918794, 0.0008285696, 0.0008185194, 0.0008138109, 0.00080519053, 0.0007977746, 0.0007916443, 0.00078927196, 0.0007856248, 0.00078378024, 0.0007835587, 0.00078426447, 0.00078636967, 0.00078946125, 0.0007912591, 0.000795341, 0.00080017437, 0.00080298394, 0.0008094798, 0.0008173921, 0.00082187215, 0.0008323305, 0.0008440817, 0.0008569913, 0.0008635074, 0.00087632093, 0.0008884536, 0.00089422526, 0.0009051388, 0.00091560476, 0.00092575495, 0.0009309912, 0.00094236835, 0.00095462694, 0.00096114265, 0.0009744723, 0.0009881257, 0.0009947196, 0.0010067982, 0.0010170186, 0.0010251562, 0.0010280394, 0.001032617, 0.0010350075, 0.001035522, 0.001035294, 0.0010332171, 0.0010289773, 0.0010257885, 0.0010173367, 0.0010055833, 0.0009982476, 0.0009808711, 0.00096019794, 0.00094878516, 0.0009257097, 0.000910013, 0.0009259441, 0.0009628929, 0.0011507777, 0, 0, 0, 0, 0, 0, 0, 0, 0, 0, 0
0, 0, 0, 0, 0, 0, 0, 0, 0, 0, 0, 0, 0, 0, 0, 0, 0, 0, 0, 0, 0, 0, 0, 0, 0, 0, 0, 0, 0, 0, 0, 0, 0, 0, 0, 0, 0, 0, 0, 0, 0, 0, 0, 0, 0, 0, 0, 0, 0, 0, 0, 0, 0, 0, 0, 0, 0, 0, 0, 0, 0, 0, 0, 0, 0.0015473999, 0.0013294325, 0.0010600515, 0.0009487552, 0.00090860075, 0.0008994374, 0.00088883226, 0.0008806032, 0.00087592396, 0.00086507696, 0.00085194816, 0.00083742576, 0.0008299683, 0.00081501476, 0.0008007951, 0.0007941099, 0.00078157504, 0.0007700327, 0.000764586, 0.0007541319, 0.0007440825, 0.0007344297, 0.00072981947, 0.0007212868, 0.0007141257, 0.00071118306, 0.0007067893, 0.00070373894, 0.000702508, 0.0007023509, 0.00070272404, 0.0007039011, 0.00070487, 0.00070739706, 0.00071079173, 0.0007127047, 0.0007171196, 0.00072248693, 0.00072823773, 0.0007311524, 0.0007370148, 0.0007428794, 0.00074572855, 0.0007518113, 0.00075829466, 0.0007658842, 0.00077008735, 0.00077967474, 0.00079087674, 0.00079687726, 0.0008095001, 0.0008220984, 0.0008282507, 0.00083946803, 0.00084897067, 0.00085694785, 0.0008604666, 0.0008669001, 0.0008727845, 0.0008757203, 0.00088091486, 0.0008852548, 0.0008876518, 0.0008879103, 0.0008864426, 0.0008821121, 0.00087873254, 0.0008709668, 0.00086191937, 0.0008575271, 0.00085147424, 0.0008560844, 0.0008954391, 0.00094479515, 0.0011555743, 0.001529977, 0, 0, 0, 0, 0, 0, 0, 0, 0, 0
0, 0, 0, 0, 0, 0, 0, 0, 0, 0, 0, 0, 0, 0, 0, 0, 0, 0, 0, 0, 0, 0, 0, 0, 0, 0, 0, 0, 0, 0, 0, 0, 0, 0, 0, 0, 0, 0, 0, 0, 0, 0, 0, 0, 0, 0, 0, 0, 0, 0, 0, 0, 0, 0, 0, 0, 0, 0, 0, 0, 0, 0, 0, 0, 0.0015669208, 0.0013527238, 0.0010373405, 0.0009052284, 0.0008627767, 0.00085464027, 0.00084673887, 0.0008394037, 0.00083473494, 0.0008222435, 0.0008067626, 0.0007894733, 0.0007804696, 0.0007627206, 0.0007455425, 0.0007373204, 0.0007216635, 0.00070674403, 0.0006993422, 0.0006843525, 0.0006688961, 0.00065357157, 0.0006460065, 0.00063146005, 0.00061828934, 0.0006123991, 0.00060216035, 0.00059376855, 0.0005873921, 0.0005847728, 0.00058031274, 0.0005767234, 0.0005753356, 0.00057250756, 0.0005697716, 0.00056856207, 0.00056606205, 0.00056400214, 0.0005625414, 0.00056192704, 0.0005614064, 0.00056194916, 0.0005626567, 0.0005651149, 0.0005695336, 0.00057577196, 0.0005795824, 0.0005889199, 0.00059972605, 0.0006055485, 0.0006174959, 0.00062950276, 0.00063540303, 0.00064641243, 0.0006567547, 0.00066657364, 0.0006715137, 0.00068204914, 0.00069341186, 0.00069956825, 0.0007119579, 0.00072404876, 0.00073497696, 0.0007398352, 0.0007479625, 0.0007541759, 0.0007568275, 0.000762181, 0.0007682935, 0.00077233976, 0.0007843958, 0.00080725073, 0.0008587059, 0.00090717414, 0.001093488, 0.001459766, 0.0016793163, 0, 0, 0, 0, 0, 0, 0, 0, 0
0, 0, 0, 0, 0, 0, 0, 0, 0, 0, 0, 0, 0, 0, 0, 0, 0, 0, 0, 0, 0, 0, 0, 0, 0, 0, 0, 0, 0, 0, 0, 0, 0, 0, 0, 0, 0, 0, 0, 0, 0, 0, 0, 0, 0, 0, 0, 0, 0, 0, 0, 0, 0, 0, 0, 0, 0, 0, 0, 0, 0, 0, 0, 0, 0, 0.0012565327, 0.0009617658, 0.0008430106, 0.0008097112, 0.0008049313, 0.0008002983, 0.000793728, 0.000788782, 0.00077499374, 0.0007576759, 0.0007380788, 0.0007279126, 0.0007071207, 0.00068588794, 0.00067536545, 0.0006541672, 0.0006327485, 0.0006218213, 0.000599651, 0.0005773317, 0.00055550877, 0.00054484844, 0.0005243548, 0.0005057219, 0.0004971812, 0.00048145844, 0.0004677834, 0.00045571697, 0.0004502443, 0.00043999442, 0.00043020726, 0.00042561835, 0.00041624994, 0.00040681302, 0.00040225493, 0.00039331758, 0.00038522205, 0.00037809578, 0.00037504474, 0.0003703006, 0.0003673366, 0.0003669041, 0.00036756878, 0.00037072902, 0.00037637737, 0.00037995947, 0.00038879644, 0.00039920612, 0.00040462505, 0.00041645733, 0.00042836874, 0.00043446224, 0.00044688256, 0.0004595786, 0.00047325302, 0.00048071265, 0.00049681694, 0.00051469204, 0.0005243563, 0.0005442131, 0.00056467386, 0.000585015, 0.0005949751, 0.00061446644, 0.00063368777, 0.0006433726, 0.00066361454, 0.0006849692, 0.0006965636, 0.0007216534, 0.0007517457, 0.00079558644, 0.0008292674, 0.00094402366, 0.0011470367, 0.0012502216, 0, 0, 0, 0, 0, 0, 0, 0, 0
0, 0, 0, 0, 0, 0, 0, 0, 0, 0, 0, 0, 0, 0, 0, 0, 0, 0, 0, 0, 0, 0, 0, 0, 0, 0, 0, 0, 0, 0, 0, 0, 0, 0, 0, 0, 0, 0, 0, 0, 0, 0, 0, 0, 0, 0, 0, 0, 0, 0, 0, 0, 0, 0, 0, 0, 0, 0, 0, 0, 0, 0, 0, 0, 0, 0, 0.00090380583, 0.000817788, 0.0007823704, 0.00077529385, 0.00076633494, 0.0007561529, 0.000749345, 0.00073265703, 0.0007125547, 0.0006900472, 0.0006779765, 0.0006525757, 0.00062577403, 0.0006117985, 0.0005829208, 0.000553224, 0.0005383281, 0.0005086736, 0.0004797005, 0.00045222644, 0.00043918967, 0.0004140356, 0.0003909974, 0.0003800403, 0.00035942256, 0.00034020838, 0.0003219507, 0.00031325617, 0.00029622304, 0.00027935926, 0.00027114162, 0.00025491338, 0.0002394189, 0.00023195751, 0.00021837803, 0.00020652277, 0.00019648293, 0.00019238288, 0.0001858281, 0.00018172961, 0.00018071558, 0.00018040239, 0.00018270293, 0.00018718031, 0.00019032796, 0.0001980544, 0.00020748338, 0.00021280651, 0.00022438963, 0.00023725453, 0.00024425058, 0.00025937744, 0.00027634358, 0.0002952288, 0.0003053607, 0.0003275943, 0.00035175134, 0.00036464393, 0.0003914976, 0.0004198799, 0.00044926757, 0.00046438276, 0.00049580185, 0.0005284101, 0.00054525444, 0.00057972455, 0.00061452034, 0.0006318061, 0.0006653211, 0.00069710234, 0.0007301753, 0.0007506128, 0.0008149718, 0.0009277998, 0.000984447, 0, 0, 0, 0, 0, 0, 0, 0, 0
0, 0, 0, 0, 0, 0, 0, 0, 0, 0, 0, 0, 0, 0, 0, 0, 0, 0, 0, 0, 0, 0, 0, 0, 0, 0, 0, 0, 0, 0, 0, 0, 0, 0, 0, 0, 0, 0, 0, 0, 0, 0, 0, 0, 0, 0, 0, 0, 0, 0, 0, 0, 0, 0, 0, 0, 0, 0, 0, 0, 0, 0, 0, 0, 0, 0, 0.0010234268, 0.0008650456, 0.000790946, 0.0007721661, 0.0007486988, 0.00072957494, 0.00071948644, 0.0006977171, 0.0006732015, 0.0006460887, 0.0006315484, 0.00060056115, 0.000567146, 0.00054968405, 0.0005140151, 0.00047764648, 0.00045962297, 0.0004246237, 0.00039126107, 0.00036013834, 0.00034529186, 0.00031701417, 0.00029019776, 0.00027702507, 0.00025150357, 0.00022639455, 0.00020164243, 0.00018940226, 0.0001653627, 0.0001417891, 0.00013046477, 0.00010857233, 8.882943e-05, 7.962921e-05, 6.36433e-05, 5.0134146e-05, 3.928887e-05, 3.486026e-05, 2.816753e-05, 2.3859211e-05, 2.260697e-05, 2.1860595e-05, 2.3224593e-05, 2.6636279e-05, 2.9108012e-05, 3.5467314e-05, 4.3981498e-05, 4.8999143e-05, 6.082761e-05, 7.537695e-05, 8.36527e-05, 0.00010244819, 0.0001238749, 0.00014806825, 0.0001610303, 0.00018862402, 0.00021830686, 0.00023381849, 0.00026648724, 0.00030146271, 0.0003389192, 0.0003585431, 0.0004002426, 0.00044451226, 0.00046724165, 0.0005135656, 0.00055913953, 0.0005811009, 0.0006217826, 0.0006575274, 0.0006908703, 0.00071029, 0.0007727294, 0.00091806974, 0.0010477202, 0, 0, 0, 0, 0, 0, 0, 0, 0
0, 0, 0, 0, 0, 0, 0, 0, 0, 0, 0, 0, 0, 0, 0, 0, 0, 0, 0, 0, 0, 0, 0, 0, 0, 0, 0, 0, 0, 0, 0, 0, 0, 0, 0, 0, 0, 0, 0, 0, 0, 0, 0, 0, 0, 0, 0, 0, 0, 0, 0, 0, 0, 0, 0, 0, 0, 0, 0, 0, 0, 0, 0, 0, 0, 0, 0.0012006545, 0.00093364826, 0.0008118143, 0.0007789966, 0.00073771115, 0.000708454, 0.0006949853, 0.0006673778, 0.00063788524, 0.00060603995, 0.0005889866, 0.0005531586, 0.00051514985, 0.00049565913, 0.0004563482, 0.00041749526, 0.00039842175, 0.00036181454, 0.0003270336, 0.00029417663, 0.00027821917, 0.00024714592, 0.00021643615, 0.00020115107, 0.0001704969, 0.00013960162, 0.000108935215, 9.3866656e-05, 6.429298e-05, 3.628857e-05, 2.2998682e-05, -1.7529138e-06, -2.3373239e-05, -3.31588e-05, -5.0054045e-05, -6.420873e-05, -7.5017095e-05, -7.940612e-05, -8.608498e-05, -9.03389e-05, -9.155268e-05, -9.249694e-05, -9.1339134e-05, -8.829434e-05, -8.612911e-05, -7.996331e-05, -7.158168e-05, -6.6374225e-05, -5.3576605e-05, -3.7359485e-05, -2.7865477e-05, -5.9920226e-06, 1.9139969e-05, 4.7309106e-05, 6.238573e-05, 9.4250034e-05, 0.00012812414, 0.00014588224, 0.00018330028, 0.00022370975, 0.00026713917, 0.00029024217, 0.00033931286, 0.00039127134, 0.0004179595, 0.00047192554, 0.0005247393, 0.00055023324, 0.00059770007, 0.000640807, 0.0006830013, 0.00070722785, 0.0007806908, 0.0009380749, 0.0010761603, 0.0014778665, 0, 0, 0, 0, 0, 0, 0, 0
0, 0, 0, 0, 0, 0, 0, 0, 0, 0, 0, 0, 0, 0, 0, 0, 0, 0, 0, 0, 0, 0, 0, 0, 0, 0, 0, 0, 0, 0, 0, 0, 0, 0, 0, 0, 0, 0, 0, 0, 0, 0, 0, 0, 0, 0, 0, 0, 0, 0, 0, 0, 0, 0, 0, 0, 0, 0, 0, 0, 0, 0, 0, 0, 0, 0, 0.0011643993, 0.0009718243, 0.0008234051, 0.0007787805, 0.0007231775, 0.00068748737, 0.00067183195, 0.0006408417, 0.00060808175, 0.0005733362, 0.00055514165, 0.0005175511, 0.00047901427, 0.00045964963, 0.00042121974, 0.00038377644, 0.0003655633, 0.00033031736, 0.00029597382, 0.0002621247, 0.00024535254, 0.00021139381, 0.00017710288, 0.00015973189, 0.00012475219, 8.975083e-05, 5.5544435e-05, 3.8936974e-05, 7.44662e-06, -2.1341653e-05, -3.480144e-05, -5.9350557e-05, -8.076545e-05, -9.039586e-05, -0.00010722772, -0.00012133623, -0.00013245888, -0.0001368576, -0.00014370709, -0.00014769714, -0.00014870148, -0.00014878855, -0.00014653607, -0.00014227345, -0.0001393367, -0.00013166317, -0.000121905025, -0.000115994415, -0.00010182261, -8.397057e-05, -7.3750605e-05, -5.0426133e-05, -2.3432283e-05, 6.895742e-06, 2.3192832e-05, 5.8089365e-05, 9.541319e-05, 0.000114947856, 0.00015629738, 0.0002005551, 0.00024812348, 0.00027325138, 0.00032572256, 0.0003807264, 0.0004088567, 0.00046532674, 0.0005209967, 0.0005478603, 0.0005997918, 0.0006487135, 0.00069759396, 0.00072484516, 0.000796707, 0.0009223236, 0.0010179249, 0.0012293718, 0, 0, 0, 0, 0, 0, 0, 0
0, 0, 0, 0, 0, 0, 0, 0, 0, 0, 0, 0, 0, 0, 0, 0, 0, 0, 0, 0, 0, 0, 0, 0, 0, 0, 0, 0, 0, 0, 0, 0, 0, 0, 0, 0, 0, 0, 0, 0, 0, 0, 0, 0, 0, 0, 0, 0, 0, 0, 0, 0, 0, 0, 0, 0, 0, 0, 0, 0, 0, 0, 0, 0, 0, 0, 0.0014203894, 0.0010413289, 0.00082525116, 0.00076827535, 0.0007047826, 0.000668607, 0.00065338565, 0.000623136, 0.000590931, 0.00055698294, 0.00053945894, 0.00050415436, 0.00046878136, 0.00045137506, 0.00041688958, 0.00038326965, 0.00036660768, 0.00033340484, 0.000300048, 0.00026578133, 0.00024815716, 0.00021236701, 0.00017561158, 0.00015711488, 0.00012022432, 8.425366e-05, 5.030176e-05, 3.428053e-05, 4.6157506e-06, -2.1903787e-05, -3.3894365e-05, -5.6072662e-05, -7.5555254e-05, -8.443336e-05, -0.000100522346, -0.00011413499, -0.00012509302, -0.0001295106, -0.00013597014, -0.00013903843, -0.00013933907, -0.00013743312, -0.00013247313, -0.00012505721, -0.000120546276, -0.00010989388, -9.742332e-05, -9.040465e-05, -7.474051e-05, -5.61781e-05, -4.562269e-05, -2.2051616e-05, 5.3273593e-06, 3.6702986e-05, 5.3683292e-05, 9.0282185e-05, 0.00013014098, 0.00015113699, 0.00019519051, 0.00024180042, 0.00029086077, 0.00031633413, 0.00036870304, 0.00042225793, 0.00044936975, 0.0005035084, 0.0005566455, 0.00058261503, 0.00063301844, 0.00068145053, 0.00072877726, 0.00075366505, 0.00081430294, 0.00091698504, 0.0010032585, 0.0013092866, 0, 0, 0, 0, 0, 0, 0, 0
0, 0, 0, 0, 0, 0, 0, 0, 0, 0, 0, 0, 0, 0, 0, 0, 0, 0, 0, 0, 0, 0, 0, 0, 0, 0, 0, 0, 0, 0, 0, 0, 0, 0, 0, 0, 0, 0, 0, 0, 0, 0, 0, 0, 0, 0, 0, 0, 0, 0, 0, 0, 0, 0, 0, 0, 0, 0, 0, 0, 0, 0, 0, 0, 0, 0, 0, 0.0010126604, 0.0008040256, 0.0007503292, 0.00069291476, 0.0006621827, 0.000649243, 0.00062327576, 0.0005953143, 0.00056601566, 0.0005510283, 0.0005210706, 0.0004912334, 0.000476546, 0.00044703655, 0.00041699313, 0.0004016683, 0.00037048027, 0.00033801852, 0.00030404006, 0.00028651228, 0.00025078488, 0.0002146717, 0.00019681583, 0.00016182291, 0.0001287644, 9.8323544e-05, 8.43131e-05, 5.877058e-05, 3.635664e-05, 2.6203901e-05, 7.651138e-06, -8.992294e-06, -1.6659409e-05, -3.0746254e-05, -4.2656524e-05, -5.2173746e-05, -5.5884615e-05, -6.067842e-05, -6.178977e-05, -6.0816503e-05, -5.599637e-05, -4.7653124e-05, -3.6387195e-05, -3.0081941e-05, -1.6023982e-05, -6.709475e-07, 7.422468e-06, 2.465121e-05, 4.3894044e-05, 5.454094e-05, 7.8186444e-05, 0.000105735286, 0.00013740154, 0.00015480147, 0.00019245691, 0.00023344479, 0.00025490444, 0.0002996913, 0.00034603922, 0.00039370626, 0.00041784885, 0.00046652844, 0.0005152973, 0.0005394731, 0.0005872805, 0.000633566, 0.0006559556, 0.0006988463, 0.0007386856, 0.000774936, 0.00079250766, 0.00083177345, 0.0008970481, 0.0009531651, 0.0011393989, 0, 0, 0, 0, 0, 0, 0, 0
0, 0, 0, 0, 0, 0, 0, 0, 0, 0, 0, 0, 0, 0, 0, 0, 0, 0, 0, 0, 0, 0, 0, 0, 0, 0, 0, 0, 0, 0, 0, 0, 0, 0, 0, 0, 0, 0, 0, 0, 0, 0, 0, 0, 0, 0, 0, 0, 0, 0, 0, 0, 0, 0, 0, 0, 0, 0, 0, 0, 0, 0, 0, 0, 0, 0, 0, 0.00091587275, 0.000806397, 0.0007611705, 0.00070684607, 0.000678804, 0.00066802674, 0.000647614, 0.0006265356, 0.00060423603, 0.0005930241, 0.000569872, 0.0005462374, 0.00053394475, 0.0005085569, 0.0004818148, 0.00046780345, 0.00043848593, 0.00040799944, 0.0003764227, 0.00036035993, 0.00032820497, 0.00029663986, 0.00028113203, 0.0002514391, 0.00022392826, 0.00019872998, 0.00018716742, 0.00016635018, 0.00014798786, 0.00013967365, 0.00012477403, 0.00011164601, 0.00010580278, 9.540204e-05, 8.6964974e-05, 8.083778e-05, 7.875641e-05, 7.7033714e-05, 7.886211e-05, 8.123972e-05, 8.886113e-05, 0.000100015146, 0.000113839975, 0.000121570476, 0.00013785918, 0.00015523357, 0.00016423078, 0.00018292513, 0.0002035741, 0.00021466226, 0.00023926428, 0.0002674367, 0.00029940574, 0.00031686638, 0.0003540949, 0.00039403455, 0.00041465892, 0.0004568445, 0.00049959385, 0.0005424401, 0.0005637959, 0.0006059061, 0.0006473389, 0.0006674556, 0.0007066294, 0.00074331596, 0.0007604731, 0.0007918651, 0.0008179529, 0.00083806185, 0.0008460477, 0.000861709, 0.0008919654, 0.000922934, 0.0010351858, 0, 0, 0, 0, 0, 0, 0, 0
0, 0, 0, 0, 0, 0, 0, 0, 0, 0, 0, 0, 0, 0, 0, 0, 0, 0, 0, 0, 0, 0, 0, 0, 0, 0, 0, 0, 0, 0, 0, 0, 0, 0, 0, 0, 0, 0, 0, 0, 0, 0, 0, 0, 0, 0, 0, 0, 0, 0, 0, 0, 0, 0, 0, 0, 0, 0, 0, 0, 0, 0, 0, 0, 0, 0, 0, 0.0010902442, 0.0009055294, 0.0008337008, 0.00075312355, 0.0007195375, 0.00071004557, 0.00069565506, 0.00068275747, 0.0006690148, 0.0006616435, 0.0006458003, 0.0006277349, 0.0006179027, 0.00059648487, 0.000572994, 0.0005605885, 0.00053485215, 0.0005086373, 0.00048229587, 0.000469387, 0.0004442149, 0.00041979874, 0.0004079776, 0.00038536338, 0.0003639423, 0.00034410678, 0.0003347106, 0.00031769346, 0.0003027886, 0.0002962993, 0.0002851145, 0.00027647565, 0.00027303208, 0.00026776767, 0.00026441985, 0.0002630884, 0.00026314677, 0.00026501378, 0.00026987877, 0.00027335456, 0.00028262797, 0.00029474686, 0.0003092763, 0.0003172066, 0.00033412932, 0.00035239654, 0.0003619779, 0.00038223347, 0.00040456874, 0.00041659045, 0.0004427554, 0.00047181803, 0.0005036745, 0.0005204954, 0.0005554123, 0.0005913478, 0.00060961634, 0.00064572133, 0.00068126584, 0.00071619544, 0.00073336635, 0.0007668641, 0.00079937873, 0.000814938, 0.0008442959, 0.0008704767, 0.0008819497, 0.00090078387, 0.000912751, 0.00091737893, 0.0009173277, 0.00091680244, 0.0009318811, 0.00095879746, 0.0011085934, 0.0014903226, 0, 0, 0, 0, 0, 0, 0
0, 0, 0, 0, 0, 0, 0, 0, 0, 0, 0, 0, 0, 0, 0, 0, 0, 0, 0, 0, 0, 0, 0, 0, 0, 0, 0, 0, 0, 0, 0, 0, 0, 0, 0, 0, 0, 0, 0, 0, 0, 0, 0, 0, 0, 0, 0, 0, 0, 0, 0, 0, 0, 0, 0, 0, 0, 0, 0, 0, 0, 0, 0, 0, 0, 0, 0, 0.0013770357, 0.001027306, 0.0009210477, 0.00081178755, 0.00077453523, 0.00076738093, 0.00076118443, 0.00075763074, 0.00075280253, 0.000749379, 0.00074034894, 0.0007281893, 0.0007209133, 0.0007041334, 0.0006854732, 0.00067559903, 0.0006556143, 0.0006363028, 0.00061786716, 0.0006090143, 0.000592096, 0.0005758833, 0.0005678999, 0.0005520227, 0.00053598254, 0.00052060705, 0.0005131275, 0.00049936114, 0.00048814248, 0.00048354975, 0.00047697546, 0.00047341074, 0.00047273096, 0.00047294336, 0.00047497466, 0.00047812203, 0.0004800942, 0.0004853773, 0.0004921957, 0.0004962126, 0.00050588406, 0.00051735406, 0.00053109654, 0.0005384788, 0.0005547875, 0.0005731049, 0.0005829934, 0.0006043052, 0.0006277908, 0.0006405724, 0.00066759303, 0.00069652504, 0.00072662823, 0.00074197334, 0.000772513, 0.00080227247, 0.0008167094, 0.0008445276, 0.0008708069, 0.00089602935, 0.0009082738, 0.0009318629, 0.00095433893, 0.0009650059, 0.0009841465, 0.0009996974, 0.0010056279, 0.0010127465, 0.0010127007, 0.0010058181, 0.0010004526, 0.0009897163, 0.0009944994, 0.001013591, 0.0011229782, 0.001316263, 0, 0, 0, 0, 0, 0, 0
0, 0, 0, 0, 0, 0, 0, 0, 0, 0, 0, 0, 0, 0, 0, 0, 0, 0, 0, 0, 0, 0, 0, 0, 0, 0, 0, 0, 0, 0, 0, 0, 0, 0, 0, 0, 0, 0, 0, 0, 0, 0, 0, 0, 0, 0, 0, 0, 0, 0, 0, 0, 0, 0, 0, 0, 0, 0, 0, 0, 0, 0, 0, 0, 0, 0, 0, 0, 0.001063732, 0.0009749396, 0.0008677284, 0.0008360169, 0.00083351834, 0.00083792646, 0.000844338, 0.00084793783, 0.00084829924, 0.0008459066, 0.0008396302, 0.00083535636, 0.0008246888, 0.00081255654, 0.0008062563, 0.0007939252, 0.00078260544, 0.0007724411, 0.00076766434, 0.0007581761, 0.00074879505, 0.00074372406, 0.0007330959, 0.00072158326, 0.0007102483, 0.00070485944, 0.00069535803, 0.00068881357, 0.0006867108, 0.00068523455, 0.00068665255, 0.0006882344, 0.0006927745, 0.0006983777, 0.0007046716, 0.00070790213, 0.00071492745, 0.00072262704, 0.00072672596, 0.00073616963, 0.0007469499, 0.0007594762, 0.0007665103, 0.0007820949, 0.0007996237, 0.00080918823, 0.000830045, 0.0008529576, 0.0008651493, 0.000890735, 0.0009172155, 0.0009437595, 0.00095668476, 0.0009816062, 0.0010045264, 0.0010150176, 0.0010344135, 0.0010517872, 0.0010676822, 0.001075128, 0.0010888969, 0.0011014644, 0.0011068857, 0.0011156542, 0.0011204289, 0.0011210465, 0.0011176671, 0.0011080422, 0.0010924898, 0.0010829548, 0.0010643476, 0.0010584749, 0.0010708119, 0.001171719, 0.0014856732, 0, 0, 0, 0, 0, 0, 0
0, 0, 0, 0, 0, 0, 0, 0, 0, 0, 0, 0, 0, 0, 0, 0, 0, 0, 0, 0, 0, 0, 0, 0, 0, 0, 0, 0, 0, 0, 0, 0, 0, 0, 0, 0, 0, 0, 0, 0, 0, 0, 0, 0, 0, 0, 0, 0, 0, 0, 0, 0, 0, 0, 0, 0, 0, 0, 0, 0, 0, 0, 0, 0, 0, 0, 0, 0, 0.001202809, 0.0010645677, 0.0009335661, 0.00090640807, 0.0009087488, 0.00092253543, 0.0009369892, 0.00094745064, 0.00095092575, 0.000954588, 0.00095467584, 0.00095359597, 0.0009499256, 0.00094515004, 0.00094268314, 0.0009379323, 0.0009338732, 0.0009300612, 0.0009281003, 0.00092368986, 0.0009183667, 0.0009153052, 0.000908503, 0.0009013283, 0.0008948705, 0.0008922485, 0.0008887256, 0.00088782964, 0.00088844245, 0.00089141284, 0.000896208, 0.0008991593, 0.00090534484, 0.00091179746, 0.0009183171, 0.0009217654, 0.0009288678, 0.00093663717, 0.000940859, 0.0009502273, 0.0009611527, 0.00097350497, 0.0009803063, 0.0009948526, 0.001010807, 0.0010193037, 0.0010373394, 0.0010568277, 0.0010670286, 0.0010881075, 0.0011096784, 0.001130787, 0.0011408638, 0.0011600298, 0.001176932, 0.0011843658, 0.0011978098, 0.001208763, 0.0012178543, 0.0012215805, 0.0012275602, 0.001231189, 0.0012318869, 0.001230758, 0.0012256844, 0.0012212974, 0.0012088747, 0.001191451, 0.0011687535, 0.0011556285, 0.001127656, 0.0011050618, 0.0011029373, 0.001148628, 0.001315315, 0, 0, 0, 0, 0, 0, 0
0, 0, 0, 0, 0, 0, 0, 0, 0, 0, 0, 0, 0, 0, 0, 0, 0, 0, 0, 0, 0, 0, 0, 0, 0, 0, 0, 0, 0, 0, 0, 0, 0, 0, 0, 0, 0, 0, 0, 0, 0, 0, 0, 0, 0, 0, 0, 0, 0, 0, 0, 0, 0, 0, 0, 0, 0, 0, 0, 0, 0, 0, 0, 0, 0, 0, 0, 0, 0.0011685342, 0.0011102573, 0.0010144359, 0.0009898884, 0.0009932279, 0.0010103314, 0.0010290132, 0.0010438842, 0.0010496811, 0.001058453, 0.0010642464, 0.0010662501, 0.001069187, 0.0010710445, 0.0010718219, 0.0010731331, 0.001073819, 0.0010737533, 0.0010732247, 0.0010712984, 0.0010683979, 0.0010666748, 0.0010632899, 0.0010608004, 0.0010600121, 0.0010604165, 0.0010629087, 0.0010672886, 0.0010699815, 0.0010757071, 0.001081434, 0.0010841426, 0.0010889577, 0.0010933493, 0.0010977234, 0.0011002026, 0.001105976, 0.0011133732, 0.0011176687, 0.001127474, 0.001138758, 0.0011509017, 0.0011570661, 0.0011697354, 0.0011823563, 0.0011887029, 0.0012017819, 0.00121551, 0.0012225524, 0.0012370641, 0.0012520866, 0.0012669008, 0.0012741503, 0.0012879613, 0.0013005779, 0.0013062279, 0.0013161447, 0.0013240029, 0.00132954, 0.0013312409, 0.0013323437, 0.0013299119, 0.0013271971, 0.001318834, 0.0013063384, 0.0012986375, 0.0012803043, 0.0012581082, 0.0012313823, 0.0012159892, 0.0011816545, 0.0011453857, 0.0011311426, 0.0011311593, 0.0012070698, 0, 0, 0, 0, 0, 0, 0
0, 0, 0, 0, 0, 0, 0, 0, 0, 0, 0, 0, 0, 0, 0, 0, 0, 0, 0, 0, 0, 0, 0, 0, 0, 0, 0, 0, 0, 0, 0, 0, 0, 0, 0, 0, 0, 0, 0, 0, 0, 0, 0, 0, 0, 0, 0, 0, 0, 0, 0, 0, 0, 0, 0, 0, 0, 0, 0, 0, 0, 0, 0, 0, 0, 0, 0, 0, 0.0014302715, 0.0013206735, 0.0011422308, 0.0010825623, 0.0010787919, 0.0010909584, 0.0011102107, 0.0011281339, 0.0011357119, 0.0011488746, 0.0011595715, 0.0011640227, 0.0011720982, 0.0011788768, 0.0011817928, 0.001186729, 0.001190224, 0.0011921773, 0.0011924992, 0.0011923069, 0.0011915114, 0.0011911141, 0.0011910343, 0.0011926625, 0.001196319, 0.001198891, 0.0012052435, 0.00121205, 0.0012153428, 0.001220872, 0.0012245503, 0.0012257226, 0.0012269394, 0.0012275389, 0.0012286468, 0.0012296725, 0.0012334057, 0.0012396249, 0.0012435158, 0.0012526201, 0.0012627327, 0.0012726497, 0.0012772838, 0.0012859353, 0.0012935498, 0.0012971458, 0.0013041359, 0.0013113341, 0.0013151229, 0.0013229282, 0.0013313561, 0.0013399927, 0.0013445155, 0.0013535471, 0.0013624035, 0.0013667039, 0.0013745622, 0.0013810053, 0.0013851746, 0.0013862058, 0.0013855479, 0.0013808027, 0.0013769177, 0.0013659282, 0.0013513564, 0.0013428805, 0.0013240143, 0.0013027439, 0.001278093, 0.0012641825, 0.0012325742, 0.0011993473, 0.001186537, 0.0011949231, 0.0013337004, 0.0017552858, 0, 0, 0, 0, 0, 0
0, 0, 0, 0, 0, 0, 0, 0, 0, 0, 0, 0, 0, 0, 0, 0, 0, 0, 0, 0, 0, 0, 0, 0, 0, 0, 0, 0, 0, 0, 0, 0, 0, 0, 0, 0, 0, 0, 0, 0, 0, 0, 0, 0, 0, 0, 0, 0, 0, 0, 0, 0, 0, 0, 0, 0, 0, 0, 0, 0, 0, 0, 0, 0, 0, 0, 0, 0, 0.0018232747, 0.0015701297, 0.001256042, 0.001154, 0.0011420145, 0.0011492086, 0.0011699491, 0.0011915375, 0.0012013799, 0.0012185858, 0.0012332081, 0.0012396992, 0.0012512578, 0.0012610739, 0.001265501, 0.0012729641, 0.0012787617, 0.0012828271, 0.0012842165, 0.001286314, 0.001287711, 0.0012885353, 0.0012907507, 0.0012943596, 0.0012991809, 0.001302009, 0.0013077453, 0.0013127337, 0.001314641, 0.0013165912, 0.0013163205, 0.0013152718, 0.0013121986, 0.0013089116, 0.0013067918, 0.0013064995, 0.0013077088, 0.0013112843, 0.0013137481, 0.0013193421, 0.0013249387, 0.0013295392, 0.0013314205, 0.0013340614, 0.0013359371, 0.0013367577, 0.0013383578, 0.0013402977, 0.0013414592, 0.0013441402, 0.0013472099, 0.0013508144, 0.0013527523, 0.0013569407, 0.001361626, 0.0013642029, 0.0013691459, 0.0013737899, 0.0013770374, 0.0013780427, 0.0013777578, 0.0013740928, 0.0013711492, 0.0013627076, 0.0013518032, 0.0013456708, 0.0013324259, 0.0013181295, 0.0013024257, 0.0012935017, 0.0012738756, 0.001255486, 0.00125124, 0.0012777537, 0.001430783, 0.001857101, 0.002160143, 0, 0, 0, 0, 0
0, 0, 0, 0, 0, 0, 0, 0, 0, 0, 0, 0, 0, 0, 0, 0, 0, 0, 0, 0, 0, 0, 0, 0, 0, 0, 0, 0, 0, 0, 0, 0, 0, 0, 0, 0, 0, 0, 0, 0, 0, 0, 0, 0, 0, 0, 0, 0, 0, 0, 0, 0, 0, 0, 0, 0, 0, 0, 0, 0, 0, 0, 0, 0, 0, 0, 0, 0, 0, 0.0014956085, 0.0012941681, 0.0011850491, 0.001169651, 0.0011769634, 0.0012026613, 0.0012303386, 0.001242938, 0.0012651819, 0.0012836705, 0.0012915881, 0.00130558, 0.0013178459, 0.0013233577, 0.0013332628, 0.0013416565, 0.0013484829, 0.0013512144, 0.001355568, 0.0013586697, 0.00135984, 0.0013621364, 0.001364205, 0.0013660593, 0.0013668372, 0.0013679321, 0.0013674203, 0.0013664677, 0.0013629103, 0.0013575781, 0.0013544055, 0.0013478547, 0.0013416394, 0.0013368982, 0.0013351481, 0.0013329658, 0.0013318959, 0.0013315037, 0.0013304758, 0.0013285318, 0.0013256349, 0.0013238647, 0.0013201584, 0.001316789, 0.0013154745, 0.0013133786, 0.0013122675, 0.0013119959, 0.0013118259, 0.0013115462, 0.0013111833, 0.0013108923, 0.0013103127, 0.0013102649, 0.0013103952, 0.0013112855, 0.0013127708, 0.0013144835, 0.0013153037, 0.0013159752, 0.0013153864, 0.0013145292, 0.0013120372, 0.0013084803, 0.0013065891, 0.0013028291, 0.0012987608, 0.0012945214, 0.0012921485, 0.0012860831, 0.0012815222, 0.0012827165, 0.0013085702, 0.0014110584, 0.0016435144, 0.0017648399, 0, 0, 0, 0, 0
0, 0, 0, 0, 0, 0, 0, 0, 0, 0, 0, 0, 0, 0, 0, 0, 0, 0, 0, 0, 0, 0, 0, 0, 0, 0, 0, 0, 0, 0, 0, 0, 0, 0, 0, 0, 0, 0, 0, 0, 0, 0, 0, 0, 0, 0, 0, 0, 0, 0, 0, 0, 0, 0, 0, 0, 0, 0, 0, 0, 0, 0, 0, 0, 0, 0, 0, 0, 0, 0, 0.0013321505, 0.00118516, 0.0011604273, 0.0011705515, 0.0012118053, 0.0012554686, 0.0012747674, 0.0013075384, 0.0013334841, 0.001344492, 0.0013634021, 0.0013796216, 0.0013869943, 0.0014000781, 0.0014110949, 0.0014194108, 0.0014222647, 0.0014256673, 0.0014255495, 0.0014242781, 0.0014194578, 0.001412049, 0.0014025767, 0.001397137, 0.0013853849, 0.0013724891, 0.0013657558, 0.0013520934, 0.0013387054, 0.0013322337, 0.0013198231, 0.0013079923, 0.0012963547, 0.0012902565, 0.0012774487, 0.001263361, 0.0012558631, 0.0012399859, 0.0012240076, 0.0012089566, 0.0012020761, 0.0011901564, 0.0011809539, 0.0011773736, 0.0011717967, 0.001167679, 0.0011658994, 0.0011621964, 0.0011578304, 0.0011526495, 0.0011497744, 0.0011437515, 0.001137965, 0.00113548, 0.001131521, 0.001129437, 0.0011292612, 0.0011298457, 0.0011324508, 0.0011368983, 0.0011397973, 0.0011468651, 0.0011553937, 0.0011600369, 0.0011694913, 0.0011786377, 0.001185755, 0.0011881194, 0.0011891819, 0.0011852392, 0.0011821575, 0.00118212, 0.0012211499, 0.0013702151, 0.0015021696, 0, 0, 0, 0, 0
0, 0, 0, 0, 0, 0, 0, 0, 0, 0, 0, 0, 0, 0, 0, 0, 0, 0, 0, 0, 0, 0, 0, 0, 0, 0, 0, 0, 0, 0, 0, 0, 0, 0, 0, 0, 0, 0, 0, 0, 0, 0, 0, 0, 0, 0, 0, 0, 0, 0, 0, 0, 0, 0, 0, 0, 0, 0, 0, 0, 0, 0, 0, 0, 0, 0, 0, 0, 0, 0, 0.0014380275, 0.0011902065, 0.0011560104, 0.0011677695, 0.001216296, 0.0012656794, 0.0012873715, 0.001323604, 0.0013518647, 0.0013637217, 0.0013842916, 0.0014012104, 0.0014085276, 0.0014207879, 0.0014297735, 0.0014349552, 0.0014361253, 0.0014355347, 0.0014314111, 0.0014281833, 0.0014194077, 0.001408284, 0.0013951657, 0.0013879756, 0.0013724708, 0.0013560887, 0.0013477282, 0.0013308878, 0.0013142386, 0.0013060421, 0.001289763, 0.0012732219, 0.0012563253, 0.0012474356, 0.0012291436, 0.0012098643, 0.0012001507, 0.001180876, 0.0011627002, 0.0011465569, 0.0011394077, 0.0011267241, 0.0011167532, 0.0011124559, 0.0011049088, 0.0010981435, 0.0010949739, 0.0010884014, 0.0010817392, 0.0010754773, 0.0010726325, 0.0010676216, 0.0010639484, 0.0010627878, 0.0010615416, 0.0010618813, 0.0010633889, 0.0010646338, 0.001068079, 0.0010731969, 0.0010765372, 0.0010846322, 0.0010943287, 0.0010995972, 0.0011103153, 0.0011194808, 0.0011252126, 0.0011260096, 0.0011220005, 0.0011094562, 0.0011002386, 0.0010808548, 0.0010815769, 0.0011504134, 0.00122288, 0, 0, 0, 0, 0
0, 0, 0, 0, 0, 0, 0, 0, 0, 0, 0, 0, 0, 0, 0, 0, 0, 0, 0, 0, 0, 0, 0, 0, 0, 0, 0, 0, 0, 0, 0, 0, 0, 0, 0, 0, 0, 0, 0, 0, 0, 0, 0, 0, 0, 0, 0, 0, 0, 0, 0, 0, 0, 0, 0, 0, 0, 0, 0, 0, 0, 0, 0, 0, 0, 0, 0, 0, 0, 0, 0.001278775, 0.0011857236, 0.0011689058, 0.0011901656, 0.0012401771, 0.001289428, 0.0013109219, 0.0013472198, 0.0013764318, 0.0013886833, 0.0014098507, 0.0014265636, 0.001433316, 0.0014434055, 0.0014490312, 0.0014502745, 0.0014493967, 0.0014450032, 0.0014378796, 0.0014333001, 0.0014228579, 0.0014104334, 0.0013962971, 0.001388576, 0.0013718434, 0.0013539483, 0.0013446497, 0.0013253785, 0.0013055385, 0.0012954558, 0.0012747577, 0.0012536795, 0.0012320556, 0.0012210265, 0.0011990523, 0.0011774813, 0.0011672424, 0.0011478689, 0.0011307695, 0.0011162208, 0.0011096424, 0.0010979904, 0.00108761, 0.0010825912, 0.0010729292, 0.001063088, 0.0010582176, 0.0010488222, 0.0010404693, 0.0010342796, 0.0010323084, 0.0010305112, 0.0010314228, 0.0010326308, 0.0010361801, 0.0010402917, 0.0010443891, 0.001046311, 0.0010503677, 0.0010553108, 0.0010583566, 0.001065765, 0.0010748479, 0.0010798549, 0.0010899026, 0.0010980837, 0.0011018548, 0.00110136, 0.001094077, 0.0010773019, 0.0010655809, 0.0010390261, 0.0010267865, 0.0010711005, 0.001126821, 0, 0, 0, 0, 0
0, 0, 0, 0, 0, 0, 0, 0, 0, 0, 0, 0, 0, 0, 0, 0, 0, 0, 0, 0, 0, 0, 0, 0, 0, 0, 0, 0, 0, 0, 0, 0, 0, 0, 0, 0, 0, 0, 0, 0, 0, 0, 0, 0, 0, 0, 0, 0, 0, 0, 0, 0, 0, 0, 0, 0, 0, 0, 0, 0, 0, 0, 0, 0, 0, 0, 0, 0, 0, 0, 0.0014518481, 0.0013039211, 0.0012645934, 0.0012550503, 0.0012881336, 0.0013285305, 0.0013475536, 0.0013814174, 0.0014102558, 0.0014229143, 0.0014444866, 0.0014611015, 0.0014674453, 0.00147599, 0.0014796136, 0.0014787669, 0.0014771443, 0.0014716123, 0.001464122, 0.001459848, 0.0014502617, 0.0014390056, 0.0014258603, 0.0014183881, 0.0014021319, 0.0013839548, 0.0013741136, 0.0013535006, 0.0013317108, 0.0013205127, 0.0012975789, 0.0012742514, 0.0012509741, 0.0012394665, 0.0012170289, 0.0011961511, 0.0011865419, 0.0011691189, 0.0011544779, 0.0011421624, 0.0011366126, 0.0011263434, 0.0011163267, 0.0011110966, 0.0011002446, 0.0010888787, 0.001083116, 0.0010728402, 0.0010647711, 0.0010602803, 0.001059729, 0.0010614811, 0.0010663397, 0.0010695747, 0.0010767702, 0.0010833486, 0.0010890205, 0.0010912252, 0.0010952217, 0.0010993076, 0.001101718, 0.0011077988, 0.0011154411, 0.0011198135, 0.0011286833, 0.001135937, 0.0011390826, 0.0011385436, 0.0011320245, 0.0011177991, 0.0011081697, 0.0010889026, 0.0010897698, 0.0011737011, 0.0012884116, 0.0017745233, 0, 0, 0, 0
0, 0, 0, 0, 0, 0, 0, 0, 0, 0, 0, 0, 0, 0, 0, 0, 0, 0, 0, 0, 0, 0, 0, 0, 0, 0, 0, 0, 0, 0, 0, 0, 0, 0, 0, 0, 0, 0, 0, 0, 0, 0, 0, 0, 0, 0, 0, 0, 0, 0, 0, 0, 0, 0, 0, 0, 0, 0, 0, 0, 0, 0, 0, 0, 0, 0, 0, 0, 0, 0, 0.0017871269, 0.0015061034, 0.0014120319, 0.001338682, 0.0013443129, 0.0013740057, 0.0013908766, 0.0014240029, 0.0014542904, 0.0014678893, 0.0014914665, 0.0015098548, 0.0015170327, 0.0015270902, 0.001532245, 0.0015336057, 0.0015333978, 0.0015308845, 0.0015269734, 0.0015243929, 0.0015179577, 0.0015095017, 0.0014984267, 0.0014917931, 0.001476836, 0.0014595371, 0.0014501839, 0.0014305357, 0.0014100176, 0.0013995874, 0.0013787589, 0.001358179, 0.0013377547, 0.0013278277, 0.001308688, 0.0012907495, 0.0012825759, 0.0012677774, 0.0012554304, 0.0012449701, 0.0012403475, 0.0012316881, 0.0012231227, 0.0012187673, 0.0012095661, 0.0012001529, 0.001195736, 0.0011879136, 0.0011827352, 0.0011812988, 0.0011819112, 0.0011857128, 0.0011919368, 0.0011955866, 0.0012028511, 0.0012092083, 0.0012141292, 0.0012159161, 0.0012189464, 0.0012214911, 0.0012229659, 0.0012265756, 0.0012315017, 0.0012343655, 0.0012399567, 0.0012442586, 0.0012456728, 0.0012447281, 0.001238993, 0.0012281064, 0.00122144, 0.0012100523, 0.0012190898, 0.0012969006, 0.0013853812, 0.0016337653, 0, 0, 0, 0
0, 0, 0, 0, 0, 0, 0, 0, 0, 0, 0, 0, 0, 0, 0, 0, 0, 0, 0, 0, 0, 0, 0, 0, 0, 0, 0, 0, 0, 0, 0, 0, 0, 0, 0, 0, 0, 0, 0, 0, 0, 0, 0, 0, 0, 0, 0, 0, 0, 0, 0, 0, 0, 0, 0, 0, 0, 0, 0, 0, 0, 0, 0, 0, 0, 0, 0, 0, 0, 0, 0.0022435335, 0.0016686654, 0.0015160255, 0.0013920619, 0.0013843628, 0.0014149104, 0.001434242, 0.0014734099, 0.0015098297, 0.0015262044, 0.001555097, 0.0015784968, 0.0015881747, 0.0016037923, 0.001615246, 0.0016235816, 0.0016268512, 0.0016316934, 0.0016343524, 0.0016347136, 0.0016332926, 0.0016287217, 0.0016206848, 0.0016155022, 0.0016032859, 0.001589334, 0.0015819466, 0.0015670536, 0.001552602, 0.0015455504, 0.0015319864, 0.0015188118, 0.0015059949, 0.0014993994, 0.0014863558, 0.0014733949, 0.0014671566, 0.0014554609, 0.0014454196, 0.001437012, 0.0014334524, 0.0014273043, 0.0014221566, 0.0014198207, 0.001415579, 0.0014118889, 0.0014104571, 0.0014085232, 0.0014081775, 0.0014098579, 0.0014112085, 0.001415028, 0.0014196401, 0.001422123, 0.0014267438, 0.0014306311, 0.0014333765, 0.0014342282, 0.0014351093, 0.0014349172, 0.001434681, 0.0014337836, 0.0014327298, 0.0014319471, 0.0014299039, 0.0014260878, 0.0014198011, 0.001415257, 0.0014033684, 0.0013876782, 0.0013788523, 0.0013627817, 0.0013642734, 0.0014336946, 0.001529118, 0.001971705, 0, 0, 0, 0
0, 0, 0, 0, 0, 0, 0, 0, 0, 0, 0, 0, 0, 0, 0, 0, 0, 0, 0, 0, 0, 0, 0, 0, 0, 0, 0, 0, 0, 0, 0, 0, 0, 0, 0, 0, 0, 0, 0, 0, 0, 0, 0, 0, 0, 0, 0, 0, 0, 0, 0, 0, 0, 0, 0, 0, 0, 0, 0, 0, 0, 0, 0, 0, 0, 0, 0, 0, 0, 0, 0, 0.0016246579, 0.0015091889, 0.0013990321, 0.0014044465, 0.0014520553, 0.0014795949, 0.0015333209, 0.0015812485, 0.0016026966, 0.0016404397, 0.001672339, 0.001686187, 0.0017110748, 0.0017325545, 0.0017512522, 0.0017595994, 0.0017741398, 0.0017852603, 0.0017893957, 0.0017944885, 0.0017954785, 0.0017925738, 0.0017900816, 0.0017837906, 0.0017769126, 0.0017736288, 0.0017679954, 0.0017636636, 0.0017619436, 0.0017592192, 0.001756568, 0.0017532336, 0.001751108, 0.001745968, 0.0017396997, 0.0017363682, 0.0017295432, 0.0017233384, 0.0017186193, 0.0017168317, 0.0017149361, 0.0017150551, 0.0017158203, 0.0017184989, 0.0017222018, 0.0017243497, 0.001728871, 0.0017332329, 0.0017370179, 0.0017386561, 0.0017413666, 0.0017434655, 0.0017443573, 0.0017458587, 0.0017469794, 0.0017472123, 0.0017468715, 0.001744902, 0.0017406623, 0.0017375795, 0.0017292905, 0.0017182764, 0.0017115555, 0.0016962793, 0.0016777429, 0.0016558398, 0.0016432876, 0.0016146046, 0.001580208, 0.0015609083, 0.0015194213, 0.0014844699, 0.0014938859, 0.0015410793, 0.0017802187, 0, 0, 0, 0
0, 0, 0, 0, 0, 0, 0, 0, 0, 0, 0, 0, 0, 0, 0, 0, 0, 0, 0, 0, 0, 0, 0, 0, 0, 0, 0, 0, 0, 0, 0, 0, 0, 0, 0, 0, 0, 0, 0, 0, 0, 0, 0, 0, 0, 0, 0, 0, 0, 0, 0, 0, 0, 0, 0, 0, 0, 0, 0, 0, 0, 0, 0, 0, 0, 0, 0, 0, 0, 0, 0, 0.0017357758, 0.001539584, 0.001402133, 0.0014284787, 0.0015016098, 0.0015405789, 0.001613056, 0.0016755016, 0.0017031037, 0.0017522981, 0.001795093, 0.00181452, 0.001850667, 0.0018836709, 0.0019140141, 0.0019277725, 0.0019526507, 0.0019731924, 0.0019816568, 0.001995051, 0.002004225, 0.0020103524, 0.0020126728, 0.0020169714, 0.00202159, 0.0020243912, 0.002031174, 0.0020390893, 0.0020433108, 0.0020517798, 0.002059588, 0.0020658872, 0.002068392, 0.0020719587, 0.002074103, 0.0020747383, 0.0020756866, 0.0020764484, 0.0020782156, 0.0020795402, 0.002083796, 0.0020899938, 0.0020938322, 0.0021025846, 0.0021121986, 0.002116879, 0.0021255773, 0.002132405, 0.002136908, 0.0021383793, 0.0021399306, 0.0021401783, 0.0021400834, 0.0021397718, 0.0021389944, 0.002137065, 0.0021352852, 0.0021294523, 0.0021195686, 0.0021126177, 0.002094776, 0.0020713022, 0.0020574986, 0.002025906, 0.0019891744, 0.0019470768, 0.0019236383, 0.0018706988, 0.0018080998, 0.0017723344, 0.001691491, 0.0016033753, 0.0015338297, 0.0015251293, 0.0016117373, 0, 0, 0, 0
0, 0, 0, 0, 0, 0, 0, 0, 0, 0, 0, 0, 0, 0, 0, 0, 0, 0, 0, 0, 0, 0, 0, 0, 0, 0, 0, 0, 0, 0, 0, 0, 0, 0, 0, 0, 0, 0, 0, 0, 0, 0, 0, 0, 0, 0, 0, 0, 0, 0, 0, 0, 0, 0, 0, 0, 0, 0, 0, 0, 0, 0, 0, 0, 0, 0, 0, 0, 0, 0, 0, 0.0015283382, 0.0014728629, 0.0014299155, 0.0014891294, 0.0015842794, 0.0016325382, 0.001720924, 0.001797117, 0.0018311114, 0.0018922952, 0.0019469112, 0.001972331, 0.0020203532, 0.002065074, 0.0021061401, 0.0021252607, 0.0021601517, 0.0021904784, 0.002203901, 0.0022278675, 0.0022488136, 0.002268151, 0.0022775831, 0.0022964869, 0.0023158805, 0.0023257507, 0.0023456726, 0.002365414, 0.002374914, 0.0023929686, 0.0024094738, 0.002424319, 0.0024311661, 0.002444192, 0.0024563873, 0.0024621477, 0.0024734002, 0.0024842357, 0.0024950283, 0.0025005178, 0.0025118035, 0.00252365, 0.0025297229, 0.0025420014, 0.0025536628, 0.002558984, 0.002568107, 0.0025745996, 0.0025783738, 0.0025793393, 0.00258004, 0.002579367, 0.0025787589, 0.0025771384, 0.0025742857, 0.002569189, 0.0025652885, 0.0025539042, 0.0025363893, 0.0025249454, 0.0024966616, 0.0024608187, 0.002440329, 0.0023941696, 0.0023414928, 0.0022810458, 0.0022474506, 0.002171737, 0.002081763, 0.0020304464, 0.0019138489, 0.0017832335, 0.0016633027, 0.0016267439, 0.0016582183, 0, 0, 0, 0
0, 0, 0, 0, 0, 0, 0, 0, 0, 0, 0, 0, 0, 0, 0, 0, 0, 0, 0, 0, 0, 0, 0, 0, 0, 0, 0, 0, 0, 0, 0, 0, 0, 0, 0, 0, 0, 0, 0, 0, 0, 0, 0, 0, 0, 0, 0, 0, 0, 0, 0, 0, 0, 0, 0, 0, 0, 0, 0, 0, 0, 0, 0, 0, 0, 0, 0, 0, 0, 0, 0, 0.0017486494, 0.0016619454, 0.0015713106, 0.0016119918, 0.0017063527, 0.0017575332, 0.001855105, 0.0019420459, 0.001981773, 0.0020548506, 0.0021211833, 0.0021525887, 0.0022120518, 0.002267686, 0.0023190512, 0.0023431636, 0.0023882159, 0.0024291251, 0.0024483525, 0.002485083, 0.0025204462, 0.0025554441, 0.002572958, 0.0026078841, 0.0026423237, 0.0026591194, 0.0026913441, 0.0027212026, 0.002735167, 0.0027613565, 0.0027853553, 0.0028084265, 0.0028197072, 0.0028424307, 0.0028652656, 0.0028765819, 0.0028989918, 0.0029205615, 0.002940753, 0.0029503137, 0.0029680047, 0.0029840285, 0.002991282, 0.0030042264, 0.0030150213, 0.0030194365, 0.003026468, 0.0030307649, 0.0030326943, 0.0030328901, 0.0030320701, 0.0030298426, 0.0030282466, 0.0030236142, 0.003016393, 0.0030052443, 0.0029977965, 0.0029780737, 0.0029510902, 0.0029346624, 0.0028960481, 0.0028502792, 0.0028248725, 0.0027691175, 0.0027062413, 0.002634657, 0.0025946153, 0.0025041956, 0.0023971722, 0.002336511, 0.002200373, 0.0020516403, 0.0019229762, 0.0018940958, 0.00204144, 0.0027607295, 0, 0, 0
0, 0, 0, 0, 0, 0, 0, 0, 0, 0, 0, 0, 0, 0, 0, 0, 0, 0, 0, 0, 0, 0, 0, 0, 0, 0, 0, 0, 0, 0, 0, 0, 0, 0, 0, 0, 0, 0, 0, 0, 0, 0, 0, 0, 0, 0, 0, 0, 0, 0, 0, 0, 0, 0, 0, 0, 0, 0, 0, 0, 0, 0, 0, 0, 0, 0, 0, 0, 0, 0, 0, 0.0021761167, 0.0020114474, 0.0017805488, 0.0017633302, 0.0018440125, 0.0018954576, 0.001999326, 0.0020960993, 0.0021411937, 0.0022256137, 0.002303672, 0.0023406472, 0.0024112228, 0.0024774016, 0.0025391805, 0.0025685471, 0.002624637, 0.0026776216, 0.0027032443, 0.0027539823, 0.0028043306, 0.0028544932, 0.0028795023, 0.0029287671, 0.0029761528, 0.0029987607, 0.0030415712, 0.0030806775, 0.0030989768, 0.003133441, 0.0031660604, 0.0031979026, 0.0032137723, 0.0032458124, 0.0032780536, 0.0032940197, 0.0033252954, 0.0033548006, 0.003381775, 0.0033940182, 0.0034158141, 0.0034338895, 0.0034414919, 0.0034539844, 0.0034628622, 0.003466206, 0.0034706674, 0.0034723498, 0.0034715526, 0.0034704194, 0.0034665451, 0.0034604375, 0.0034563942, 0.0034458463, 0.0034308066, 0.0034102031, 0.0033974964, 0.00336676, 0.003328851, 0.0033073197, 0.0032595794, 0.0032063206, 0.0031778468, 0.0031167693, 0.0030492942, 0.002972814, 0.002930227, 0.0028344232, 0.0027217946, 0.0026587269, 0.0025191826, 0.002368535, 0.00223459, 0.0021954975, 0.002257293, 0.0025394128, 0, 0, 0
0, 0, 0, 0, 0, 0, 0, 0, 0, 0, 0, 0, 0, 0, 0, 0, 0, 0, 0, 0, 0, 0, 0, 0, 0, 0, 0, 0, 0, 0, 0, 0, 0, 0, 0, 0, 0, 0, 0, 0, 0, 0, 0, 0, 0, 0, 0, 0, 0, 0, 0, 0, 0, 0, 0, 0, 0, 0, 0, 0, 0, 0, 0, 0, 0, 0, 0, 0, 0, 0, 0, 0.0027432323, 0.0023463021, 0.0019304792, 0.0018796085, 0.0019617314, 0.0020174193, 0.0021317534, 0.002239649, 0.0022903841, 0.0023861392, 0.0024755176, 0.002518187, 0.0025998137, 0.0026769538, 0.0027500135, 0.0027852415, 0.002853781, 0.002920001, 0.0029524777, 0.0030168488, 0.00308055, 0.003143315, 0.003174165, 0.003234046, 0.0032913182, 0.0033187142, 0.003370619, 0.003419143, 0.0034422216, 0.003486546, 0.0035289873, 0.003570139, 0.003590407, 0.0036301105, 0.0036684554, 0.0036869259, 0.0037219904, 0.0037542095, 0.003782775, 0.0037956866, 0.003818299, 0.0038364574, 0.003843947, 0.0038557085, 0.0038634627, 0.0038658665, 0.0038679682, 0.0038665538, 0.003862191, 0.0038588839, 0.0038499557, 0.003837558, 0.00382974, 0.0038103973, 0.0037853417, 0.0037535683, 0.0037350787, 0.0036927427, 0.0036441644, 0.0036179195, 0.0035621023, 0.0035028355, 0.0034717247, 0.0034066879, 0.0033356764, 0.0032560988, 0.0032122377, 0.0031150836, 0.0030037216, 0.0029423928, 0.0028092153, 0.0026660669, 0.002534207, 0.0024915289, 0.0025503782, 0.0030778558, 0.0036175074, 0, 0
0, 0, 0, 0, 0, 0, 0, 0, 0, 0, 0, 0, 0, 0, 0, 0, 0, 0, 0, 0, 0, 0, 0, 0, 0, 0, 0, 0, 0, 0, 0, 0, 0, 0, 0, 0, 0, 0, 0, 0, 0, 0, 0, 0, 0, 0, 0, 0, 0, 0, 0, 0, 0, 0, 0, 0, 0, 0, 0, 0, 0, 0, 0, 0, 0, 0, 0, 0, 0, 0, 0, 0, 0.0020978362, 0.0019527129, 0.0019492799, 0.0020474067, 0.0021096915, 0.0022366352, 0.0023565337, 0.0024130535, 0.0025202648, 0.0026207757, 0.0026691053, 0.002762014, 0.0028510161, 0.0029366321, 0.0029784422, 0.0030602943, 0.0031400362, 0.0031791984, 0.00325605, 0.0033305637, 0.0034025104, 0.00343729, 0.0035045128, 0.0035686695, 0.0035996286, 0.0036595692, 0.0037172248, 0.0037452374, 0.0037995523, 0.003851634, 0.0039008541, 0.003924173, 0.0039680745, 0.0040077786, 0.0040259953, 0.0040593203, 0.00408862, 0.004114221, 0.004125626, 0.0041460297, 0.004162541, 0.004169478, 0.004180042, 0.004185964, 0.004187172, 0.0041859774, 0.004180127, 0.004170218, 0.0041637784, 0.004147826, 0.0041275374, 0.0041155634, 0.004086943, 0.00405198, 0.004010053, 0.0039864075, 0.0039345403, 0.0038773569, 0.0038472735, 0.0037845378, 0.0037190793, 0.0036850048, 0.0036134731, 0.0035359806, 0.0034505571, 0.0034042809, 0.0033045143, 0.0031942246, 0.0031351566, 0.0030092918, 0.0028753777, 0.0027468654, 0.0026981449, 0.0026997412, 0.0029589846, 0.0031454654, 0, 0
0, 0, 0, 0, 0, 0, 0, 0, 0, 0, 0, 0, 0, 0, 0, 0, 0, 0, 0, 0, 0, 0, 0, 0, 0, 0, 0, 0, 0, 0, 0, 0, 0, 0, 0, 0, 0, 0, 0, 0, 0, 0, 0, 0, 0, 0, 0, 0, 0, 0, 0, 0, 0, 0, 0, 0, 0, 0, 0, 0, 0, 0, 0, 0, 0, 0, 0, 0, 0, 0, 0, 0, 0.0024095888, 0.0021071353, 0.0020268203, 0.0021082168, 0.0021717085, 0.0023073412, 0.002438575, 0.0025009003, 0.002619663, 0.0027316045, 0.0027855996, 0.0028903412, 0.0029918493, 0.0030907607, 0.0031393033, 0.003234631, 0.0033273792, 0.003372494, 0.0034599276, 0.0035429583, 0.003621339, 0.0036587846, 0.003730591, 0.0037993297, 0.003832737, 0.003898605, 0.0039631585, 0.003994896, 0.004056642, 0.004114725, 0.004167871, 0.004192083, 0.00423559, 0.00427197, 0.004287867, 0.0043154657, 0.0043387343, 0.004358782, 0.004367836, 0.0043840003, 0.0043972153, 0.0044024247, 0.0044094576, 0.0044107786, 0.004409307, 0.0044017793, 0.0043887887, 0.004371137, 0.0043606507, 0.004336541, 0.0043080645, 0.0042919125, 0.0042552655, 0.0042122346, 0.0041626426, 0.004135455, 0.0040766895, 0.0040131733, 0.0039798417, 0.003910792, 0.0038379943, 0.003799836, 0.0037193326, 0.0036320782, 0.0035371217, 0.0034867004, 0.0033801394, 0.0032662847, 0.0032067788, 0.0030823464, 0.0029516504, 0.0028243829, 0.0027736423, 0.0027662267, 0.0030951777, 0.0035092938, 0, 0
0, 0, 0, 0, 0, 0, 0, 0, 0, 0, 0, 0, 0, 0, 0, 0, 0, 0, 0, 0, 0, 0, 0, 0, 0, 0, 0, 0, 0, 0, 0, 0, 0, 0, 0, 0, 0, 0, 0, 0, 0, 0, 0, 0, 0, 0, 0, 0, 0, 0, 0, 0, 0, 0, 0, 0, 0, 0, 0, 0, 0, 0, 0, 0, 0, 0, 0, 0, 0, 0, 0, 0, 0.0029793943, 0.002250272, 0.002066288, 0.0021321224, 0.0021973655, 0.00234247, 0.002485806, 0.0025543538, 0.0026853604, 0.0028095017, 0.0028695702, 0.002986766, 0.003100685, 0.003212401, 0.003267305, 0.0033748897, 0.0034787331, 0.003528878, 0.003624823, 0.0037143514, 0.003797341, 0.003836583, 0.00391147, 0.0039828, 0.004017675, 0.0040862425, 0.004153603, 0.0041865404, 0.0042498913, 0.004308286, 0.004359543, 0.0043821298, 0.0044206902, 0.0044510765, 0.004463655, 0.0044847135, 0.0045019765, 0.0045164395, 0.0045228633, 0.00453382, 0.004541332, 0.004543304, 0.0045428355, 0.0045356657, 0.004529423, 0.0045121266, 0.0044892486, 0.0044620675, 0.004447159, 0.0044147065, 0.0043784473, 0.0043585603, 0.0043147583, 0.0042652157, 0.0042094807, 0.0041793194, 0.0041147736, 0.0040453468, 0.004008885, 0.003932761, 0.003851802, 0.0038091901, 0.0037188206, 0.003621202, 0.003515808, 0.0034603477, 0.003344293, 0.0032219926, 0.003158304, 0.003025537, 0.002885131, 0.0027427736, 0.002679331, 0.0026183436, 0.0027805574, 0.0029893385, 0, 0
0, 0, 0, 0, 0, 0, 0, 0, 0, 0, 0, 0, 0, 0, 0, 0, 0, 0, 0, 0, 0, 0, 0, 0, 0, 0, 0, 0, 0, 0, 0, 0, 0, 0, 0, 0, 0, 0, 0, 0, 0, 0, 0, 0, 0, 0, 0, 0, 0, 0, 0, 0, 0, 0, 0, 0, 0, 0, 0, 0, 0, 0, 0, 0, 0, 0, 0, 0, 0, 0, 0, 0, 0, 0.0021134894, 0.0020416155, 0.0021239982, 0.0021937955, 0.0023499373, 0.0025065176, 0.002582064, 0.0027270436, 0.0028645182, 0.0029309003, 0.0030602172, 0.0031858068, 0.003308296, 0.0033683367, 0.0034852875, 0.003597232, 0.0036508085, 0.0037525662, 0.0038466768, 0.0039330805, 0.0039736074, 0.0040504434, 0.004123033, 0.0041580787, 0.0042263363, 0.004291766, 0.004323118, 0.0043821475, 0.0044345483, 0.004478791, 0.0044976836, 0.0045290166, 0.004552878, 0.0045625665, 0.0045785583, 0.0045913113, 0.004601264, 0.0046050735, 0.0046098013, 0.004609101, 0.0046062856, 0.004595116, 0.0045763566, 0.00456424, 0.0045354804, 0.0045022587, 0.004465853, 0.0044466844, 0.0044064512, 0.0043628127, 0.004339421, 0.0042887325, 0.0042320616, 0.0041691773, 0.0041353954, 0.0040635914, 0.003986471, 0.0039461856, 0.0038620313, 0.0037727586, 0.0037259464, 0.0036271666, 0.0035210783, 0.0034072343, 0.00334748, 0.003222208, 0.0030890093, 0.0030192183, 0.002871389, 0.0027107762, 0.0025397346, 0.0024556282, 0.002325024, 0.0023404688, 0.002438059, 0, 0
0, 0, 0, 0, 0, 0, 0, 0, 0, 0, 0, 0, 0, 0, 0, 0, 0, 0, 0, 0, 0, 0, 0, 0, 0, 0, 0, 0, 0, 0, 0, 0, 0, 0, 0, 0, 0, 0, 0, 0, 0, 0, 0, 0, 0, 0, 0, 0, 0, 0, 0, 0, 0, 0, 0, 0, 0, 0, 0, 0, 0, 0, 0, 0, 0, 0, 0, 0, 0, 0, 0, 0, 0, 0.0022810644, 0.0020777157, 0.002115002, 0.0021804473, 0.002343577, 0.0025151144, 0.002598755, 0.002759214, 0.0029104722, 0.0029832032, 0.0031235719, 0.0032586218, 0.0033887522, 0.0034519727, 0.0035742838, 0.003690017, 0.0037451435, 0.003849424, 0.0039454405, 0.00403331, 0.0040745027, 0.0041522733, 0.0042245463, 0.0042589246, 0.00432442, 0.0043847533, 0.0044126804, 0.0044634184, 0.00450641, 0.0045412923, 0.0045559476, 0.004580143, 0.0045987084, 0.0046063564, 0.0046189786, 0.0046284343, 0.0046342034, 0.0046351994, 0.004632381, 0.0046221334, 0.004613862, 0.004591276, 0.004561295, 0.0045439852, 0.004505925, 0.0044647777, 0.0044216122, 0.0043992135, 0.0043526273, 0.0043024314, 0.004275532, 0.0042171925, 0.004152124, 0.004080305, 0.004041939, 0.003960827, 0.0038748337, 0.0038301668, 0.00373779, 0.003641025, 0.0035907528, 0.003485625, 0.0033736858, 0.003253958, 0.0031910455, 0.0030584584, 0.0029161244, 0.002840599, 0.0026788476, 0.0025001406, 0.0023051326, 0.0022057507, 0.0020321829, 0.0019775438, 0.00203162, 0, 0
0, 0, 0, 0, 0, 0, 0, 0, 0, 0, 0, 0, 0, 0, 0, 0, 0, 0, 0, 0, 0, 0, 0, 0, 0, 0, 0, 0, 0, 0, 0, 0, 0, 0, 0, 0, 0, 0, 0, 0, 0, 0, 0, 0, 0, 0, 0, 0, 0, 0, 0, 0, 0, 0, 0, 0, 0, 0, 0, 0, 0, 0, 0, 0, 0, 0, 0, 0, 0, 0, 0, 0, 0, 0.0025123572, 0.002084279, 0.0020889495, 0.0021579063, 0.0023388388, 0.0025301042, 0.0026227352, 0.0027986963, 0.00296243, 0.0030403016, 0.0031891807, 0.0033303297, 0.0034643987, 0.0035286907, 0.0036518567, 0.0037670098, 0.0038215101, 0.0039242003, 0.0040188194, 0.0041056615, 0.004146354, 0.004222996, 0.0042934795, 0.0043265363, 0.004387751, 0.004442059, 0.0044662193, 0.004508523, 0.004542751, 0.0045698215, 0.0045810803, 0.004599852, 0.004614638, 0.0046207146, 0.0046305014, 0.004636451, 0.0046370327, 0.004634827, 0.004624303, 0.0046051396, 0.0045923544, 0.004561268, 0.0045241346, 0.004503964, 0.0044614766, 0.004416991, 0.004370811, 0.004346861, 0.0042963587, 0.0042409007, 0.004210853, 0.0041453782, 0.0040723686, 0.0039921287, 0.0039496543, 0.003860762, 0.003767595, 0.0037196523, 0.0036213282, 0.003519133, 0.0034663286, 0.0033565145, 0.0032399604, 0.003115649, 0.0030504188, 0.0029130792, 0.0027654257, 0.0026869103, 0.0025192108, 0.0023346518, 0.002134106, 0.0020318155, 0.0018488539, 0.0017699348, 0.0018039459, 0, 0
0, 0, 0, 0, 0, 0, 0, 0, 0, 0, 0, 0, 0, 0, 0, 0, 0, 0, 0, 0, 0, 0, 0, 0, 0, 0, 0, 0, 0, 0, 0, 0, 0, 0, 0, 0, 0, 0, 0, 0, 0, 0, 0, 0, 0, 0, 0, 0, 0, 0, 0, 0, 0, 0, 0, 0, 0, 0, 0, 0, 0, 0, 0, 0, 0, 0, 0, 0, 0, 0, 0, 0, 0, 0.002049765, 0.001965691, 0.0020611447, 0.0021529733, 0.0023644376, 0.0025753991, 0.0026752695, 0.0028621266, 0.00303341, 0.0031141401, 0.0032670593, 0.0034102025, 0.003544176, 0.0036077313, 0.003728066, 0.0038391699, 0.0038913793, 0.003989327, 0.0040793614, 0.0041623004, 0.00420116, 0.0042743785, 0.004341535, 0.0043727453, 0.0044298503, 0.004479108, 0.004500624, 0.0045374185, 0.0045665684, 0.0045892335, 0.004598634, 0.0046142945, 0.004626241, 0.004630904, 0.004637239, 0.004638565, 0.004633487, 0.004628159, 0.0046114097, 0.0045866175, 0.0045716134, 0.004537388, 0.0044993074, 0.004479234, 0.004437669, 0.004394435, 0.004348825, 0.0043247333, 0.004272852, 0.004214679, 0.004182827, 0.004113191, 0.0040361537, 0.003952696, 0.0039089895, 0.0038185148, 0.0037244584, 0.0036761474, 0.0035768945, 0.003473079, 0.0034190689, 0.0033063286, 0.0031862543, 0.0030584252, 0.0029916037, 0.0028518161, 0.0027031512, 0.0026251622, 0.0024606383, 0.0022836954, 0.002097176, 0.0020046206, 0.0018459127, 0.0017945857, 0.0018395114, 0, 0
0, 0, 0, 0, 0, 0, 0, 0, 0, 0, 0, 0, 0, 0, 0, 0, 0, 0, 0, 0, 0, 0, 0, 0, 0, 0, 0, 0, 0, 0, 0, 0, 0, 0, 0, 0, 0, 0, 0, 0, 0, 0, 0, 0, 0, 0, 0, 0, 0, 0, 0, 0, 0, 0, 0, 0, 0, 0, 0, 0, 0, 0, 0, 0, 0, 0, 0, 0, 0, 0, 0, 0, 0, 0.0021244485, 0.0020275693, 0.0021343194, 0.0022329101, 0.0024550648, 0.0026716397, 0.0027728837, 0.0029606724, 0.003131739, 0.0032120165, 0.003363625, 0.0035045727, 0.0036353995, 0.0036970377, 0.0038126633, 0.0039183116, 0.0039676265, 0.0040596216, 0.0041438085, 0.004221211, 0.0042576957, 0.004326367, 0.004389486, 0.0044188406, 0.004472667, 0.004519181, 0.00453959, 0.00457479, 0.00460303, 0.0046250066, 0.004633948, 0.004648391, 0.0046583307, 0.004661589, 0.0046644537, 0.004661805, 0.0046527223, 0.004645718, 0.0046267007, 0.00460171, 0.004587411, 0.004556155, 0.0045223227, 0.0045046266, 0.004467721, 0.004428415, 0.0043854443, 0.004362149, 0.004311161, 0.0042533483, 0.004221775, 0.0041536475, 0.004079738, 0.004001193, 0.003960567, 0.0038769746, 0.0037900659, 0.0037450136, 0.0036509978, 0.0035506627, 0.003497629, 0.0033854924, 0.0032651115, 0.003136788, 0.0030698986, 0.0029308354, 0.0027850405, 0.0027095787, 0.0025533915, 0.0023902757, 0.0022246104, 0.002145887, 0.0020279677, 0.002075816, 0.002248448, 0.00313674, 0
0, 0, 0, 0, 0, 0, 0, 0, 0, 0, 0, 0, 0, 0, 0, 0, 0, 0, 0, 0, 0, 0, 0, 0, 0, 0, 0, 0, 0, 0, 0, 0, 0, 0, 0, 0, 0, 0, 0, 0, 0, 0, 0, 0, 0, 0, 0, 0, 0, 0, 0, 0, 0, 0, 0, 0, 0, 0, 0, 0, 0, 0, 0, 0, 0, 0, 0, 0, 0, 0, 0, 0, 0, 0.0024050458, 0.0022545485, 0.0023215765, 0.0024077871, 0.0026130492, 0.0028178121, 0.0029140941, 0.003093346, 0.0032573892, 0.0033346023, 0.0034808004, 0.0036169386, 0.003743091, 0.0038025638, 0.003913896, 0.0040153796, 0.0040625646, 0.0041503273, 0.004230323, 0.004303641, 0.00433814, 0.0044031455, 0.0044632144, 0.0044913124, 0.004543339, 0.004589489, 0.004610157, 0.004646705, 0.0046768496, 0.004700647, 0.004710259, 0.0047254534, 0.0047351937, 0.0047381055, 0.0047400207, 0.0047368472, 0.004728548, 0.004722651, 0.004707555, 0.0046886005, 0.004677817, 0.0046543865, 0.0046282816, 0.004614169, 0.004583539, 0.0045487965, 0.0045092995, 0.0044875327, 0.0044397367, 0.0043862564, 0.004357696, 0.0042971964, 0.00423328, 0.004166758, 0.004132589, 0.0040620454, 0.0039873724, 0.003947979, 0.0038639444, 0.0037719219, 0.0037224381, 0.0036163675, 0.003501383, 0.0033780723, 0.0033136054, 0.0031796333, 0.0030395712, 0.0029673972, 0.0028187362, 0.0026646694, 0.0025076487, 0.002431298, 0.0023058648, 0.0022957055, 0.0023833688, 0.0027527506, 0
0, 0, 0, 0, 0, 0, 0, 0, 0, 0, 0, 0, 0, 0, 0, 0, 0, 0, 0, 0, 0, 0, 0, 0, 0, 0, 0, 0, 0, 0, 0, 0, 0, 0, 0, 0, 0, 0, 0, 0, 0, 0, 0, 0, 0, 0, 0, 0, 0, 0, 0, 0, 0, 0, 0, 0, 0, 0, 0, 0, 0, 0, 0, 0, 0, 0, 0, 0, 0, 0, 0, 0, 0, 0.0028157914, 0.0025767924, 0.0025655113, 0.0026258633, 0.0027981005, 0.0029841997, 0.0030740001, 0.0032434468, 0.003399929, 0.0034740362, 0.0036145675, 0.0037461133, 0.0038689363, 0.003927091, 0.0040367236, 0.004137481, 0.00418457, 0.004272333, 0.0043522073, 0.0044253953, 0.0044596624, 0.004524307, 0.004583952, 0.0046119518, 0.0046645394, 0.0047123414, 0.0047342717, 0.0047740294, 0.004807907, 0.004835533, 0.004847033, 0.0048657735, 0.004878798, 0.004883462, 0.0048894403, 0.0048915776, 0.0048905495, 0.0048889467, 0.0048838495, 0.0048760846, 0.0048710727, 0.004858522, 0.0048419656, 0.004831972, 0.0048082336, 0.0047790436, 0.0047446494, 0.004725642, 0.0046844655, 0.0046399334, 0.0046167127, 0.0045686024, 0.0045186873, 0.0044666044, 0.004439536, 0.004382316, 0.0043198187, 0.0042860894, 0.0042130635, 0.004131679, 0.0040876376, 0.003992768, 0.003889024, 0.0037766132, 0.0037173105, 0.0035924094, 0.0034592492, 0.0033895192, 0.003243673, 0.003088133, 0.0029221214, 0.002836696, 0.0026756008, 0.0025876847, 0.0026109847, 0.0028136636, 0
0, 0, 0, 0, 0, 0, 0, 0, 0, 0, 0, 0, 0, 0, 0, 0, 0, 0, 0, 0, 0, 0, 0, 0, 0, 0, 0, 0, 0, 0, 0, 0, 0, 0, 0, 0, 0, 0, 0, 0, 0, 0, 0, 0, 0, 0, 0, 0, 0, 0, 0, 0, 0, 0, 0, 0, 0, 0, 0, 0, 0, 0, 0, 0, 0, 0, 0, 0, 0, 0, 0, 0, 0, 0.0033827769, 0.002917238, 0.00276966, 0.0027992828, 0.0029463682, 0.0031268732, 0.0032161053, 0.0033854682, 0.003541686, 0.0036154308, 0.0037553112, 0.0038864303, 0.0040099057, 0.004068859, 0.0041813273, 0.0042861663, 0.0043356647, 0.0044287494, 0.004513995, 0.0045922566, 0.0046289144, 0.00469767, 0.0047610058, 0.004790811, 0.004847168, 0.0048992047, 0.004923549, 0.0049686637, 0.0050083506, 0.0050424784, 0.005057367, 0.005083174, 0.00510401, 0.0051128943, 0.0051282262, 0.0051411297, 0.0051522353, 0.0051572146, 0.005165889, 0.005171916, 0.0051736045, 0.005173412, 0.005167432, 0.005162135, 0.0051467596, 0.0051256455, 0.0051000053, 0.005085982, 0.005056056, 0.005024597, 0.0050083552, 0.004974824, 0.0049390644, 0.0048993966, 0.0048776558, 0.004829563, 0.0047748988, 0.004744974, 0.004680099, 0.0046085366, 0.0045701745, 0.004488025, 0.0043980335, 0.004299145, 0.004245898, 0.004131014, 0.004003405, 0.003934301, 0.0037845257, 0.003617353, 0.0034310867, 0.0033318952, 0.0031395804, 0.0030430064, 0.0031094903, 0.0038157206, 0
0, 0, 0, 0, 0, 0, 0, 0, 0, 0, 0, 0, 0, 0, 0, 0, 0, 0, 0, 0, 0, 0, 0, 0, 0, 0, 0, 0, 0, 0, 0, 0, 0, 0, 0, 0, 0, 0, 0, 0, 0, 0, 0, 0, 0, 0, 0, 0, 0, 0, 0, 0, 0, 0, 0, 0, 0, 0, 0, 0, 0, 0, 0, 0, 0, 0, 0, 0, 0, 0, 0, 0, 0, 0.004132166, 0.0030746204, 0.002820778, 0.0028488962, 0.0030155303, 0.0032181125, 0.003316521, 0.00350029, 0.003667152, 0.003745286, 0.003892796, 0.0040309927, 0.00416157, 0.004224444, 0.0043453034, 0.004459503, 0.004513966, 0.0046172836, 0.004713056, 0.0048013893, 0.0048429137, 0.0049208165, 0.0049926774, 0.0050266203, 0.0050908695, 0.005150821, 0.0051792176, 0.005232685, 0.0052813836, 0.0053251255, 0.0053451117, 0.0053814403, 0.005413785, 0.005428692, 0.0054566227, 0.0054828343, 0.005507801, 0.005519825, 0.005542397, 0.0055619148, 0.005569966, 0.0055817543, 0.005586972, 0.0055870726, 0.0055827238, 0.0055733765, 0.005560619, 0.0055535953, 0.00553858, 0.0055223987, 0.0055136606, 0.0054939087, 0.0054694, 0.005438068, 0.0054193805, 0.005375695, 0.0053241462, 0.0052958233, 0.0052350867, 0.005169785, 0.005135385, 0.0050626555, 0.0049833087, 0.0048946408, 0.004845781, 0.004736669, 0.004609695, 0.0045385556, 0.0043789195, 0.0041936347, 0.0039802617, 0.0038635563, 0.0036240479, 0.0034443676, 0.0034325228, 0.0037238095, 0
0, 0, 0, 0, 0, 0, 0, 0, 0, 0, 0, 0, 0, 0, 0, 0, 0, 0, 0, 0, 0, 0, 0, 0, 0, 0, 0, 0, 0, 0, 0, 0, 0, 0, 0, 0, 0, 0, 0, 0, 0, 0, 0, 0, 0, 0, 0, 0, 0, 0, 0, 0, 0, 0, 0, 0, 0, 0, 0, 0, 0, 0, 0, 0, 0, 0, 0, 0, 0, 0, 0, 0, 0, 0, 0.0027400446, 0.002731697, 0.0028087448, 0.0030312897, 0.0032676253, 0.003379207, 0.0035852902, 0.0037714026, 0.0038584603, 0.004022803, 0.0041767415, 0.0043223654, 0.004392554, 0.004527712, 0.004656013, 0.0047174287, 0.0048348755, 0.004944661, 0.0050469274, 0.005095258, 0.005186554, 0.0052713365, 0.005311531, 0.005387967, 0.0054598027, 0.005494107, 0.00555939, 0.0056201373, 0.005676445, 0.00570282, 0.0057523153, 0.0057980684, 0.005819628, 0.005860801, 0.0058998647, 0.005937218, 0.0059551736, 0.0059890924, 0.0060194656, 0.006032784, 0.0060552037, 0.0060716295, 0.0060776523, 0.0060858945, 0.0060902038, 0.0060920166, 0.006092318, 0.006091755, 0.0060887476, 0.006085896, 0.0060761045, 0.006058759, 0.00603205, 0.0060148276, 0.005972996, 0.00592227, 0.0058942377, 0.0058343257, 0.0057704304, 0.005737072, 0.005666757, 0.0055896537, 0.005502106, 0.005453002, 0.005341149, 0.005207401, 0.005131226, 0.004957795, 0.004753657, 0.0045151254, 0.0043827784, 0.0041008685, 0.0038460167, 0.0037711095, 0.003852324, 0
0, 0, 0, 0, 0, 0, 0, 0, 0, 0, 0, 0, 0, 0, 0, 0, 0, 0, 0, 0, 0, 0, 0, 0, 0, 0, 0, 0, 0, 0, 0, 0, 0, 0, 0, 0, 0, 0, 0, 0, 0, 0, 0, 0, 0, 0, 0, 0, 0, 0, 0, 0, 0, 0, 0, 0, 0, 0, 0, 0, 0, 0, 0, 0, 0, 0, 0, 0, 0, 0, 0, 0, 0, 0, 0.0028323918, 0.0027737536, 0.0028382605, 0.003054936, 0.0033021949, 0.0034226056, 0.0036503198, 0.0038605502, 0.00395991, 0.004148863, 0.0043263044, 0.0044939993, 0.0045744143, 0.0047288286, 0.0048748488, 0.0049447585, 0.0050785327, 0.0052044136, 0.0053227986, 0.005379179, 0.0054865633, 0.005587245, 0.005635221, 0.0057269977, 0.00581363, 0.005855151, 0.0059346785, 0.0060095517, 0.006080061, 0.006113562, 0.00617716, 0.006236477, 0.006264598, 0.006318074, 0.006368124, 0.00641515, 0.006437433, 0.0064794184, 0.0065173954, 0.0065347105, 0.006565803, 0.006592024, 0.006603446, 0.0066230153, 0.006638761, 0.0066513787, 0.006656486, 0.0066640927, 0.0066673146, 0.0066667357, 0.006660086, 0.0066446387, 0.006619064, 0.006602259, 0.0065609002, 0.0065102014, 0.006481775, 0.006419953, 0.0063523497, 0.006316389, 0.006239347, 0.00615347, 0.0060550324, 0.005999749, 0.005874266, 0.0057258736, 0.005641912, 0.005452546, 0.005231561, 0.0049754386, 0.004834266, 0.0045366944, 0.004283208, 0.0042353515, 0.0046046795, 0.006237532
0, 0, 0, 0, 0, 0, 0, 0, 0, 0, 0, 0, 0, 0, 0, 0, 0, 0, 0, 0, 0, 0, 0, 0, 0, 0, 0, 0, 0, 0, 0, 0, 0, 0, 0, 0, 0, 0, 0, 0, 0, 0, 0, 0, 0, 0, 0, 0, 0, 0, 0, 0, 0, 0, 0, 0, 0, 0, 0, 0, 0, 0, 0, 0, 0, 0, 0, 0, 0, 0, 0, 0, 0, 0, 0.0032135772, 0.002918696, 0.0029191726, 0.0030828363, 0.0033283462, 0.0034567222, 0.003708103, 0.0039466484, 0.0040606735, 0.00427875, 0.0044840784, 0.004677516, 0.004769882, 0.0049461466, 0.0051118587, 0.005191014, 0.0053425096, 0.0054856082, 0.005621017, 0.0056859762, 0.005810617, 0.0059284186, 0.0059849406, 0.006093401, 0.006196053, 0.006245249, 0.0063396175, 0.0064290115, 0.006513698, 0.006554259, 0.0066315834, 0.006703772, 0.006737844, 0.0068021873, 0.0068614394, 0.00691588, 0.0069413725, 0.0069889305, 0.007032091, 0.00705211, 0.0070891045, 0.007121887, 0.0071366164, 0.007162422, 0.007182871, 0.0071978164, 0.00720311, 0.007209091, 0.007208494, 0.0072054784, 0.0071934666, 0.00717303, 0.007143474, 0.007125108, 0.007081087, 0.007027304, 0.0069967126, 0.00692851, 0.0068508987, 0.00680838, 0.006715356, 0.0066099665, 0.006489494, 0.0064226836, 0.006274175, 0.0061035804, 0.0060091363, 0.005800055, 0.005560553, 0.005286362, 0.005135731, 0.004816557, 0.004526425, 0.004440805, 0.0045824563, 0.005245225
0, 0, 0, 0, 0, 0, 0, 0, 0, 0, 0, 0, 0, 0, 0, 0, 0, 0, 0, 0, 0, 0, 0, 0, 0, 0, 0, 0, 0, 0, 0, 0, 0, 0, 0, 0, 0, 0, 0, 0, 0, 0, 0, 0, 0, 0, 0, 0, 0, 0, 0, 0, 0, 0, 0, 0, 0, 0, 0, 0, 0, 0, 0, 0, 0, 0, 0, 0, 0, 0, 0, 0, 0, 0, 0.0035558005, 0.002947488, 0.0029119998, 0.0030731605, 0.0033453766, 0.0034898955, 0.0037740986, 0.0040438944, 0.004172931, 0.0044195, 0.004651418, 0.0048693437, 0.004973225, 0.005170973, 0.005356444, 0.0054449355, 0.0056145, 0.0057751485, 0.005927895, 0.0060015493, 0.006143562, 0.0062786294, 0.006343646, 0.0064686197, 0.006586751, 0.0066434317, 0.0067520053, 0.006854805, 0.006952277, 0.0069990586, 0.007088486, 0.007171943, 0.0072112395, 0.0072849616, 0.007351995, 0.0074125486, 0.007440474, 0.0074920086, 0.007538184, 0.007559472, 0.007598692, 0.0076328064, 0.0076476135, 0.0076720677, 0.0076886937, 0.0076967063, 0.007697488, 0.0076925205, 0.0076790494, 0.007669265, 0.007643845, 0.007610705, 0.0075697303, 0.007546022, 0.007491763, 0.007427032, 0.007390472, 0.007308049, 0.0072123506, 0.0071593067, 0.0070421426, 0.006909249, 0.006759426, 0.0066777472, 0.006499865, 0.0063011358, 0.0061932043, 0.005958156, 0.005692966, 0.00539123, 0.0052250093, 0.0048650024, 0.0045022736, 0.004353334, 0.004259957, 0.0045646457
0, 0, 0, 0, 0, 0, 0, 0, 0, 0, 0, 0, 0, 0, 0, 0, 0, 0, 0, 0, 0, 0, 0, 0, 0, 0, 0, 0, 0, 0, 0, 0, 0, 0, 0, 0, 0, 0, 0, 0, 0, 0, 0, 0, 0, 0, 0, 0, 0, 0, 0, 0, 0, 0, 0, 0, 0, 0, 0, 0, 0, 0, 0, 0, 0, 0, 0, 0, 0, 0, 0, 0, 0, 0, 0.0028212676, 0.0027343305, 0.0027933735, 0.0030543567, 0.0033838884, 0.003549788, 0.0038679168, 0.0041643125, 0.004304868, 0.0045724427, 0.0048238207, 0.0050605545, 0.0051735723, 0.005389387, 0.0055924454, 0.005689658, 0.005876427, 0.006054192, 0.0062239314, 0.0063060103, 0.0064647547, 0.0066162003, 0.006689135, 0.006829477, 0.0069620186, 0.007025393, 0.00714658, 0.0072609237, 0.007369023, 0.0074207867, 0.007519637, 0.0076117627, 0.0076550334, 0.0077359695, 0.0078090923, 0.007874238, 0.0079038935, 0.007957505, 0.008004056, 0.008024827, 0.008061312, 0.008090483, 0.008101934, 0.008117909, 0.008123744, 0.008118774, 0.008112239, 0.008091274, 0.008060337, 0.00804142, 0.007997195, 0.007944802, 0.00788407, 0.007850316, 0.00777522, 0.0076887584, 0.0076406924, 0.0075338404, 0.0074115936, 0.0073443763, 0.007197327, 0.007033097, 0.006851221, 0.0067534996, 0.0065437383, 0.006313582, 0.006189976, 0.0059234356, 0.0056261388, 0.005291117, 0.005107367, 0.00470821, 0.0042935554, 0.0041089104, 0.00391381, 0.004105632
0, 0, 0, 0, 0, 0, 0, 0, 0, 0, 0, 0, 0, 0, 0, 0, 0, 0, 0, 0, 0, 0, 0, 0, 0, 0, 0, 0, 0, 0, 0, 0, 0, 0, 0, 0, 0, 0, 0, 0, 0, 0, 0, 0, 0, 0, 0, 0, 0, 0, 0, 0, 0, 0, 0, 0, 0, 0, 0, 0, 0, 0, 0, 0, 0, 0, 0, 0, 0, 0, 0, 0, 0, 0, 0.0028428547, 0.0027581854, 0.002834014, 0.003131253, 0.003489688, 0.0036664, 0.0040004603, 0.004307875, 0.004453089, 0.004729653, 0.004990709, 0.0052383956, 0.0053574294, 0.005586282, 0.0058036377, 0.0059083444, 0.006110386, 0.006303527, 0.0064886347, 0.0065782447, 0.0067517753, 0.006917716, 0.006997758, 0.0071516572, 0.0072970404, 0.007366376, 0.0074985065, 0.0076223924, 0.0077386196, 0.0077938978, 0.0078988895, 0.007996148, 0.008041782, 0.008126642, 0.008202902, 0.008269975, 0.008299899, 0.0083525395, 0.008395653, 0.008413593, 0.00844215, 0.00846078, 0.008466194, 0.008468929, 0.008460454, 0.008440494, 0.008426213, 0.008389177, 0.008340918, 0.008312679, 0.008248085, 0.00817291, 0.008086629, 0.0080390815, 0.007934634, 0.007816979, 0.0077528935, 0.007613636, 0.0074589727, 0.007375669, 0.0071966527, 0.007000896, 0.006788105, 0.0066749873, 0.006434424, 0.006172961, 0.006033547, 0.0057352055, 0.00540716, 0.0050443574, 0.004848534, 0.0044307006, 0.0040043923, 0.0038151615, 0.0036050624, 0.0037679756
0, 0, 0, 0, 0, 0, 0, 0, 0, 0, 0, 0, 0, 0, 0, 0, 0, 0, 0, 0, 0, 0, 0, 0, 0, 0, 0, 0, 0, 0, 0, 0, 0, 0, 0, 0, 0, 0, 0, 0, 0, 0, 0, 0, 0, 0, 0, 0, 0, 0, 0, 0, 0, 0, 0, 0, 0, 0, 0, 0, 0, 0, 0, 0, 0, 0, 0, 0, 0, 0, 0, 0, 0, 0, 0.003151378, 0.0030038566, 0.003053353, 0.0033177694, 0.0036585443, 0.0038291242, 0.0041538305, 0.0044552013, 0.004598526, 0.004873752, 0.005136776, 0.0053894874, 0.005512171, 0.0057501933, 0.005978712, 0.006089417, 0.0063039027, 0.0065096775, 0.0067070755, 0.0068027247, 0.006987939, 0.007165466, 0.0072513125, 0.0074166446, 0.0075730174, 0.0076475684, 0.007789297, 0.007921022, 0.008043083, 0.00810046, 0.008208254, 0.008306798, 0.008352683, 0.008437475, 0.008512805, 0.008577754, 0.008606056, 0.008653873, 0.008689542, 0.008702659, 0.008719594, 0.008724327, 0.008722244, 0.008709598, 0.008686011, 0.008651673, 0.008630403, 0.008579206, 0.00851564, 0.008478978, 0.008395326, 0.008297372, 0.008184398, 0.008122078, 0.00798579, 0.007834376, 0.0077532786, 0.007580411, 0.0073933825, 0.0072945836, 0.0070857885, 0.0068616667, 0.00662116, 0.006494275, 0.006226164, 0.0059372867, 0.005784454, 0.0054607643, 0.0051114815, 0.0047347657, 0.0045359656, 0.004121974, 0.003713054, 0.0035359957, 0.003346209, 0.003506489
0, 0, 0, 0, 0, 0, 0, 0, 0, 0, 0, 0, 0, 0, 0, 0, 0, 0, 0, 0, 0, 0, 0, 0, 0, 0, 0, 0, 0, 0, 0, 0, 0, 0, 0, 0, 0, 0, 0, 0, 0, 0, 0, 0, 0, 0, 0, 0, 0, 0, 0, 0, 0, 0, 0, 0, 0, 0, 0, 0, 0, 0, 0, 0, 0, 0, 0, 0, 0, 0, 0, 0, 0, 0, 0.0036188867, 0.003360113, 0.003352321, 0.0035328984, 0.0038242566, 0.0039786263, 0.0042817714, 0.004570976, 0.004710769, 0.0049826163, 0.0052462905, 0.0055029336, 0.005628675, 0.005874702, 0.00611262, 0.0062283264, 0.0064528435, 0.0066679907, 0.0068739746, 0.0069737067, 0.007167025, 0.0073527107, 0.007442775, 0.007617028, 0.00778243, 0.00786142, 0.008011219, 0.00814933, 0.0082751755, 0.008333539, 0.008441276, 0.008537818, 0.008582146, 0.008663127, 0.008733771, 0.00879334, 0.008818488, 0.008858917, 0.0088852495, 0.008892987, 0.008897559, 0.008888041, 0.008878409, 0.008850473, 0.00881209, 0.008763876, 0.008735867, 0.008671224, 0.008593529, 0.008549168, 0.008448332, 0.008330137, 0.0081936745, 0.008118594, 0.007955294, 0.007776008, 0.007680984, 0.007480976, 0.007268203, 0.0071569486, 0.006924215, 0.006676858, 0.006413201, 0.006274817, 0.0059840325, 0.0056741703, 0.005511979, 0.005173191, 0.0048154653, 0.004439392, 0.0042449753, 0.003848561, 0.0034680525, 0.003307205, 0.0031444528, 0.003308642
0, 0, 0, 0, 0, 0, 0, 0, 0, 0, 0, 0, 0, 0, 0, 0, 0, 0, 0, 0, 0, 0, 0, 0, 0, 0, 0, 0, 0, 0, 0, 0, 0, 0, 0, 0, 0, 0, 0, 0, 0, 0, 0, 0, 0, 0, 0, 0, 0, 0, 0, 0, 0, 0, 0, 0, 0, 0, 0, 0, 0, 0, 0, 0, 0, 0, 0, 0, 0, 0, 0, 0, 0, 0, 0.0042649982, 0.0037112818, 0.003591432, 0.0036511405, 0.0038966252, 0.0040407567, 0.004335067, 0.004623175, 0.0047639585, 0.0050396128, 0.005308987, 0.005572918, 0.0057028243, 0.0059578633, 0.006205007, 0.0063251546, 0.0065578576, 0.0067798276, 0.0069914395, 0.0070936703, 0.007291938, 0.007482812, 0.007575644, 0.0077559655, 0.007927885, 0.008010133, 0.008165792, 0.008308301, 0.008436243, 0.008494669, 0.008600664, 0.008693414, 0.008735335, 0.00881098, 0.008875845, 0.008929319, 0.008951361, 0.00898504, 0.00900377, 0.009007224, 0.00900207, 0.008981377, 0.008965621, 0.008924742, 0.008872839, 0.00881079, 0.008775817, 0.008697145, 0.008605, 0.0085531, 0.008436512, 0.008301577, 0.008147758, 0.0080638705, 0.007883186, 0.0076870797, 0.0075838626, 0.0073678703, 0.0071392455, 0.0070199957, 0.006771028, 0.0065067555, 0.0062257554, 0.006078789, 0.00577203, 0.0054490017, 0.00528197, 0.0049379957, 0.0045819893, 0.004214609, 0.004027096, 0.0036494199, 0.0032920686, 0.0031431192, 0.0029991085, 0.0031659352
0, 0, 0, 0, 0, 0, 0, 0, 0, 0, 0, 0, 0, 0, 0, 0, 0, 0, 0, 0, 0, 0, 0, 0, 0, 0, 0, 0, 0, 0, 0, 0, 0, 0, 0, 0, 0, 0, 0, 0, 0, 0, 0, 0, 0, 0, 0, 0, 0, 0, 0, 0, 0, 0, 0, 0, 0, 0, 0, 0, 0, 0, 0, 0, 0, 0, 0, 0, 0, 0, 0, 0, 0, 0, 0.005129433, 0.00378534, 0.003555405, 0.0035669715, 0.0038263956, 0.003981577, 0.0042973375, 0.0046039904, 0.0047528315, 0.005042888, 0.0053249127, 0.0056004575, 0.0057358504, 0.0060010343, 0.0062572644, 0.006381425, 0.006620861, 0.006848274, 0.007064054, 0.007168078, 0.0073696068, 0.007563699, 0.0076581817, 0.007841786, 0.008017172, 0.008101047, 0.008259646, 0.008404071, 0.008532487, 0.008590517, 0.008694596, 0.008784165, 0.0088242125, 0.008895891, 0.008956793, 0.00900663, 0.009027002, 0.009057454, 0.009072737, 0.0090742735, 0.009064598, 0.009038163, 0.009019056, 0.008970108, 0.00890834, 0.008834911, 0.0087938085, 0.0087021105, 0.008596442, 0.0085377805, 0.008408126, 0.008261179, 0.008097258, 0.008009096, 0.007821473, 0.0076201204, 0.007514517, 0.0072936085, 0.007059087, 0.006936283, 0.006679015, 0.0064051114, 0.006114243, 0.0059626186, 0.005648072, 0.005320756, 0.0051531685, 0.0048114886, 0.0044618417, 0.0041033123, 0.0039205747, 0.0035515418, 0.0031998768, 0.0030522104, 0.002907564, 0.0030704348
0, 0, 0, 0, 0, 0, 0, 0, 0, 0, 0, 0, 0, 0, 0, 0, 0, 0, 0, 0, 0, 0, 0, 0, 0, 0, 0, 0, 0, 0, 0, 0, 0, 0, 0, 0, 0, 0, 0, 0, 0, 0, 0, 0, 0, 0, 0, 0, 0, 0, 0, 0, 0, 0, 0, 0, 0, 0, 0, 0, 0, 0, 0, 0, 0, 0, 0, 0, 0, 0, 0, 0, 0, 0, 0, 0.0031478698, 0.0031332986, 0.003327502, 0.0036657497, 0.003847017, 0.0042022364, 0.004537758, 0.0046983194, 0.0050081015, 0.005305926, 0.00559422, 0.005735045, 0.006009463, 0.00627323, 0.006400563, 0.006645585, 0.0068776305, 0.00709762, 0.007203535, 0.0074082618, 0.007604883, 0.0077003613, 0.007885327, 0.0080613075, 0.008145346, 0.008303918, 0.008447918, 0.008575868, 0.0086335875, 0.008737037, 0.008826051, 0.008865721, 0.008936675, 0.0089970445, 0.009046593, 0.009066961, 0.009097896, 0.009114028, 0.009116136, 0.009107535, 0.009081726, 0.009062654, 0.009012758, 0.008948293, 0.0088701155, 0.008825877, 0.008727092, 0.008613705, 0.0085513145, 0.0084151225, 0.008263669, 0.008097681, 0.008009539, 0.007823799, 0.007625818, 0.0075221388, 0.0073045855, 0.0070721335, 0.006949851, 0.0066924593, 0.006417704, 0.0061264127, 0.0059750965, 0.00566283, 0.0053402316, 0.00517597, 0.004842092, 0.004500237, 0.0041473513, 0.0039657056, 0.0035928593, 0.003227049, 0.0030679225, 0.0028955778, 0.0030409175
0, 0, 0, 0, 0, 0, 0, 0, 0, 0, 0, 0, 0, 0, 0, 0, 0, 0, 0, 0, 0, 0, 0, 0, 0, 0, 0, 0, 0, 0, 0, 0, 0, 0, 0, 0, 0, 0, 0, 0, 0, 0, 0, 0, 0, 0, 0, 0, 0, 0, 0, 0, 0, 0, 0, 0, 0, 0, 0, 0, 0, 0, 0, 0, 0, 0, 0, 0, 0, 0, 0, 0, 0, 0, 0, 0.0029262654, 0.0029285434, 0.003161985, 0.0035338416, 0.0037297648, 0.0041105235, 0.004467362, 0.0046372134, 0.004962847, 0.0052731666, 0.0055708704, 0.0057153497, 0.005995506, 0.0062635047, 0.0063927504, 0.0066415966, 0.006877927, 0.0071024294, 0.0072105494, 0.0074192183, 0.007618555, 0.007714825, 0.007900229, 0.008075299, 0.008158546, 0.008315355, 0.008458152, 0.008585968, 0.008644174, 0.008749508, 0.008841143, 0.00888233, 0.008956007, 0.009018779, 0.009070572, 0.009092084, 0.009125575, 0.0091451015, 0.009149245, 0.009145801, 0.009126268, 0.009110538, 0.009067448, 0.009009255, 0.008936193, 0.008894033, 0.008798699, 0.008688434, 0.008627815, 0.008495754, 0.00834984, 0.008190728, 0.008106612, 0.007929564, 0.0077407407, 0.0076416354, 0.0074329944, 0.0072091753, 0.007091142, 0.0068425075, 0.0065773036, 0.0062967762, 0.006151397, 0.0058520236, 0.005542958, 0.005385333, 0.0050637866, 0.0047315867, 0.004384044, 0.0042028413, 0.0038247467, 0.0034423529, 0.0032694903, 0.0030593225, 0.0031728575
0, 0, 0, 0, 0, 0, 0, 0, 0, 0, 0, 0, 0, 0, 0, 0, 0, 0, 0, 0, 0, 0, 0, 0, 0, 0, 0, 0, 0, 0, 0, 0, 0, 0, 0, 0, 0, 0, 0, 0, 0, 0, 0, 0, 0, 0, 0, 0, 0, 0, 0, 0, 0, 0, 0, 0, 0, 0, 0, 0, 0, 0, 0, 0, 0, 0, 0, 0, 0, 0, 0, 0, 0, 0, 0, 0.0029470094, 0.0029275378, 0.0031298692, 0.0034892005, 0.0036836278, 0.0040668445, 0.0044297036, 0.004603025, 0.004935311, 0.0052508763, 0.0055519287, 0.005697311, 0.0059783454, 0.0062467307, 0.0063763843, 0.006627044, 0.0068665994, 0.0070952885, 0.007205636, 0.0074184444, 0.007620726, 0.0077177994, 0.007903531, 0.008077641, 0.008160078, 0.0083155725, 0.008458138, 0.008587537, 0.008647422, 0.008757553, 0.008855202, 0.008899499, 0.008979048, 0.009046829, 0.009102709, 0.009126095, 0.009163507, 0.009187942, 0.009195174, 0.009199338, 0.009189796, 0.009179822, 0.009149511, 0.009105139, 0.009046436, 0.009011563, 0.008930752, 0.008835525, 0.008782602, 0.008666255, 0.008536185, 0.008392811, 0.008316289, 0.008153726, 0.007978538, 0.007886071, 0.0076907706, 0.0074812258, 0.0073709823, 0.0071395347, 0.0068937833, 0.006634288, 0.0064997766, 0.0062218597, 0.005932842, 0.005784268, 0.0054781865, 0.0051579345, 0.00481938, 0.0046420423, 0.0042723482, 0.0039031426, 0.0037416017, 0.0035741741, 0.0037427596
0, 0, 0, 0, 0, 0, 0, 0, 0, 0, 0, 0, 0, 0, 0, 0, 0, 0, 0, 0, 0, 0, 0, 0, 0, 0, 0, 0, 0, 0, 0, 0, 0, 0, 0, 0, 0, 0, 0, 0, 0, 0, 0, 0, 0, 0, 0, 0, 0, 0, 0, 0, 0, 0, 0, 0, 0, 0, 0, 0, 0, 0, 0, 0, 0, 0, 0, 0, 0, 0, 0, 0, 0, 0, 0, 0.0030409938, 0.0030079796, 0.0031823937, 0.0035208436, 0.0037080003, 0.0040817726, 0.004439878, 0.0046118586, 0.004942367, 0.0052563897, 0.0055552977, 0.0056993295, 0.0059775105, 0.0062435484, 0.0063724807, 0.006623053, 0.0068641477, 0.0070957122, 0.007207752, 0.0074238144, 0.007628541, 0.0077264626, 0.007913138, 0.0080874385, 0.008169957, 0.008326115, 0.0084708175, 0.008604711, 0.00866772, 0.008785634, 0.008892314, 0.008941189, 0.009029589, 0.00910531, 0.009168084, 0.009194718, 0.009238739, 0.00927062, 0.009282177, 0.009296568, 0.009299485, 0.009296634, 0.009282139, 0.009255425, 0.009215931, 0.009191263, 0.009131706, 0.009058831, 0.009017367, 0.008924308, 0.008817283, 0.008695948, 0.008629839, 0.008486817, 0.008329524, 0.008245669, 0.008068024, 0.007877363, 0.0077774124, 0.007568501, 0.0073476066, 0.0071141794, 0.006992593, 0.0067389617, 0.006471023, 0.0063313493, 0.0060395077, 0.005729601, 0.005399626, 0.0052271425, 0.0048727295, 0.0045400104, 0.004417545, 0.0044621723, 0.005517324
0, 0, 0, 0, 0, 0, 0, 0, 0, 0, 0, 0, 0, 0, 0, 0, 0, 0, 0, 0, 0, 0, 0, 0, 0, 0, 0, 0, 0, 0, 0, 0, 0, 0, 0, 0, 0, 0, 0, 0, 0, 0, 0, 0, 0, 0, 0, 0, 0, 0, 0, 0, 0, 0, 0, 0, 0, 0, 0, 0, 0, 0, 0, 0, 0, 0, 0, 0, 0, 0, 0, 0, 0, 0, 0, 0.0031427809, 0.0031046916, 0.0032679741, 0.0035949787, 0.0037767447, 0.004140791, 0.0044909315, 0.004659513, 0.0049840845, 0.0052929195, 0.005586997, 0.0057289125, 0.006003322, 0.00626653, 0.0063945088, 0.006643989, 0.0068853116, 0.0071181823, 0.0072311275, 0.0074491724, 0.0076559368, 0.0077548614, 0.007943564, 0.008120199, 0.008204139, 0.008364037, 0.008514326, 0.008655883, 0.0087234145, 0.008851523, 0.0089695295, 0.009024229, 0.009124276, 0.009211327, 0.009285172, 0.009317274, 0.009372556, 0.00941656, 0.009434566, 0.009462802, 0.009480774, 0.00948588, 0.009488084, 0.0094792275, 0.009458819, 0.009444224, 0.009406067, 0.0093560135, 0.009326384, 0.0092575, 0.009175022, 0.009077836, 0.009023537, 0.00890318, 0.008767459, 0.008694056, 0.008537132, 0.008367598, 0.008278514, 0.008092046, 0.007894255, 0.0076835435, 0.0075725876, 0.0073378803, 0.007084158, 0.0069495453, 0.006663529, 0.006353614, 0.006018695, 0.005842012, 0.00547523, 0.0051199268, 0.004976048, 0.0049033063, 0.0054130605
0, 0, 0, 0, 0, 0, 0, 0, 0, 0, 0, 0, 0, 0, 0, 0, 0, 0, 0, 0, 0, 0, 0, 0, 0, 0, 0, 0, 0, 0, 0, 0, 0, 0, 0, 0, 0, 0, 0, 0, 0, 0, 0, 0, 0, 0, 0, 0, 0, 0, 0, 0, 0, 0, 0, 0, 0, 0, 0, 0, 0, 0, 0, 0, 0, 0, 0, 0, 0, 0, 0, 0, 0, 0, 0, 0.003233159, 0.003194093, 0.0033570451, 0.003682104, 0.0038618397, 0.0042201527, 0.0045633856, 0.0047285184, 0.0050465753, 0.0053498275, 0.0056396495, 0.005779982, 0.006052218, 0.006314298, 0.006442022, 0.006691459, 0.0069332533, 0.007166938, 0.007280494, 0.007500356, 0.0077096876, 0.0078102313, 0.008002831, 0.008184634, 0.008271772, 0.008439119, 0.008598548, 0.008750426, 0.008823446, 0.00896319, 0.00909348, 0.0091545405, 0.009268014, 0.009369316, 0.009458249, 0.009498292, 0.00956998, 0.009631269, 0.009658141, 0.009704397, 0.009740173, 0.009754022, 0.009773111, 0.009780595, 0.009776517, 0.009770277, 0.00974939, 0.009717527, 0.009697434, 0.0096484525, 0.00958697, 0.009511654, 0.009468515, 0.009370512, 0.009256985, 0.009194446, 0.009058277, 0.008908434, 0.008828605, 0.008659411, 0.008476858, 0.008278601, 0.008172529, 0.007944386, 0.007692031, 0.0075557707, 0.0072614565, 0.0069352505, 0.0065735476, 0.0063782437, 0.0059588053, 0.005516861, 0.0053074504, 0.0050205183, 0.0051478664
0, 0, 0, 0, 0, 0, 0, 0, 0, 0, 0, 0, 0, 0, 0, 0, 0, 0, 0, 0, 0, 0, 0, 0, 0, 0, 0, 0, 0, 0, 0, 0, 0, 0, 0, 0, 0, 0, 0, 0, 0, 0, 0, 0, 0, 0, 0, 0, 0, 0, 0, 0, 0, 0, 0, 0, 0, 0, 0, 0, 0, 0, 0, 0, 0, 0, 0, 0, 0, 0, 0, 0, 0, 0, 0, 0.0033059458, 0.0032673464, 0.0034339156, 0.0037616123, 0.003941333, 0.0042972467, 0.004635925, 0.0047983574, 0.00511128, 0.0054107336, 0.0056987437, 0.0058388505, 0.006111933, 0.0063761007, 0.0065051243, 0.006757209, 0.007001538, 0.007237577, 0.0073524686, 0.0075755497, 0.0077892947, 0.007892588, 0.008092035, 0.008282449, 0.008374482, 0.008552816, 0.008723967, 0.008887832, 0.008966811, 0.009118375, 0.009260508, 0.009327844, 0.009454948, 0.0095716035, 0.009677646, 0.009726846, 0.009817911, 0.0098993825, 0.0099364845, 0.010002982, 0.010057842, 0.010080643, 0.0101164365, 0.010138954, 0.010148794, 0.010149095, 0.01014122, 0.010122368, 0.010108955, 0.01007407, 0.010027773, 0.009968673, 0.009933939, 0.009853376, 0.009757366, 0.009703451, 0.009583608, 0.00944789, 0.009374049, 0.009214152, 0.009036643, 0.008839015, 0.008731584, 0.008497083, 0.008233239, 0.008089181, 0.0077740843, 0.0074186246, 0.007015158, 0.006792713, 0.0063023265, 0.005761371, 0.005489901, 0.0050524, 0.0050155018
0, 0, 0, 0, 0, 0, 0, 0, 0, 0, 0, 0, 0, 0, 0, 0, 0, 0, 0, 0, 0, 0, 0, 0, 0, 0, 0, 0, 0, 0, 0, 0, 0, 0, 0, 0, 0, 0, 0, 0, 0, 0, 0, 0, 0, 0, 0, 0, 0, 0, 0, 0, 0, 0, 0, 0, 0, 0, 0, 0, 0, 0, 0, 0, 0, 0, 0, 0, 0, 0, 0, 0, 0, 0, 0, 0.0033757105, 0.003338572, 0.0035125068, 0.003847638, 0.0040300535, 0.004388891, 0.004728398, 0.004891011, 0.0052049235, 0.005507723, 0.005802383, 0.005947154, 0.006231774, 0.0065096654, 0.006645906, 0.006912482, 0.0071706306, 0.0074203117, 0.007542061, 0.0077799973, 0.008011285, 0.008124613, 0.008346844, 0.008562984, 0.008668586, 0.008874463, 0.009072412, 0.009261319, 0.009352079, 0.009525982, 0.009690169, 0.009768837, 0.009919924, 0.010062906, 0.010197662, 0.010261849, 0.010383595, 0.010495527, 0.010547602, 0.010642924, 0.010725318, 0.010761278, 0.0108224675, 0.010869499, 0.010902319, 0.010913488, 0.010925169, 0.010922972, 0.010916813, 0.010894336, 0.010858144, 0.010807442, 0.010776253, 0.010701642, 0.01061044, 0.0105584245, 0.010440948, 0.010304215, 0.010228164, 0.010059424, 0.009867023, 0.009648753, 0.009529034, 0.009266438, 0.00896966, 0.0088071255, 0.008450213, 0.008044125, 0.007577937, 0.007318368, 0.006740961, 0.0060976506, 0.0057715625, 0.00522959, 0.005120233
0, 0, 0, 0, 0, 0, 0, 0, 0, 0, 0, 0, 0, 0, 0, 0, 0, 0, 0, 0, 0, 0, 0, 0, 0, 0, 0, 0, 0, 0, 0, 0, 0, 0, 0, 0, 0, 0, 0, 0, 0, 0, 0, 0, 0, 0, 0, 0, 0, 0, 0, 0, 0, 0, 0, 0, 0, 0, 0, 0, 0, 0, 0, 0, 0, 0, 0, 0, 0, 0, 0, 0, 0, 0, 0, 0.0033656622, 0.0033292116, 0.0035056276, 0.003845284, 0.0040307133, 0.0043968866, 0.0047446787, 0.0049116258, 0.0052346163, 0.005546502, 0.0058502806, 0.005999644, 0.006293766, 0.0065814657, 0.0067226877, 0.006999496, 0.0072681117, 0.0075286166, 0.007655938, 0.007905448, 0.008149082, 0.008268914, 0.008504779, 0.008734957, 0.008847581, 0.009067004, 0.00927765, 0.009478423, 0.009574898, 0.009760011, 0.009935149, 0.01001924, 0.010180784, 0.010333621, 0.010477237, 0.010545262, 0.010673271, 0.010789769, 0.010843458, 0.010941209, 0.011025818, 0.011063142, 0.011127944, 0.011179743, 0.011217978, 0.011231763, 0.011247641, 0.011247233, 0.011240722, 0.011215001, 0.011172124, 0.0111116655, 0.011074766, 0.010987439, 0.010882002, 0.01082242, 0.010688926, 0.010535225, 0.010450226, 0.01026306, 0.010052179, 0.009816251, 0.0096883625, 0.009410962, 0.009101792, 0.008933945, 0.008568312, 0.0081566265, 0.0076894755, 0.0074318903, 0.006864756, 0.006241328, 0.0059289457, 0.005421608, 0.005355057
0, 0, 0, 0, 0, 0, 0, 0, 0, 0, 0, 0, 0, 0, 0, 0, 0, 0, 0, 0, 0, 0, 0, 0, 0, 0, 0, 0, 0, 0, 0, 0, 0, 0, 0, 0, 0, 0, 0, 0, 0, 0, 0, 0, 0, 0, 0, 0, 0, 0, 0, 0, 0, 0, 0, 0, 0, 0, 0, 0, 0, 0, 0, 0, 0, 0, 0, 0, 0, 0, 0, 0, 0, 0, 0, 0.003327567, 0.0032920619, 0.003471446, 0.0038178326, 0.004008125, 0.0043864576, 0.00474839, 0.004922632, 0.0052598626, 0.0055850167, 0.005901064, 0.006056175, 0.0063613234, 0.0066597983, 0.0068064714, 0.007094406, 0.007374722, 0.007647409, 0.007780968, 0.008043209, 0.008299657, 0.0084259035, 0.00867436, 0.008916731, 0.00903516, 0.009265711, 0.009486938, 0.009698042, 0.009799631, 0.009995121, 0.010180734, 0.010269838, 0.010440874, 0.010601752, 0.010751373, 0.01082157, 0.010951696, 0.011067668, 0.011120167, 0.011214412, 0.011294699, 0.011329895, 0.01139093, 0.011439481, 0.011474759, 0.011486793, 0.011498141, 0.011490775, 0.011479601, 0.011441893, 0.01138382, 0.0113054225, 0.0112587195, 0.011150754, 0.011023278, 0.0109521495, 0.010794634, 0.010615372, 0.010517148, 0.0103029795, 0.0100652585, 0.009804044, 0.009664529, 0.009366785, 0.009041933, 0.008868244, 0.008495623, 0.008084386, 0.0076282895, 0.0073815403, 0.006850929, 0.006291502, 0.006025193, 0.005646518, 0.005748188
0, 0, 0, 0, 0, 0, 0, 0, 0, 0, 0, 0, 0, 0, 0, 0, 0, 0, 0, 0, 0, 0, 0, 0, 0, 0, 0, 0, 0, 0, 0, 0, 0, 0, 0, 0, 0, 0, 0, 0, 0, 0, 0, 0, 0, 0, 0, 0, 0, 0, 0, 0, 0, 0, 0, 0, 0, 0, 0, 0, 0, 0, 0, 0, 0, 0, 0, 0, 0, 0, 0, 0, 0, 0, 0, 0.0032658058, 0.003232393, 0.0034181685, 0.0037755838, 0.00397303, 0.004367887, 0.0047476175, 0.0049307067, 0.005284694, 0.0056250216, 0.0059546405, 0.006116057, 0.0064329524, 0.0067425687, 0.006894764, 0.0071939155, 0.0074860845, 0.00777095, 0.007910653, 0.008184949, 0.008452917, 0.008584618, 0.008843043, 0.009094204, 0.009216679, 0.009454915, 0.009683457, 0.009901967, 0.010007412, 0.010210683, 0.010403954, 0.010496767, 0.010674681, 0.010841194, 0.010994654, 0.01106588, 0.011196298, 0.011310076, 0.011360656, 0.011449472, 0.011522719, 0.011553851, 0.0116057, 0.011643792, 0.011667224, 0.011672748, 0.011669629, 0.01164579, 0.011625585, 0.0115682725, 0.011488528, 0.011387048, 0.011328411, 0.011195742, 0.011042666, 0.01095827, 0.010772811, 0.0105636995, 0.010449865, 0.010203094, 0.009931503, 0.009636321, 0.009480342, 0.009151742, 0.00880047, 0.008615847, 0.008226884, 0.0078079905, 0.0073552914, 0.0071156123, 0.0066149877, 0.0061220042, 0.0059143836, 0.005753901, 0.006287497
0, 0, 0, 0, 0, 0, 0, 0, 0, 0, 0, 0, 0, 0, 0, 0, 0, 0, 0, 0, 0, 0, 0, 0, 0, 0, 0, 0, 0, 0, 0, 0, 0, 0, 0, 0, 0, 0, 0, 0, 0, 0, 0, 0, 0, 0, 0, 0, 0, 0, 0, 0, 0, 0, 0, 0, 0, 0, 0, 0, 0, 0, 0, 0, 0, 0, 0, 0, 0, 0, 0, 0, 0, 0, 0, 0.0031882748, 0.0031603642, 0.0033613262, 0.003736878, 0.003943831, 0.004357326, 0.00475453, 0.0049457634, 0.0053149946, 0.0056690895, 0.006011139, 0.0061783153, 0.006506149, 0.0068261395, 0.0069834082, 0.007292694, 0.007595078, 0.007890332, 0.00803525, 0.008319547, 0.008596348, 0.008731912, 0.008997043, 0.009253599, 0.00937848, 0.009620853, 0.00985316, 0.0100752, 0.010182387, 0.010388994, 0.010584905, 0.010678932, 0.010858571, 0.011025999, 0.011179442, 0.011250308, 0.011379034, 0.011489763, 0.011538345, 0.011621882, 0.011687882, 0.011714549, 0.011755237, 0.011778987, 0.011784982, 0.01178078, 0.01175685, 0.011710821, 0.011679203, 0.0115985675, 0.011495308, 0.011370199, 0.0112996455, 0.0111428425, 0.01096478, 0.010867329, 0.01065449, 0.010415935, 0.010286421, 0.010006637, 0.0096994955, 0.00936656, 0.009191176, 0.008823983, 0.008436107, 0.008234574, 0.00781572, 0.007373305, 0.006903286, 0.0066570765, 0.006147936, 0.005657799, 0.005463541, 0.0054212073, 0.006588922
0, 0, 0, 0, 0, 0, 0, 0, 0, 0, 0, 0, 0, 0, 0, 0, 0, 0, 0, 0, 0, 0, 0, 0, 0, 0, 0, 0, 0, 0, 0, 0, 0, 0, 0, 0, 0, 0, 0, 0, 0, 0, 0, 0, 0, 0, 0, 0, 0, 0, 0, 0, 0, 0, 0, 0, 0, 0, 0, 0, 0, 0, 0, 0, 0, 0, 0, 0, 0, 0, 0, 0, 0, 0, 0, 0.0031205267, 0.0031058944, 0.0033365672, 0.0037361872, 0.0039524687, 0.0043804618, 0.004788892, 0.0049851006, 0.005363641, 0.005726562, 0.0060770633, 0.0062483735, 0.006584189, 0.00691172, 0.007072578, 0.007388928, 0.007698247, 0.008000396, 0.008148635, 0.008439099, 0.008721175, 0.008858919, 0.009127567, 0.009386618, 0.009512368, 0.009756045, 0.009988923, 0.010210725, 0.0103174355, 0.010522242, 0.010715259, 0.010807324, 0.010982096, 0.011143817, 0.011291151, 0.011358933, 0.011481712, 0.011586664, 0.011632315, 0.011709793, 0.011768466, 0.011790683, 0.011820232, 0.011829512, 0.011817738, 0.011803698, 0.011758793, 0.011691061, 0.011648607, 0.01154651, 0.0114222765, 0.011276672, 0.011196003, 0.011018617, 0.010819048, 0.010710391, 0.010474073, 0.010210505, 0.010067945, 0.009760655, 0.009423877, 0.009058915, 0.008866567, 0.008463973, 0.008039822, 0.007820316, 0.007366525, 0.006891222, 0.0063898778, 0.0061276862, 0.0055812034, 0.005030633, 0.0047825943, 0.0044804565, 0.004618207
0, 0, 0, 0, 0, 0, 0, 0, 0, 0, 0, 0, 0, 0, 0, 0, 0, 0, 0, 0, 0, 0, 0, 0, 0, 0, 0, 0, 0, 0, 0, 0, 0, 0, 0, 0, 0, 0, 0, 0, 0, 0, 0, 0, 0, 0, 0, 0, 0, 0, 0, 0, 0, 0, 0, 0, 0, 0, 0, 0, 0, 0, 0, 0, 0, 0, 0, 0, 0, 0, 0, 0, 0, 0, 0, 0.0031414654, 0.003147631, 0.0034086877, 0.0038205646, 0.0040384973, 0.004466086, 0.0048726564, 0.0050682602, 0.0054467833, 0.005811238, 0.006164342, 0.0063371453, 0.006675996, 0.0070062634, 0.0071683372, 0.007486816, 0.007798, 0.008101862, 0.008250906, 0.008542707, 0.0088255955, 0.008963514, 0.009232076, 0.009490393, 0.009615543, 0.009857593, 0.010088052, 0.010306531, 0.010411133, 0.010610544, 0.01079645, 0.01088418, 0.011048921, 0.011199108, 0.011334352, 0.011396172, 0.01150772, 0.011602533, 0.011643412, 0.011711824, 0.011761404, 0.0117786545, 0.0117974235, 0.01179402, 0.011767787, 0.011746062, 0.011685207, 0.0116014, 0.011550979, 0.011433369, 0.011293819, 0.011132913, 0.011044411, 0.010850701, 0.01063387, 0.010516301, 0.010261829, 0.009980321, 0.009828983, 0.009504399, 0.009150601, 0.008768114, 0.008566529, 0.008144076, 0.0076977494, 0.00746625, 0.006987191, 0.006485854, 0.005959107, 0.0056847283, 0.005114578, 0.004538025, 0.004273482, 0.0039220345, 0.0040100883
0, 0, 0, 0, 0, 0, 0, 0, 0, 0, 0, 0, 0, 0, 0, 0, 0, 0, 0, 0, 0, 0, 0, 0, 0, 0, 0, 0, 0, 0, 0, 0, 0, 0, 0, 0, 0, 0, 0, 0, 0, 0, 0, 0, 0, 0, 0, 0, 0, 0, 0, 0, 0, 0, 0, 0, 0, 0, 0, 0, 0, 0, 0, 0, 0, 0, 0, 0, 0, 0, 0, 0, 0, 0, 0, 0.0034418716, 0.0034255139, 0.0036395895, 0.004014932, 0.0042181322, 0.004622194, 0.0050122263, 0.0052017276, 0.0055715432, 0.0059307045, 0.0062804385, 0.006451947, 0.0067881783, 0.007115572, 0.0072760377, 0.007590986, 0.00789832, 0.008198179, 0.008345122, 0.008632915, 0.0089115845, 0.009047371, 0.009311373, 0.009564702, 0.009687265, 0.009923859, 0.010148592, 0.010360903, 0.010462184, 0.010654336, 0.010831559, 0.010914157, 0.011067237, 0.011203931, 0.011324724, 0.0113792475, 0.011476539, 0.0115579385, 0.011592499, 0.011648757, 0.011686738, 0.011698379, 0.0117058875, 0.01169149, 0.011654648, 0.011627824, 0.011557404, 0.011464887, 0.011410295, 0.01128463, 0.011136675, 0.010966293, 0.010872474, 0.010667035, 0.010437508, 0.010313484, 0.010046669, 0.009754914, 0.009599533, 0.009269489, 0.008913408, 0.008530955, 0.008329831, 0.007908173, 0.0074608363, 0.007227832, 0.006743514, 0.0062348633, 0.0057015265, 0.0054255654, 0.004858853, 0.0043004965, 0.0040529184, 0.0037519743, 0.0038880531
0, 0, 0, 0, 0, 0, 0, 0, 0, 0, 0, 0, 0, 0, 0, 0, 0, 0, 0, 0, 0, 0, 0, 0, 0, 0, 0, 0, 0, 0, 0, 0, 0, 0, 0, 0, 0, 0, 0, 0, 0, 0, 0, 0, 0, 0, 0, 0, 0, 0, 0, 0, 0, 0, 0, 0, 0, 0, 0, 0, 0, 0, 0, 0, 0, 0, 0, 0, 0, 0, 0, 0, 0, 0, 0.0057432116, 0.0042119804, 0.00395219, 0.0039670635, 0.004264876, 0.004444784, 0.00481657, 0.0051859193, 0.005367899, 0.0057263104, 0.0060769916, 0.006419682, 0.0065877554, 0.0069169253, 0.007236784, 0.007393273, 0.007699828, 0.007998545, 0.008289628, 0.008432302, 0.008711343, 0.008981184, 0.009112396, 0.009367056, 0.009610609, 0.0097281225, 0.009954573, 0.010169315, 0.010372163, 0.0104688285, 0.010652053, 0.010820271, 0.0108981915, 0.011041094, 0.011166587, 0.011275089, 0.01132309, 0.011407153, 0.011475296, 0.011503265, 0.011546717, 0.011572391, 0.0115782125, 0.011574834, 0.011550994, 0.011506493, 0.011476488, 0.011401221, 0.011305552, 0.01124988, 0.011122598, 0.010972985, 0.010799924, 0.010704197, 0.010493669, 0.010258094, 0.010131026, 0.009859481, 0.009565882, 0.0094110845, 0.009085739, 0.008739076, 0.00837021, 0.00817701, 0.007772422, 0.007342434, 0.0071175396, 0.0066478057, 0.006151588, 0.0056298235, 0.005360248, 0.0048102215, 0.0042776447, 0.0040472583, 0.003786158, 0.0039493903
0, 0, 0, 0, 0, 0, 0, 0, 0, 0, 0, 0, 0, 0, 0, 0, 0, 0, 0, 0, 0, 0, 0, 0, 0, 0, 0, 0, 0, 0, 0, 0, 0, 0, 0, 0, 0, 0, 0, 0, 0, 0, 0, 0, 0, 0, 0, 0, 0, 0, 0, 0, 0, 0, 0, 0, 0, 0, 0, 0, 0, 0, 0, 0, 0, 0, 0, 0, 0, 0, 0, 0, 0, 0, 0.0047843084, 0.00416973, 0.0040462865, 0.0041419435, 0.004449005, 0.0046273023, 0.0049932254, 0.0053562033, 0.005535025, 0.005887044, 0.0062309, 0.0065657324, 0.0067294776, 0.00704923, 0.0073586763, 0.007509749, 0.0078051756, 0.008092584, 0.008372347, 0.008509342, 0.00877696, 0.009034917, 0.009159946, 0.00940136, 0.009630998, 0.009741293, 0.009952954, 0.010153197, 0.010342476, 0.010432791, 0.01060449, 0.010762656, 0.010836141, 0.01097079, 0.011088338, 0.011188381, 0.011231937, 0.011306448, 0.011364461, 0.011387239, 0.011420337, 0.011436305, 0.011437643, 0.011426342, 0.011396089, 0.011346711, 0.011314973, 0.011237532, 0.011141661, 0.011086565, 0.010961681, 0.01081598, 0.010647474, 0.010554124, 0.010348536, 0.010117815, 0.00999341, 0.009728056, 0.009442597, 0.009292884, 0.008980178, 0.008649815, 0.008300885, 0.008118886, 0.007738749, 0.0073351436, 0.007123788, 0.0066808066, 0.006209686, 0.005709808, 0.005449552, 0.0049151387, 0.004394495, 0.0041692476, 0.0039180135, 0.0040911813
0, 0, 0, 0, 0, 0, 0, 0, 0, 0, 0, 0, 0, 0, 0, 0, 0, 0, 0, 0, 0, 0, 0, 0, 0, 0, 0, 0, 0, 0, 0, 0, 0, 0, 0, 0, 0, 0, 0, 0, 0, 0, 0, 0, 0, 0, 0, 0, 0, 0, 0, 0, 0, 0, 0, 0, 0, 0, 0, 0, 0, 0, 0, 0, 0, 0, 0, 0, 0, 0, 0, 0, 0, 0, 0.0041037877, 0.0038465997, 0.0038690104, 0.004139184, 0.0045280783, 0.0047296383, 0.005123308, 0.0054992135, 0.005681112, 0.0060344078, 0.006375103, 0.006703265, 0.0068626753, 0.0071725915, 0.0074709128, 0.0076161553, 0.007899703, 0.008175028, 0.00844269, 0.008573525, 0.008828637, 0.009073392, 0.009191428, 0.009417856, 0.009631073, 0.00973274, 0.009926782, 0.010109322, 0.010281512, 0.010363914, 0.010520953, 0.010666851, 0.010735103, 0.010860998, 0.010971425, 0.011065084, 0.011105488, 0.011173526, 0.0112247765, 0.011244354, 0.01127164, 0.0112828035, 0.011282174, 0.011268136, 0.011236366, 0.011186353, 0.011154501, 0.011077421, 0.0109829325, 0.010929208, 0.010808821, 0.010670431, 0.010512652, 0.010425979, 0.010236132, 0.010023481, 0.009908758, 0.009662982, 0.009396975, 0.009256948, 0.0089636715, 0.008653298, 0.008325785, 0.0081553515, 0.0078001246, 0.007424071, 0.007227447, 0.0068149497, 0.0063735563, 0.005899025, 0.0056485287, 0.005125154, 0.0046031405, 0.004373478, 0.0041134306, 0.004290974
0, 0, 0, 0, 0, 0, 0, 0, 0, 0, 0, 0, 0, 0, 0, 0, 0, 0, 0, 0, 0, 0, 0, 0, 0, 0, 0, 0, 0, 0, 0, 0, 0, 0, 0, 0, 0, 0, 0, 0, 0, 0, 0, 0, 0, 0, 0, 0, 0, 0, 0, 0, 0, 0, 0, 0, 0, 0, 0, 0, 0, 0, 0, 0, 0, 0, 0, 0, 0, 0, 0, 0, 0, 0, 0.0037315027, 0.0036269582, 0.0037286603, 0.0041159526, 0.0045758015, 0.00480128, 0.0052274577, 0.0056216014, 0.0058086184, 0.006166242, 0.006505311, 0.0068279156, 0.0069834576, 0.0072840126, 0.007571876, 0.0077115647, 0.0079835495, 0.008247026, 0.008502276, 0.008626715, 0.008868644, 0.009099527, 0.009210264, 0.009421367, 0.009618154, 0.00971124, 0.009887592, 0.010052223, 0.010206729, 0.010280515, 0.010421172, 0.010552411, 0.010614108, 0.010728753, 0.010829764, 0.01091562, 0.010952602, 0.011014456, 0.011060709, 0.01107832, 0.011102945, 0.011113427, 0.011113222, 0.011101327, 0.011072999, 0.011027089, 0.0109973615, 0.010924194, 0.010833536, 0.010782041, 0.010667468, 0.010538151, 0.010394235, 0.01031657, 0.0101490365, 0.009963513, 0.009863492, 0.009647801, 0.009410844, 0.009284411, 0.009016423, 0.008729229, 0.00842405, 0.008264953, 0.0079333475, 0.0075831036, 0.0074003697, 0.0070172544, 0.0066054873, 0.0061574182, 0.0059173983, 0.0054062977, 0.004882742, 0.004648164, 0.004379814, 0.0045677745
0, 0, 0, 0, 0, 0, 0, 0, 0, 0, 0, 0, 0, 0, 0, 0, 0, 0, 0, 0, 0, 0, 0, 0, 0, 0, 0, 0, 0, 0, 0, 0, 0, 0, 0, 0, 0, 0, 0, 0, 0, 0, 0, 0, 0, 0, 0, 0, 0, 0, 0, 0, 0, 0, 0, 0, 0, 0, 0, 0, 0, 0, 0, 0, 0, 0, 0, 0, 0, 0, 0, 0, 0, 0, 0.0038248224, 0.003731853, 0.0038299041, 0.00421497, 0.0046804263, 0.004910405, 0.005345691, 0.005746234, 0.0059351013, 0.0062934067, 0.006629501, 0.0069463286, 0.0070982487, 0.0073901755, 0.007668343, 0.007802743, 0.00806369, 0.0083149485, 0.008557084, 0.008674565, 0.008901998, 0.009118242, 0.009221597, 0.009418006, 0.009600188, 0.009685938, 0.009847654, 0.009997446, 0.010136911, 0.010203013, 0.0103283925, 0.010444737, 0.010499311, 0.01060045, 0.010689375, 0.010764725, 0.010797034, 0.010850954, 0.01089143, 0.010907028, 0.010929279, 0.010939994, 0.010940845, 0.010932971, 0.01091062, 0.010872086, 0.010846283, 0.010780867, 0.010697494, 0.010649565, 0.0105425175, 0.010422857, 0.010292195, 0.010223068, 0.010076524, 0.00991738, 0.00983209, 0.009647603, 0.009442035, 0.0093307765, 0.00909117, 0.008829828, 0.008548698, 0.008401296, 0.008093114, 0.0077670137, 0.007596866, 0.0072396817, 0.0068544247, 0.006431987, 0.006203855, 0.0057136975, 0.0052076206, 0.004981856, 0.004739397, 0.00496768
0, 0, 0, 0, 0, 0, 0, 0, 0, 0, 0, 0, 0, 0, 0, 0, 0, 0, 0, 0, 0, 0, 0, 0, 0, 0, 0, 0, 0, 0, 0, 0, 0, 0, 0, 0, 0, 0, 0, 0, 0, 0, 0, 0, 0, 0, 0, 0, 0, 0, 0, 0, 0, 0, 0, 0, 0, 0, 0, 0, 0, 0, 0, 0, 0, 0, 0, 0, 0, 0, 0, 0, 0, 0, 0.0050153444, 0.0041807806, 0.0041553355, 0.0044310284, 0.0048527727, 0.0050709643, 0.0054925, 0.005885613, 0.0060716304, 0.0064245164, 0.0067549106, 0.007065001, 0.007213104, 0.007497, 0.0077658137, 0.007895221, 0.008144918, 0.008383463, 0.00861135, 0.008721256, 0.008933287, 0.009134275, 0.009230375, 0.009413259, 0.009583243, 0.009663365, 0.009814433, 0.009953946, 0.010082842, 0.010143535, 0.010257383, 0.010361488, 0.010409903, 0.010498446, 0.010575347, 0.010639479, 0.010666641, 0.010711515, 0.010744876, 0.010757662, 0.01077582, 0.010784824, 0.010785751, 0.010780072, 0.01076285, 0.010731871, 0.010710313, 0.010654248, 0.010580449, 0.010537258, 0.010439731, 0.01032965, 0.010209344, 0.010146052, 0.010013117, 0.009870712, 0.009795067, 0.009632244, 0.009450498, 0.0093515385, 0.009136764, 0.008900051, 0.0086429315, 0.0085071735, 0.008221794, 0.007917458, 0.007757587, 0.0074199587, 0.0070527005, 0.006647953, 0.0064295614, 0.0059654023, 0.005506304, 0.0053189825, 0.0051973304, 0.0055668773
0, 0, 0, 0, 0, 0, 0, 0, 0, 0, 0, 0, 0, 0, 0, 0, 0, 0, 0, 0, 0, 0, 0, 0, 0, 0, 0, 0, 0, 0, 0, 0, 0, 0, 0, 0, 0, 0, 0, 0, 0, 0, 0, 0, 0, 0, 0, 0, 0, 0, 0, 0, 0, 0, 0, 0, 0, 0, 0, 0, 0, 0, 0, 0, 0, 0, 0, 0, 0, 0, 0, 0, 0, 0, 0.0046238676, 0.0042665293, 0.004305716, 0.0046137436, 0.0050286213, 0.005240226, 0.005648313, 0.006029916, 0.0062108412, 0.00655496, 0.0068772635, 0.007179711, 0.0073240064, 0.0075996416, 0.00785937, 0.007983898, 0.008222705, 0.008448864, 0.008662883, 0.008765563, 0.008962877, 0.009149652, 0.009239156, 0.009410071, 0.009569972, 0.009645633, 0.009788851, 0.009921165, 0.010043097, 0.010100265, 0.0102066975, 0.010302816, 0.010347003, 0.010427241, 0.0104956785, 0.010551748, 0.010575067, 0.010612745, 0.010639641, 0.010649504, 0.010662442, 0.010667352, 0.01066689, 0.010660001, 0.010644308, 0.010617584, 0.010599097, 0.010550602, 0.0104857115, 0.010447212, 0.010359211, 0.010258065, 0.01014544, 0.010085285, 0.009957854, 0.009820578, 0.009747819, 0.009592191, 0.009420151, 0.009327036, 0.009126185, 0.00890593, 0.008666688, 0.008540007, 0.008272326, 0.007983546, 0.007830029, 0.007501422, 0.007137557, 0.0067313686, 0.0065119793, 0.00605428, 0.0056422465, 0.005515537, 0.005663747, 0.0064777154
0, 0, 0, 0, 0, 0, 0, 0, 0, 0, 0, 0, 0, 0, 0, 0, 0, 0, 0, 0, 0, 0, 0, 0, 0, 0, 0, 0, 0, 0, 0, 0, 0, 0, 0, 0, 0, 0, 0, 0, 0, 0, 0, 0, 0, 0, 0, 0, 0, 0, 0, 0, 0, 0, 0, 0, 0, 0, 0, 0, 0, 0, 0, 0, 0, 0, 0, 0, 0, 0, 0, 0, 0, 0, 0.004173117, 0.004173193, 0.0043155346, 0.0047239154, 0.0051672645, 0.0053811977, 0.005784469, 0.006156458, 0.0063323914, 0.006666632, 0.006980129, 0.007274589, 0.007414934, 0.007682654, 0.007934164, 0.008054329, 0.008284149, 0.008500493, 0.008704236, 0.008801618, 0.00898804, 0.009164387, 0.009248903, 0.009410367, 0.009561571, 0.0096332235, 0.009769161, 0.009895038, 0.0100110015, 0.010065246, 0.010166319, 0.010257441, 0.010299249, 0.010375218, 0.010440154, 0.01049305, 0.010514943, 0.010549607, 0.0105731245, 0.01058108, 0.010589915, 0.010590191, 0.010587458, 0.01057644, 0.010558045, 0.010530594, 0.0105127115, 0.010467152, 0.0104074925, 0.010372242, 0.010291438, 0.010197497, 0.01009061, 0.010032405, 0.009906491, 0.009767812, 0.0096936105, 0.009534325, 0.009359232, 0.009265176, 0.009064285, 0.008846826, 0.008613017, 0.008489681, 0.008228473, 0.0079443585, 0.007791817, 0.0074605728, 0.0070857513, 0.006657801, 0.0064232047, 0.005928431, 0.0054885573, 0.0053728125, 0.0057522734, 0.007771555
0, 0, 0, 0, 0, 0, 0, 0, 0, 0, 0, 0, 0, 0, 0, 0, 0, 0, 0, 0, 0, 0, 0, 0, 0, 0, 0, 0, 0, 0, 0, 0, 0, 0, 0, 0, 0, 0, 0, 0, 0, 0, 0, 0, 0, 0, 0, 0, 0, 0, 0, 0, 0, 0, 0, 0, 0, 0, 0, 0, 0, 0, 0, 0, 0, 0, 0, 0, 0, 0, 0, 0, 0, 0, 0.0041586407, 0.004233121, 0.004398514, 0.004829623, 0.005275393, 0.0054867454, 0.0058813174, 0.006243205, 0.006414194, 0.0067393207, 0.007044929, 0.0073324274, 0.0074695107, 0.0077309827, 0.00797654, 0.008093835, 0.00831821, 0.008529633, 0.008728752, 0.008823989, 0.009006184, 0.009178068, 0.009259983, 0.009415832, 0.00956075, 0.009629089, 0.009758068, 0.009877052, 0.00998664, 0.010037929, 0.010133522, 0.01022006, 0.0102600055, 0.010333059, 0.010396385, 0.010448595, 0.010470374, 0.01050507, 0.010528248, 0.010535659, 0.01054271, 0.010539732, 0.010534723, 0.010518451, 0.010494251, 0.010461579, 0.010441639, 0.010393314, 0.010333255, 0.010298716, 0.010220889, 0.010130889, 0.010027905, 0.009971168, 0.009846605, 0.009706426, 0.009630241, 0.009464791, 0.009281101, 0.00918233, 0.008971523, 0.008744398, 0.008501987, 0.008374776, 0.008106142, 0.00781429, 0.007657391, 0.0073154103, 0.006925457, 0.0064744772, 0.006223664, 0.005680083, 0.0051457337, 0.004940007, 0.004844527, 0
0, 0, 0, 0, 0, 0, 0, 0, 0, 0, 0, 0, 0, 0, 0, 0, 0, 0, 0, 0, 0, 0, 0, 0, 0, 0, 0, 0, 0, 0, 0, 0, 0, 0, 0, 0, 0, 0, 0, 0, 0, 0, 0, 0, 0, 0, 0, 0, 0, 0, 0, 0, 0, 0, 0, 0, 0, 0, 0, 0, 0, 0, 0, 0, 0, 0, 0, 0, 0, 0, 0, 0, 0, 0.0064311484, 0.00479779, 0.004488834, 0.0045814654, 0.0049370653, 0.005345468, 0.005544604, 0.0059224973, 0.0062739127, 0.006441074, 0.006760392, 0.0070618233, 0.00734587, 0.007481477, 0.0077403993, 0.007983808, 0.0081003895, 0.008323847, 0.008535628, 0.008736226, 0.008832552, 0.009016946, 0.00919039, 0.009272604, 0.009427719, 0.00956996, 0.009636432, 0.009760649, 0.009874162, 0.009978162, 0.010026669, 0.010116922, 0.010198512, 0.010236152, 0.010304947, 0.010364753, 0.010414356, 0.0104351, 0.010468313, 0.010490738, 0.0104980385, 0.010504438, 0.010499879, 0.01049347, 0.010472795, 0.010442278, 0.010401964, 0.010378051, 0.010322408, 0.010256311, 0.0102194175, 0.010138304, 0.010046921, 0.009943818, 0.009887416, 0.009763516, 0.009623096, 0.009546074, 0.009376971, 0.009186273, 0.009082758, 0.008859911, 0.008617803, 0.008358306, 0.008222074, 0.007935382, 0.0076263803, 0.0074617555, 0.007106371, 0.006707268, 0.006252906, 0.006003166, 0.005470704, 0.004966859, 0.004787255, 0.004767932, 0
0, 0, 0, 0, 0, 0, 0, 0, 0, 0, 0, 0, 0, 0, 0, 0, 0, 0, 0, 0, 0, 0, 0, 0, 0, 0, 0, 0, 0, 0, 0, 0, 0, 0, 0, 0, 0, 0, 0, 0, 0, 0, 0, 0, 0, 0, 0, 0, 0, 0, 0, 0, 0, 0, 0, 0, 0, 0, 0, 0, 0, 0, 0, 0, 0, 0, 0, 0, 0, 0, 0, 0, 0, 0.0052866307, 0.004622891, 0.0044992333, 0.0046015414, 0.004940632, 0.0053286054, 0.0055204574, 0.0058896635, 0.0062382533, 0.006405431, 0.0067264526, 0.007030644, 0.0073179104, 0.007455215, 0.0077172206, 0.007963761, 0.008081798, 0.008308812, 0.00852473, 0.0087307505, 0.008829993, 0.009020441, 0.009199085, 0.009283573, 0.009442029, 0.009585809, 0.009652393, 0.009775561, 0.009887063, 0.009988519, 0.010035707, 0.010123208, 0.010201368, 0.0102369385, 0.010300759, 0.010354503, 0.010397553, 0.01041506, 0.010442429, 0.010460263, 0.010465836, 0.010470152, 0.010464302, 0.010457312, 0.010434394, 0.010399339, 0.010352047, 0.010323885, 0.010258467, 0.0101819215, 0.010139896, 0.0100486595, 0.009948637, 0.009838769, 0.009779762, 0.009651922, 0.009508711, 0.009430399, 0.009258231, 0.009062987, 0.008956167, 0.008724126, 0.008468989, 0.0081923995, 0.008046514, 0.007739162, 0.007410115, 0.0072364267, 0.006868009, 0.0064653237, 0.0060222195, 0.005786616, 0.0053122826, 0.004947426, 0.004895119, 0.0052934084, 0
0, 0, 0, 0, 0, 0, 0, 0, 0, 0, 0, 0, 0, 0, 0, 0, 0, 0, 0, 0, 0, 0, 0, 0, 0, 0, 0, 0, 0, 0, 0, 0, 0, 0, 0, 0, 0, 0, 0, 0, 0, 0, 0, 0, 0, 0, 0, 0, 0, 0, 0, 0, 0, 0, 0, 0, 0, 0, 0, 0, 0, 0, 0, 0, 0, 0, 0, 0, 0, 0, 0, 0, 0, 0.0044213966, 0.0041264948, 0.0042333542, 0.004391912, 0.0047855424, 0.005195853, 0.0053949864, 0.005776411, 0.006136689, 0.006309654, 0.006642317, 0.00695778, 0.0072557586, 0.007397998, 0.007669327, 0.007924247, 0.008045875, 0.00827984, 0.008502407, 0.008714752, 0.008817168, 0.009013762, 0.009198181, 0.009285347, 0.009448495, 0.009596215, 0.009664376, 0.0097900955, 0.009903648, 0.010006794, 0.010054728, 0.010143631, 0.010222216, 0.010257319, 0.010318423, 0.010366816, 0.010402127, 0.010415211, 0.010433282, 0.010442458, 0.010444305, 0.010442901, 0.0104340715, 0.010426177, 0.010402031, 0.010364811, 0.010312873, 0.01028119, 0.0102067115, 0.010118204, 0.010069376, 0.009963944, 0.009849429, 0.009726034, 0.009660718, 0.00952165, 0.009368727, 0.0092862, 0.00910637, 0.0089042755, 0.008794219, 0.008555284, 0.008291482, 0.0080035245, 0.007850658, 0.007527849, 0.0071822824, 0.0070008445, 0.0066197184, 0.0062112375, 0.005773158, 0.005545773, 0.0051054736, 0.004828102, 0.0048742294, 0.00584517, 0
0, 0, 0, 0, 0, 0, 0, 0, 0, 0, 0, 0, 0, 0, 0, 0, 0, 0, 0, 0, 0, 0, 0, 0, 0, 0, 0, 0, 0, 0, 0, 0, 0, 0, 0, 0, 0, 0, 0, 0, 0, 0, 0, 0, 0, 0, 0, 0, 0, 0, 0, 0, 0, 0, 0, 0, 0, 0, 0, 0, 0, 0, 0, 0, 0, 0, 0, 0, 0, 0, 0, 0, 0, 0.0037895942, 0.0036355183, 0.0038723873, 0.0040766187, 0.0045330077, 0.004983616, 0.005198265, 0.0056052944, 0.005986927, 0.00616952, 0.006520171, 0.006852252, 0.0071655167, 0.007315023, 0.0075998264, 0.007866371, 0.007993382, 0.008236472, 0.008466752, 0.008685368, 0.008790425, 0.008991796, 0.009180251, 0.009269242, 0.009436215, 0.009587895, 0.009658067, 0.009787939, 0.009905568, 0.010012983, 0.010063225, 0.010156501, 0.010238975, 0.010275394, 0.010337543, 0.010384137, 0.010414988, 0.010424764, 0.010434702, 0.010434644, 0.010431871, 0.010422088, 0.010406739, 0.010396555, 0.010369105, 0.01032941, 0.010274229, 0.010240213, 0.010158832, 0.010060751, 0.010006129, 0.009887322, 0.009757972, 0.009619013, 0.009545786, 0.009390613, 0.009221857, 0.00913164, 0.008937627, 0.008723379, 0.008608197, 0.008361097, 0.008090877, 0.0077972724, 0.0076415082, 0.007311621, 0.006956913, 0.006770081, 0.0063770367, 0.005956977, 0.005510472, 0.005280548, 0.0048361043, 0.00452049, 0.0044819964, 0.0047064214, 0
0, 0, 0, 0, 0, 0, 0, 0, 0, 0, 0, 0, 0, 0, 0, 0, 0, 0, 0, 0, 0, 0, 0, 0, 0, 0, 0, 0, 0, 0, 0, 0, 0, 0, 0, 0, 0, 0, 0, 0, 0, 0, 0, 0, 0, 0, 0, 0, 0, 0, 0, 0, 0, 0, 0, 0, 0, 0, 0, 0, 0, 0, 0, 0, 0, 0, 0, 0, 0, 0, 0, 0, 0, 0.0033603555, 0.0032880204, 0.003586638, 0.003811115, 0.0042976784, 0.0047725197, 0.0049979636, 0.005425109, 0.0058245575, 0.0060154446, 0.0063816165, 0.0067280373, 0.0070553385, 0.0072116805, 0.007509616, 0.0077882735, 0.007920927, 0.008173852, 0.0084119765, 0.008636854, 0.008744477, 0.0089496225, 0.009141217, 0.009231633, 0.00940116, 0.009555704, 0.009627301, 0.009760251, 0.009881177, 0.0099919615, 0.010043895, 0.010140813, 0.010226837, 0.010264892, 0.010329886, 0.01037819, 0.010409071, 0.010418099, 0.010424916, 0.010419277, 0.010412962, 0.010395195, 0.0103712985, 0.010356953, 0.010322093, 0.0102761835, 0.010215739, 0.010179282, 0.010092767, 0.00998892, 0.009930942, 0.009804557, 0.009665905, 0.009516147, 0.009436768, 0.009268129, 0.009084289, 0.00898596, 0.008775694, 0.008546733, 0.008425135, 0.008167827, 0.007891676, 0.0075959847, 0.0074401624, 0.007110886, 0.006754799, 0.006565683, 0.0061632637, 0.0057276706, 0.0052640387, 0.00502892, 0.004598931, 0.004381985, 0.004453061, 0.005006292, 0
0, 0, 0, 0, 0, 0, 0, 0, 0, 0, 0, 0, 0, 0, 0, 0, 0, 0, 0, 0, 0, 0, 0, 0, 0, 0, 0, 0, 0, 0, 0, 0, 0, 0, 0, 0, 0, 0, 0, 0, 0, 0, 0, 0, 0, 0, 0, 0, 0, 0, 0, 0, 0, 0, 0, 0, 0, 0, 0, 0, 0, 0, 0, 0, 0, 0, 0, 0, 0, 0, 0, 0, 0, 0.0032778294, 0.003219095, 0.0034921877, 0.0037030978, 0.0041697677, 0.004635291, 0.004859347, 0.005287281, 0.0056900927, 0.0058830185, 0.006253683, 0.006605573, 0.0069388784, 0.007098731, 0.0074045337, 0.007691992, 0.007828826, 0.008090155, 0.008335645, 0.00856678, 0.008676983, 0.00888666, 0.009081697, 0.009173484, 0.009345618, 0.009502435, 0.009575033, 0.009709508, 0.009830906, 0.009941308, 0.009992864, 0.0100888135, 0.010174136, 0.010212294, 0.01027782, 0.010327764, 0.010360864, 0.010371026, 0.010379312, 0.010373199, 0.010365559, 0.010342824, 0.01031115, 0.010292123, 0.010247075, 0.010190613, 0.010120652, 0.010080093, 0.009987304, 0.009879093, 0.009819563, 0.009690745, 0.009550036, 0.00939766, 0.009316576, 0.00914327, 0.008952647, 0.008850151, 0.008630204, 0.008391096, 0.008264556, 0.007999191, 0.0077187726, 0.0074236016, 0.007269758, 0.0069467244, 0.0065970696, 0.006409565, 0.0060044783, 0.005555484, 0.005067468, 0.004818584, 0.004375832, 0.0042421967, 0.004469203, 0.0059880456, 0
0, 0, 0, 0, 0, 0, 0, 0, 0, 0, 0, 0, 0, 0, 0, 0, 0, 0, 0, 0, 0, 0, 0, 0, 0, 0, 0, 0, 0, 0, 0, 0, 0, 0, 0, 0, 0, 0, 0, 0, 0, 0, 0, 0, 0, 0, 0, 0, 0, 0, 0, 0, 0, 0, 0, 0, 0, 0, 0, 0, 0, 0, 0, 0, 0, 0, 0, 0, 0, 0, 0, 0, 0, 0.0040968787, 0.003463636, 0.003580102, 0.0037511562, 0.004164888, 0.00459718, 0.0048091253, 0.0052190092, 0.005609338, 0.005797302, 0.006159391, 0.006504349, 0.0068331826, 0.0069917594, 0.007297134, 0.007586794, 0.007725718, 0.007991698, 0.008242561, 0.008478761, 0.008591247, 0.008805297, 0.009003928, 0.009097408, 0.009272576, 0.009431563, 0.009505008, 0.009640225, 0.009760654, 0.009868022, 0.009917331, 0.010007732, 0.010087335, 0.010122755, 0.010184297, 0.010232197, 0.010265533, 0.01027656, 0.010286986, 0.010282605, 0.010275241, 0.010251027, 0.010214571, 0.010191887, 0.010137048, 0.010069057, 0.00998703, 0.009940716, 0.009838302, 0.00972324, 0.009661544, 0.009530686, 0.009390524, 0.009240483, 0.00916115, 0.0089917, 0.008804696, 0.008703596, 0.008485441, 0.008246356, 0.008119583, 0.007853455, 0.0075737215, 0.007282743, 0.0071326923, 0.00682064, 0.0064853015, 0.0063051577, 0.005911825, 0.005465737, 0.0049654315, 0.0047022183, 0.0042023896, 0.0039015235, 0.003904864, 0, 0
0, 0, 0, 0, 0, 0, 0, 0, 0, 0, 0, 0, 0, 0, 0, 0, 0, 0, 0, 0, 0, 0, 0, 0, 0, 0, 0, 0, 0, 0, 0, 0, 0, 0, 0, 0, 0, 0, 0, 0, 0, 0, 0, 0, 0, 0, 0, 0, 0, 0, 0, 0, 0, 0, 0, 0, 0, 0, 0, 0, 0, 0, 0, 0, 0, 0, 0, 0, 0, 0, 0, 0, 0, 0.0037269434, 0.0034932606, 0.003676159, 0.0038445792, 0.004232752, 0.0046340064, 0.0048315036, 0.005215452, 0.0055835857, 0.0057615396, 0.0061055752, 0.0064345966, 0.006750176, 0.0069032586, 0.007200335, 0.007485331, 0.007623135, 0.007888857, 0.008140924, 0.008378863, 0.00849224, 0.008707788, 0.00890791, 0.009002214, 0.009178767, 0.009339396, 0.009413697, 0.009550222, 0.009670756, 0.00977602, 0.0098232925, 0.009907751, 0.009979681, 0.01001123, 0.010065064, 0.010106799, 0.010135863, 0.010145427, 0.010154582, 0.010150178, 0.010142896, 0.010118161, 0.010079562, 0.010054814, 0.009993997, 0.009917455, 0.009825209, 0.00977355, 0.009660298, 0.009535569, 0.009469608, 0.009332303, 0.00918869, 0.009038763, 0.008960926, 0.008796719, 0.008617647, 0.008521278, 0.008312814, 0.008083138, 0.0079607, 0.0077025923, 0.0074304882, 0.0071480623, 0.0070034484, 0.0067060264, 0.0063911686, 0.0062237903, 0.0058599734, 0.005445968, 0.0049791657, 0.004733794, 0.0042784936, 0.0040488397, 0.0041013653, 0, 0
0, 0, 0, 0, 0, 0, 0, 0, 0, 0, 0, 0, 0, 0, 0, 0, 0, 0, 0, 0, 0, 0, 0, 0, 0, 0, 0, 0, 0, 0, 0, 0, 0, 0, 0, 0, 0, 0, 0, 0, 0, 0, 0, 0, 0, 0, 0, 0, 0, 0, 0, 0, 0, 0, 0, 0, 0, 0, 0, 0, 0, 0, 0, 0, 0, 0, 0, 0, 0, 0, 0, 0, 0, 0.003471854, 0.0034869958, 0.003763821, 0.003944929, 0.0043272898, 0.0047058947, 0.004890273, 0.0052481997, 0.0055920216, 0.0057586306, 0.006081595, 0.0063913562, 0.006689385, 0.006834619, 0.007118146, 0.0073928246, 0.00752681, 0.007786651, 0.00803459, 0.008268863, 0.00838056, 0.008592446, 0.008788943, 0.008881498, 0.009055392, 0.009215011, 0.009289502, 0.009427668, 0.009550682, 0.009657667, 0.009705234, 0.009788103, 0.009855575, 0.0098838275, 0.00992996, 0.009963432, 0.009984876, 0.009991245, 0.00999494, 0.009986786, 0.00997808, 0.009951402, 0.009911067, 0.0098854825, 0.009822428, 0.009742574, 0.009645883, 0.009591401, 0.009471158, 0.009338026, 0.009267467, 0.009120374, 0.008967598, 0.008810553, 0.008730209, 0.008564319, 0.008388164, 0.008294859, 0.008095353, 0.007877285, 0.007761143, 0.0075157285, 0.00725557, 0.0069844415, 0.0068457425, 0.00656268, 0.0062685013, 0.006114851, 0.005787299, 0.0054236073, 0.005027076, 0.004830023, 0.004526952, 0.004595481, 0.004864071, 0, 0
0, 0, 0, 0, 0, 0, 0, 0, 0, 0, 0, 0, 0, 0, 0, 0, 0, 0, 0, 0, 0, 0, 0, 0, 0, 0, 0, 0, 0, 0, 0, 0, 0, 0, 0, 0, 0, 0, 0, 0, 0, 0, 0, 0, 0, 0, 0, 0, 0, 0, 0, 0, 0, 0, 0, 0, 0, 0, 0, 0, 0, 0, 0, 0, 0, 0, 0, 0, 0, 0, 0, 0, 0.004941406, 0.0038058506, 0.003646245, 0.0038939014, 0.0040653236, 0.0044251797, 0.004778501, 0.004949978, 0.0052835816, 0.0056049787, 0.0057611917, 0.0060644364, 0.0063556675, 0.0066359257, 0.0067725237, 0.0070403, 0.0073013008, 0.0074292896, 0.0076788324, 0.00791811, 0.008144205, 0.0082518635, 0.008454889, 0.008642224, 0.008730271, 0.008896047, 0.009050083, 0.009123104, 0.009260945, 0.009386922, 0.0094988, 0.009548804, 0.009635232, 0.009703547, 0.009730956, 0.0097729135, 0.009799755, 0.009813551, 0.009816079, 0.009813057, 0.009799396, 0.0097885085, 0.009758112, 0.009715218, 0.009688651, 0.009624791, 0.009545281, 0.009449543, 0.009395483, 0.009275479, 0.009140527, 0.009067887, 0.008914434, 0.00875204, 0.00858308, 0.008496711, 0.008319966, 0.008136617, 0.008041465, 0.0078425305, 0.007630107, 0.007518251, 0.0072832727, 0.0070339674, 0.006772625, 0.006638245, 0.0063637863, 0.00608086, 0.005935262, 0.0056314683, 0.0053059896, 0.004969265, 0.0048154234, 0.0046547437, 0.0050619165, 0.005698818, 0, 0
0, 0, 0, 0, 0, 0, 0, 0, 0, 0, 0, 0, 0, 0, 0, 0, 0, 0, 0, 0, 0, 0, 0, 0, 0, 0, 0, 0, 0, 0, 0, 0, 0, 0, 0, 0, 0, 0, 0, 0, 0, 0, 0, 0, 0, 0, 0, 0, 0, 0, 0, 0, 0, 0, 0, 0, 0, 0, 0, 0, 0, 0, 0, 0, 0, 0, 0, 0, 0, 0, 0, 0, 0.004233429, 0.0038181911, 0.0037779042, 0.004012532, 0.004168088, 0.004496443, 0.00482193, 0.0049813837, 0.0052932734, 0.0055954903, 0.0057428954, 0.0060292766, 0.0063038967, 0.0065676086, 0.0066960803, 0.006947838, 0.00719389, 0.007315107, 0.0075523783, 0.0077809594, 0.007997294, 0.008099935, 0.008292787, 0.008469043, 0.0085514765, 0.008706447, 0.008850933, 0.008920287, 0.009053646, 0.009179392, 0.009294429, 0.00934672, 0.009438594, 0.0095110405, 0.009539553, 0.009581615, 0.009605732, 0.0096150115, 0.009615154, 0.009607445, 0.009589771, 0.009577167, 0.009543547, 0.009497643, 0.009469882, 0.009403939, 0.009324091, 0.009230269, 0.009177997, 0.009062898, 0.00893333, 0.008863136, 0.00871206, 0.008547437, 0.0083710365, 0.008279057, 0.008089074, 0.00789194, 0.0077908463, 0.0075832424, 0.0073672286, 0.0072554597, 0.007023408, 0.0067789718, 0.0065216376, 0.0063882014, 0.006112879, 0.0058266134, 0.005679132, 0.005374123, 0.005055234, 0.0047400016, 0.0046057226, 0.004498704, 0.0048317695, 0.0051116133, 0, 0
0, 0, 0, 0, 0, 0, 0, 0, 0, 0, 0, 0, 0, 0, 0, 0, 0, 0, 0, 0, 0, 0, 0, 0, 0, 0, 0, 0, 0, 0, 0, 0, 0, 0, 0, 0, 0, 0, 0, 0, 0, 0, 0, 0, 0, 0, 0, 0, 0, 0, 0, 0, 0, 0, 0, 0, 0, 0, 0, 0, 0, 0, 0, 0, 0, 0, 0, 0, 0, 0, 0, 0.005410265, 0.004648694, 0.0038704334, 0.0038214466, 0.004048155, 0.0041950503, 0.0045038075, 0.0048109624, 0.004962062, 0.0052581895, 0.0055459794, 0.005686092, 0.005958099, 0.006218119, 0.0064671584, 0.006588138, 0.006824831, 0.007056675, 0.0071710795, 0.007396535, 0.007615398, 0.0078236805, 0.007922697, 0.008108291, 0.008276893, 0.008355038, 0.008500972, 0.008636265, 0.008701163, 0.008826995, 0.008947532, 0.009060321, 0.009112796, 0.009206463, 0.009281661, 0.009311581, 0.009355687, 0.009380602, 0.009389684, 0.009389541, 0.009381234, 0.009363372, 0.009350544, 0.009316301, 0.0092687225, 0.009239671, 0.009170243, 0.009086849, 0.0089911055, 0.008939124, 0.008827274, 0.008705007, 0.008639573, 0.008498915, 0.008342701, 0.0081699295, 0.008077335, 0.007881365, 0.007673452, 0.007566094, 0.007346114, 0.007119849, 0.007004293, 0.0067673167, 0.006520341, 0.0062603224, 0.0061246497, 0.0058407323, 0.0055393237, 0.0053818948, 0.0050534504, 0.004712499, 0.0043912353, 0.0042697233, 0.004272738, 0.005077233, 0.005945807, 0, 0
0, 0, 0, 0, 0, 0, 0, 0, 0, 0, 0, 0, 0, 0, 0, 0, 0, 0, 0, 0, 0, 0, 0, 0, 0, 0, 0, 0, 0, 0, 0, 0, 0, 0, 0, 0, 0, 0, 0, 0, 0, 0, 0, 0, 0, 0, 0, 0, 0, 0, 0, 0, 0, 0, 0, 0, 0, 0, 0, 0, 0, 0, 0, 0, 0, 0, 0, 0, 0, 0, 0, 0.0041786656, 0.00389639, 0.0035724556, 0.003671321, 0.0039497972, 0.0041079465, 0.0044256602, 0.004732706, 0.004881674, 0.005170963, 0.005449443, 0.0055842237, 0.00584466, 0.006092448, 0.006328878, 0.0064434605, 0.006667271, 0.006886691, 0.0069953557, 0.0072105653, 0.007421503, 0.007624472, 0.0077215764, 0.007904358, 0.008070663, 0.008147546, 0.008290305, 0.0084208865, 0.0084828865, 0.008602176, 0.008716058, 0.008823144, 0.0088731665, 0.008963409, 0.00903735, 0.009067247, 0.009112344, 0.009139166, 0.0091508785, 0.009152237, 0.009147443, 0.009133687, 0.009122966, 0.009092275, 0.009046401, 0.009017138, 0.008945389, 0.008857151, 0.008755439, 0.008700873, 0.008586484, 0.008466619, 0.00840469, 0.00827464, 0.008132162, 0.007972421, 0.007884829, 0.007694152, 0.0074847015, 0.0073742517, 0.0071446667, 0.0069071604, 0.0067861574, 0.0065397155, 0.006285504, 0.0060191425, 0.0058798385, 0.005585664, 0.005266798, 0.005097104, 0.004737771, 0.0043610423, 0.0040134033, 0.003888832, 0.0038888084, 0.0042977463, 0, 0, 0
0, 0, 0, 0, 0, 0, 0, 0, 0, 0, 0, 0, 0, 0, 0, 0, 0, 0, 0, 0, 0, 0, 0, 0, 0, 0, 0, 0, 0, 0, 0, 0, 0, 0, 0, 0, 0, 0, 0, 0, 0, 0, 0, 0, 0, 0, 0, 0, 0, 0, 0, 0, 0, 0, 0, 0, 0, 0, 0, 0, 0, 0, 0, 0, 0, 0, 0, 0, 0, 0, 0, 0.0032443958, 0.003128615, 0.0031300934, 0.003399401, 0.003755582, 0.0039352905, 0.0042782016, 0.0045963083, 0.0047470927, 0.0050355257, 0.00530838, 0.0054393406, 0.005690997, 0.0059297923, 0.0061569116, 0.006266786, 0.006481487, 0.006691556, 0.0067955735, 0.0070021395, 0.0072057904, 0.007403495, 0.0074988967, 0.007680667, 0.007847646, 0.007925381, 0.00806988, 0.008201401, 0.008263299, 0.008381082, 0.008491699, 0.008594314, 0.008641978, 0.008727825, 0.008798423, 0.008827357, 0.00887205, 0.008900462, 0.008915578, 0.008919244, 0.0089205485, 0.00891401, 0.008907386, 0.00888474, 0.008846352, 0.008819838, 0.008751009, 0.008661907, 0.008555732, 0.00849805, 0.008377204, 0.00825355, 0.008191331, 0.008065017, 0.007932022, 0.007785267, 0.007704393, 0.0075253793, 0.0073223733, 0.0072125075, 0.0069794506, 0.0067337956, 0.0066078547, 0.0063514966, 0.0060888785, 0.0058162417, 0.0056741196, 0.005373557, 0.0050446633, 0.00486774, 0.0044878377, 0.0040840902, 0.0037158467, 0.0035968309, 0.0037365572, 0.0048777354, 0, 0, 0
0, 0, 0, 0, 0, 0, 0, 0, 0, 0, 0, 0, 0, 0, 0, 0, 0, 0, 0, 0, 0, 0, 0, 0, 0, 0, 0, 0, 0, 0, 0, 0, 0, 0, 0, 0, 0, 0, 0, 0, 0, 0, 0, 0, 0, 0, 0, 0, 0, 0, 0, 0, 0, 0, 0, 0, 0, 0, 0, 0, 0, 0, 0, 0, 0, 0, 0, 0, 0, 0, 0, 0.002794242, 0.0027484638, 0.002862482, 0.0031880205, 0.0035693978, 0.0037561809, 0.0041074473, 0.0044285, 0.004579125, 0.0048639616, 0.0051307115, 0.0052581704, 0.0055028084, 0.005735189, 0.0059570107, 0.0060645896, 0.0062746033, 0.0064792563, 0.0065799933, 0.006779225, 0.006974803, 0.0071649794, 0.007257232, 0.007434644, 0.007600414, 0.007678464, 0.007825233, 0.007960145, 0.008023996, 0.008145017, 0.0082579, 0.0083619375, 0.008409875, 0.0084961355, 0.008567273, 0.008596604, 0.008642955, 0.008673998, 0.008692947, 0.008699141, 0.008706463, 0.00870792, 0.008706008, 0.008694526, 0.008668419, 0.008648074, 0.008590646, 0.00850993, 0.008407892, 0.008350484, 0.008227416, 0.008098591, 0.008033702, 0.007903543, 0.0077708196, 0.0076290597, 0.0075525255, 0.007383162, 0.0071887644, 0.007081766, 0.006850693, 0.0066016875, 0.0064724954, 0.006208187, 0.005937854, 0.0056593325, 0.0055154497, 0.0052132313, 0.004884784, 0.004708335, 0.0043292902, 0.003927213, 0.0035579787, 0.0034281428, 0.0034018343, 0, 0, 0, 0
0, 0, 0, 0, 0, 0, 0, 0, 0, 0, 0, 0, 0, 0, 0, 0, 0, 0, 0, 0, 0, 0, 0, 0, 0, 0, 0, 0, 0, 0, 0, 0, 0, 0, 0, 0, 0, 0, 0, 0, 0, 0, 0, 0, 0, 0, 0, 0, 0, 0, 0, 0, 0, 0, 0, 0, 0, 0, 0, 0, 0, 0, 0, 0, 0, 0, 0, 0, 0, 0, 0, 0.003345749, 0.0030164814, 0.0029014146, 0.0031320015, 0.0034590703, 0.0036273869, 0.0039529046, 0.004256853, 0.0044004987, 0.004673373, 0.0049288506, 0.00505142, 0.0052877706, 0.005514419, 0.0057330998, 0.0058398847, 0.006048894, 0.0062515438, 0.006350544, 0.006544023, 0.006730956, 0.006911077, 0.006998331, 0.0071667167, 0.0073264283, 0.0074027935, 0.0075486456, 0.0076857684, 0.007751428, 0.007877398, 0.0079959575, 0.008106225, 0.008157656, 0.008251024, 0.008329748, 0.00836303, 0.008416957, 0.008455067, 0.008480228, 0.008489143, 0.008501524, 0.008508821, 0.008510494, 0.008508798, 0.008496107, 0.008483731, 0.008444269, 0.008381812, 0.00829582, 0.008244865, 0.008130079, 0.008003572, 0.007937549, 0.0078027523, 0.0076647974, 0.007520836, 0.007444747, 0.0072798473, 0.0070928535, 0.006989697, 0.006764358, 0.006517144, 0.00638716, 0.0061184824, 0.005841312, 0.005556365, 0.0054100333, 0.00510603, 0.004780945, 0.004608797, 0.004246117, 0.0038808025, 0.0035985145, 0.0035483125, 0.0037900456, 0, 0, 0, 0
0, 0, 0, 0, 0, 0, 0, 0, 0, 0, 0, 0, 0, 0, 0, 0, 0, 0, 0, 0, 0, 0, 0, 0, 0, 0, 0, 0, 0, 0, 0, 0, 0, 0, 0, 0, 0, 0, 0, 0, 0, 0, 0, 0, 0, 0, 0, 0, 0, 0, 0, 0, 0, 0, 0, 0, 0, 0, 0, 0, 0, 0, 0, 0, 0, 0, 0, 0, 0, 0, 0.00475848, 0.0035301489, 0.0031929074, 0.003005028, 0.0031481457, 0.0034026303, 0.0035423953, 0.0038237986, 0.004096898, 0.0042284294, 0.004480685, 0.0047196494, 0.0048349295, 0.005059017, 0.0052769445, 0.005490651, 0.0055961646, 0.005803875, 0.00600569, 0.0061037433, 0.006293162, 0.006472992, 0.006643199, 0.0067249765, 0.006882431, 0.0070332116, 0.007106384, 0.007248611, 0.0073856083, 0.0074522556, 0.00758152, 0.0077051213, 0.007822076, 0.007877486, 0.007980744, 0.008071097, 0.008110959, 0.008178421, 0.008229598, 0.008265612, 0.008278766, 0.008297595, 0.008308926, 0.008312492, 0.008315939, 0.0083126575, 0.008307033, 0.008285173, 0.008244868, 0.008182533, 0.0081429975, 0.008047946, 0.007934777, 0.0078728795, 0.00774097, 0.0076013627, 0.007454848, 0.0073783877, 0.0072154747, 0.007034846, 0.0069362386, 0.006720663, 0.0064812344, 0.006353641, 0.0060859974, 0.0058054402, 0.0055140844, 0.0053641605, 0.00505377, 0.004724944, 0.0045523085, 0.004195922, 0.003859148, 0.0036684994, 0.0037175736, 0.004428018, 0, 0, 0, 0
0, 0, 0, 0, 0, 0, 0, 0, 0, 0, 0, 0, 0, 0, 0, 0, 0, 0, 0, 0, 0, 0, 0, 0, 0, 0, 0, 0, 0, 0, 0, 0, 0, 0, 0, 0, 0, 0, 0, 0, 0, 0, 0, 0, 0, 0, 0, 0, 0, 0, 0, 0, 0, 0, 0, 0, 0, 0, 0, 0, 0, 0, 0, 0, 0, 0, 0, 0, 0, 0, 0.00354988, 0.0030908578, 0.0029641846, 0.0029501116, 0.003112196, 0.0033387805, 0.0034603414, 0.0037075116, 0.0039513255, 0.0040702666, 0.004300211, 0.0045194766, 0.0046256445, 0.0048330086, 0.0050367103, 0.0052392264, 0.005340429, 0.005542061, 0.0057400716, 0.0058366535, 0.006022714, 0.0061977115, 0.0063611483, 0.006439012, 0.0065886048, 0.006732464, 0.006802829, 0.006941817, 0.0070783654, 0.0071453447, 0.0072765285, 0.007402516, 0.0075225476, 0.0075800708, 0.0076888395, 0.007788474, 0.007834126, 0.007915897, 0.0079832645, 0.008035201, 0.008055458, 0.008085518, 0.008103666, 0.00810929, 0.008115304, 0.008115733, 0.008113444, 0.008102239, 0.008078586, 0.008038082, 0.00801041, 0.007939201, 0.007847253, 0.007793983, 0.0076753404, 0.0075434563, 0.0074008754, 0.0073259147, 0.0071675302, 0.0069947005, 0.0069015697, 0.006699043, 0.00647342, 0.006352024, 0.0060934178, 0.005816762, 0.0055241417, 0.0053719007, 0.0050539733, 0.0047133244, 0.0045334073, 0.004160353, 0.0038126248, 0.003631696, 0.003680229, 0.0040589366, 0, 0, 0, 0
0, 0, 0, 0, 0, 0, 0, 0, 0, 0, 0, 0, 0, 0, 0, 0, 0, 0, 0, 0, 0, 0, 0, 0, 0, 0, 0, 0, 0, 0, 0, 0, 0, 0, 0, 0, 0, 0, 0, 0, 0, 0, 0, 0, 0, 0, 0, 0, 0, 0, 0, 0, 0, 0, 0, 0, 0, 0, 0, 0, 0, 0, 0, 0, 0, 0, 0, 0, 0, 0, 0.0027637319, 0.0026341695, 0.002644494, 0.0027913006, 0.003011461, 0.0032460855, 0.003363206, 0.0035938993, 0.003818434, 0.0039273924, 0.00413798, 0.0043379543, 0.0044344594, 0.00462225, 0.0048065945, 0.004991485, 0.0050845486, 0.005272622, 0.005460659, 0.005553537, 0.0057341876, 0.0059054224, 0.006065846, 0.0061421273, 0.006288803, 0.0064303996, 0.006500059, 0.0066383826, 0.0067760334, 0.006843958, 0.0069768745, 0.0071036806, 0.0072230017, 0.007279829, 0.0073880255, 0.0074890438, 0.0075369687, 0.007627036, 0.007708062, 0.007777384, 0.007806902, 0.007854711, 0.00788697, 0.007897678, 0.0079100635, 0.007912689, 0.0079111, 0.0079023605, 0.007884928, 0.007855798, 0.007835904, 0.007783096, 0.0077113793, 0.007668322, 0.0075682397, 0.0074513527, 0.007320381, 0.007249989, 0.00710016, 0.0069368533, 0.006849328, 0.006660826, 0.0064517194, 0.0063390364, 0.0060966737, 0.0058330195, 0.0055490583, 0.0053992528, 0.005081903, 0.004735228, 0.004549351, 0.004157502, 0.003790413, 0.0036405704, 0.0037813762, 0.00482419, 0, 0, 0, 0
0, 0, 0, 0, 0, 0, 0, 0, 0, 0, 0, 0, 0, 0, 0, 0, 0, 0, 0, 0, 0, 0, 0, 0, 0, 0, 0, 0, 0, 0, 0, 0, 0, 0, 0, 0, 0, 0, 0, 0, 0, 0, 0, 0, 0, 0, 0, 0, 0, 0, 0, 0, 0, 0, 0, 0, 0, 0, 0, 0, 0, 0, 0, 0, 0, 0, 0, 0, 0, 0, 0.0028488275, 0.002491804, 0.0025002207, 0.0026749133, 0.0029142764, 0.0031528128, 0.0032674125, 0.0034880128, 0.0036980652, 0.0037991642, 0.0039932504, 0.0041758185, 0.00426299, 0.0044312137, 0.0045944545, 0.004758034, 0.0048409794, 0.005009648, 0.005181549, 0.005267984, 0.0054387534, 0.005604108, 0.0057616415, 0.0058372645, 0.0059831543, 0.0061244657, 0.006194352, 0.006333556, 0.0064727026, 0.006541796, 0.0066768983, 0.0068049026, 0.0069234357, 0.00697888, 0.007082883, 0.0071794684, 0.0072258296, 0.007315759, 0.007402661, 0.007484831, 0.0075228694, 0.007590619, 0.0076433015, 0.007663231, 0.007689616, 0.007699783, 0.007699691, 0.0076908357, 0.0076720677, 0.0076439125, 0.007625968, 0.0075811483, 0.007522202, 0.007486925, 0.00740367, 0.007303316, 0.007186741, 0.0071227127, 0.006983309, 0.0068291766, 0.0067464015, 0.0065688295, 0.006373401, 0.00626862, 0.006043832, 0.005798449, 0.005531679, 0.005389799, 0.0050868206, 0.0047533805, 0.004574114, 0.0041976827, 0.0038466253, 0.003667588, 0.003701608, 0, 0, 0, 0, 0
0, 0, 0, 0, 0, 0, 0, 0, 0, 0, 0, 0, 0, 0, 0, 0, 0, 0, 0, 0, 0, 0, 0, 0, 0, 0, 0, 0, 0, 0, 0, 0, 0, 0, 0, 0, 0, 0, 0, 0, 0, 0, 0, 0, 0, 0, 0, 0, 0, 0, 0, 0, 0, 0, 0, 0, 0, 0, 0, 0, 0, 0, 0, 0, 0, 0, 0, 0, 0, 0, 0.0025815147, 0.002443674, 0.0024756377, 0.0026495743, 0.002872574, 0.003093589, 0.0031993925, 0.0034018704, 0.0035937126, 0.0036859903, 0.0038627707, 0.0040286505, 0.0041074976, 0.004258192, 0.004403012, 0.0045464914, 0.0046189902, 0.004767403, 0.0049204035, 0.0049982034, 0.0051545682, 0.0053090435, 0.0054587307, 0.0055313865, 0.0056725913, 0.005809615, 0.0058775772, 0.0060138404, 0.0061512156, 0.0062201493, 0.0063563026, 0.0064864084, 0.0066063427, 0.006661918, 0.0067639705, 0.0068559567, 0.0068993266, 0.0069837645, 0.0070678424, 0.007152998, 0.0071952865, 0.0072767395, 0.0073484755, 0.007378838, 0.007425012, 0.0074502393, 0.0074551655, 0.0074510705, 0.0074320594, 0.007401535, 0.007382745, 0.0073386375, 0.0072848923, 0.007253896, 0.0071819867, 0.0070951753, 0.006991572, 0.006933172, 0.006803134, 0.0066555133, 0.006575379, 0.0064029237, 0.006214457, 0.0061144256, 0.0059020002, 0.005672287, 0.0054238033, 0.0052917846, 0.005010054, 0.00470371, 0.0045437124, 0.0042331954, 0.0040267566, 0.0041440623, 0.0043867324, 0, 0, 0, 0, 0
0, 0, 0, 0, 0, 0, 0, 0, 0, 0, 0, 0, 0, 0, 0, 0, 0, 0, 0, 0, 0, 0, 0, 0, 0, 0, 0, 0, 0, 0, 0, 0, 0, 0, 0, 0, 0, 0, 0, 0, 0, 0, 0, 0, 0, 0, 0, 0, 0, 0, 0, 0, 0, 0, 0, 0, 0, 0, 0, 0, 0, 0, 0, 0, 0, 0, 0, 0, 0, 0.0035581843, 0.00275785, 0.0025462122, 0.0025655206, 0.0027068171, 0.0028927305, 0.0030800193, 0.0031704153, 0.0033448152, 0.0035113029, 0.003592058, 0.003747903, 0.0038962371, 0.003967161, 0.0041031265, 0.004233221, 0.004360779, 0.0044248705, 0.0045554433, 0.0046902345, 0.0047590807, 0.0048984094, 0.0050371406, 0.0051724585, 0.005238326, 0.0053661135, 0.005490388, 0.005552036, 0.005676663, 0.0058047334, 0.005870231, 0.0060023456, 0.006132626, 0.006255389, 0.0063126152, 0.0064171166, 0.006508613, 0.006550234, 0.0066283136, 0.00670432, 0.0067824307, 0.006822771, 0.006904976, 0.006984883, 0.007021573, 0.007084282, 0.0071268547, 0.0071394863, 0.007147698, 0.0071352837, 0.007107189, 0.0070887078, 0.007045453, 0.006994769, 0.00696641, 0.0069021117, 0.0068251, 0.0067317425, 0.0066780387, 0.006555382, 0.0064121373, 0.0063330797, 0.006161482, 0.005974247, 0.005875559, 0.0056682373, 0.005447278, 0.0052107363, 0.0050855256, 0.0048186164, 0.0045307796, 0.004384658, 0.004131055, 0.004092563, 0.0046825693, 0.0053703785, 0, 0, 0, 0, 0
0, 0, 0, 0, 0, 0, 0, 0, 0, 0, 0, 0, 0, 0, 0, 0, 0, 0, 0, 0, 0, 0, 0, 0, 0, 0, 0, 0, 0, 0, 0, 0, 0, 0, 0, 0, 0, 0, 0, 0, 0, 0, 0, 0, 0, 0, 0, 0, 0, 0, 0, 0, 0, 0, 0, 0, 0, 0, 0, 0, 0, 0, 0, 0, 0, 0, 0, 0, 0.0042454926, 0.0036567263, 0.0028649927, 0.0026589883, 0.0026715666, 0.0027873458, 0.0029418273, 0.0030976066, 0.0031727678, 0.0033175896, 0.0034564992, 0.0035243996, 0.003657261, 0.0037862372, 0.0038492219, 0.0039713983, 0.0040893457, 0.0042046164, 0.004262176, 0.0043781474, 0.0044971406, 0.004557641, 0.004679524, 0.004800587, 0.004917916, 0.0049744598, 0.005083073, 0.0051872986, 0.0052386937, 0.005343202, 0.0054526576, 0.005510022, 0.0056300587, 0.005753755, 0.0058754752, 0.005933709, 0.0060413866, 0.006134855, 0.006176097, 0.006249911, 0.006316521, 0.0063816304, 0.0064150956, 0.0064852727, 0.006558061, 0.006593897, 0.0066600917, 0.006712678, 0.006731574, 0.0067529175, 0.0067521697, 0.0067326543, 0.0067174444, 0.0066796145, 0.006634271, 0.006609022, 0.0065519945, 0.00648354, 0.006399373, 0.006349948, 0.006234569, 0.0060964655, 0.006019071, 0.005849419, 0.005663371, 0.005565192, 0.005359997, 0.0051430934, 0.0049121934, 0.004790095, 0.0045278864, 0.004241961, 0.004095403, 0.003842914, 0.0038200768, 0.004468492, 0.005174127, 0, 0, 0, 0, 0
0, 0, 0, 0, 0, 0, 0, 0, 0, 0, 0, 0, 0, 0, 0, 0, 0, 0, 0, 0, 0, 0, 0, 0, 0, 0, 0, 0, 0, 0, 0, 0, 0, 0, 0, 0, 0, 0, 0, 0, 0, 0, 0, 0, 0, 0, 0, 0, 0, 0, 0, 0, 0, 0, 0, 0, 0, 0, 0, 0, 0, 0, 0, 0, 0, 0, 0, 0, 0.0031710346, 0.002957686, 0.00265532, 0.0026353686, 0.0026849469, 0.0028270052, 0.0029796362, 0.0031231858, 0.0031902853, 0.0033160986, 0.0034339207, 0.0034906943, 0.0036022144, 0.0037123829, 0.0037670687, 0.0038751273, 0.0039808974, 0.0040848088, 0.004136174, 0.0042388854, 0.0043427357, 0.0043951008, 0.00450019, 0.004603998, 0.004703904, 0.0047515607, 0.004841924, 0.004926157, 0.004966834, 0.0050483583, 0.005134129, 0.005179981, 0.005278531, 0.0053855604, 0.0054962914, 0.005551114, 0.0056551164, 0.005746835, 0.005787223, 0.0058569913, 0.005915017, 0.0059667435, 0.005991942, 0.0060435645, 0.0060980716, 0.0061260923, 0.0061808904, 0.006229008, 0.0062483572, 0.006274317, 0.0062814825, 0.0062706983, 0.006259715, 0.0062297145, 0.006191662, 0.0061700367, 0.006121081, 0.006061376, 0.0059863823, 0.0059417873, 0.0058356887, 0.0057062544, 0.005632867, 0.0054707606, 0.0052913316, 0.005196282, 0.004996961, 0.004785623, 0.004559582, 0.0044397097, 0.004182387, 0.0039015654, 0.0037586405, 0.0035179902, 0.003491807, 0.0037955523, 0, 0, 0, 0, 0, 0
0, 0, 0, 0, 0, 0, 0, 0, 0, 0, 0, 0, 0, 0, 0, 0, 0, 0, 0, 0, 0, 0, 0, 0, 0, 0, 0, 0, 0, 0, 0, 0, 0, 0, 0, 0, 0, 0, 0, 0, 0, 0, 0, 0, 0, 0, 0, 0, 0, 0, 0, 0, 0, 0, 0, 0, 0, 0, 0, 0, 0, 0, 0, 0, 0, 0, 0, 0, 0.0025339222, 0.0024597694, 0.0024248846, 0.0025508315, 0.0026397621, 0.002824301, 0.0029948598, 0.0031450226, 0.0032125737, 0.0033344233, 0.003442888, 0.003493464, 0.003590482, 0.0036849757, 0.0037317828, 0.00382585, 0.0039188284, 0.004010117, 0.004055101, 0.0041437526, 0.004231056, 0.0042746565, 0.004361765, 0.00444804, 0.004532213, 0.0045725596, 0.004649054, 0.0047191074, 0.0047520828, 0.0048156423, 0.004879649, 0.0049130926, 0.0049851537, 0.005065304, 0.005151998, 0.005196486, 0.005283704, 0.005363546, 0.0053992826, 0.0054610716, 0.005510525, 0.005551093, 0.005569442, 0.0056042313, 0.00563912, 0.0056567127, 0.0056915763, 0.005723016, 0.005736124, 0.0057539484, 0.0057581337, 0.0057489444, 0.0057398053, 0.00571433, 0.0056817047, 0.0056629456, 0.005620145, 0.0055677653, 0.0055008265, 0.0054607713, 0.0053648576, 0.0052467473, 0.0051796706, 0.005030711, 0.004865144, 0.004776806, 0.004590393, 0.004390174, 0.004173798, 0.0040585604, 0.00381308, 0.0035558657, 0.0034340422, 0.0032742792, 0.0034622506, 0.0044391737, 0, 0, 0, 0, 0, 0
0, 0, 0, 0, 0, 0, 0, 0, 0, 0, 0, 0, 0, 0, 0, 0, 0, 0, 0, 0, 0, 0, 0, 0, 0, 0, 0, 0, 0, 0, 0, 0, 0, 0, 0, 0, 0, 0, 0, 0, 0, 0, 0, 0, 0, 0, 0, 0, 0, 0, 0, 0, 0, 0, 0, 0, 0, 0, 0, 0, 0, 0, 0, 0, 0, 0, 0, 0.003981403, 0.002955077, 0.0026692897, 0.0024927196, 0.0025814087, 0.0026627623, 0.0028459444, 0.0030274936, 0.0031943289, 0.0032709006, 0.0034080476, 0.0035248096, 0.0035763835, 0.0036683255, 0.0037499976, 0.0037885157, 0.003863601, 0.003937147, 0.004008795, 0.0040430916, 0.004106817, 0.004162625, 0.0041879257, 0.004233733, 0.004276397, 0.004318833, 0.004340945, 0.0043864637, 0.004432966, 0.0044558714, 0.004499197, 0.00453703, 0.004553133, 0.0045799115, 0.0046004904, 0.004618113, 0.004626418, 0.0046435115, 0.0046620104, 0.0046717734, 0.0046916977, 0.0047115567, 0.0047303187, 0.0047391783, 0.0047547244, 0.004766514, 0.004770644, 0.004774191, 0.004770117, 0.004765064, 0.0047487044, 0.0047248453, 0.004695251, 0.0046788612, 0.004644652, 0.004608659, 0.0045896713, 0.004548783, 0.0045011765, 0.004442426, 0.004407366, 0.004324524, 0.004224191, 0.004167948, 0.004045617, 0.003912336, 0.0038423187, 0.0036942146, 0.0035324183, 0.0033506125, 0.0032507146, 0.0030380788, 0.0028425346, 0.002783819, 0.0028932416, 0.0036154704, 0, 0, 0, 0, 0, 0, 0
0, 0, 0, 0, 0, 0, 0, 0, 0, 0, 0, 0, 0, 0, 0, 0, 0, 0, 0, 0, 0, 0, 0, 0, 0, 0, 0, 0, 0, 0, 0, 0, 0, 0, 0, 0, 0, 0, 0, 0, 0, 0, 0, 0, 0, 0, 0, 0, 0, 0, 0, 0, 0, 0, 0, 0, 0, 0, 0, 0, 0, 0, 0, 0, 0, 0, 0, 0.0029814949, 0.0025983918, 0.0024936856, 0.0024824804, 0.0026128676, 0.0026986832, 0.002881221, 0.003062224, 0.0032317725, 0.003310776, 0.003454418, 0.0035782012, 0.0036325962, 0.003728538, 0.0038119121, 0.0038504035, 0.0039235116, 0.003994615, 0.0040631583, 0.0040957355, 0.0041549555, 0.0042032185, 0.004222683, 0.0042527514, 0.0042740917, 0.004290975, 0.0042993175, 0.0043181777, 0.0043411455, 0.0043541184, 0.0043809833, 0.004405431, 0.0044149095, 0.004426403, 0.0044264044, 0.004416051, 0.0044078673, 0.004388886, 0.0043700016, 0.0043618632, 0.004349755, 0.0043436144, 0.0043426096, 0.0043435134, 0.004346354, 0.0043470515, 0.004345945, 0.0043383455, 0.0043218834, 0.004310042, 0.0042796135, 0.0042421436, 0.004200827, 0.004179601, 0.004137734, 0.004097446, 0.004077491, 0.004036731, 0.003991345, 0.003936318, 0.0039037878, 0.00382683, 0.0037338103, 0.0036818327, 0.0035699583, 0.003450006, 0.0033880384, 0.003259491, 0.003121415, 0.0029649695, 0.0028773625, 0.0026826237, 0.0024936865, 0.0024346276, 0.0025517528, 0.0033127675, 0, 0, 0, 0, 0, 0, 0
0, 0, 0, 0, 0, 0, 0, 0, 0, 0, 0, 0, 0, 0, 0, 0, 0, 0, 0, 0, 0, 0, 0, 0, 0, 0, 0, 0, 0, 0, 0, 0, 0, 0, 0, 0, 0, 0, 0, 0, 0, 0, 0, 0, 0, 0, 0, 0, 0, 0, 0, 0, 0, 0, 0, 0, 0, 0, 0, 0, 0, 0, 0, 0, 0, 0, 0, 0.0023349856, 0.0022543452, 0.0022778506, 0.0024240606, 0.0026222968, 0.002724117, 0.0029218064, 0.0031080383, 0.0032808927, 0.003361617, 0.003509377, 0.0036376861, 0.003694385, 0.0037946866, 0.003880755, 0.0039199535, 0.0039939154, 0.0040648626, 0.0041333134, 0.0041660615, 0.004225351, 0.0042725652, 0.004290331, 0.004312885, 0.004319885, 0.0043155206, 0.0043109525, 0.004300981, 0.0042938753, 0.004292289, 0.0042931917, 0.0042962204, 0.0042968784, 0.004292779, 0.004277738, 0.0042494135, 0.0042306213, 0.004186722, 0.0041384664, 0.004114698, 0.004070748, 0.0040343534, 0.0040057553, 0.0039940174, 0.0039735045, 0.0039536743, 0.0039431276, 0.0039183754, 0.0038867227, 0.0038680306, 0.0038250007, 0.0037766807, 0.0037263664, 0.003701484, 0.0036541359, 0.0036104964, 0.0035897924, 0.0035499202, 0.0035084542, 0.0034602727, 0.0034320601, 0.003365329, 0.0032841412, 0.003238871, 0.0031407233, 0.0030364068, 0.0029829585, 0.0028743001, 0.0027615791, 0.00263808, 0.0025697956, 0.002417573, 0.002265892, 0.0022130606, 0.0022276144, 0, 0, 0, 0, 0, 0, 0, 0
0, 0, 0, 0, 0, 0, 0, 0, 0, 0, 0, 0, 0, 0, 0, 0, 0, 0, 0, 0, 0, 0, 0, 0, 0, 0, 0, 0, 0, 0, 0, 0, 0, 0, 0, 0, 0, 0, 0, 0, 0, 0, 0, 0, 0, 0, 0, 0, 0, 0, 0, 0, 0, 0, 0, 0, 0, 0, 0, 0, 0, 0, 0, 0, 0, 0, 0, 0.0024931177, 0.002238547, 0.0022627758, 0.0024375054, 0.0026606226, 0.0027708898, 0.0029791268, 0.0031702418, 0.003345627, 0.0034273162, 0.0035771828, 0.003708091, 0.0037662887, 0.003869138, 0.003957228, 0.0039966977, 0.0040701064, 0.004139487, 0.004206303, 0.0042382916, 0.004297481, 0.004345072, 0.0043627378, 0.004384055, 0.0043855864, 0.0043700286, 0.0043573556, 0.00432586, 0.004291985, 0.004276163, 0.004247766, 0.0042237765, 0.0042125573, 0.0041883755, 0.004157782, 0.004116646, 0.004091584, 0.0040336405, 0.003967821, 0.003933546, 0.0038650623, 0.0038008462, 0.0037423768, 0.003715295, 0.0036638624, 0.0036141307, 0.0035894143, 0.0035386502, 0.0034851104, 0.003457272, 0.0033993716, 0.00334034, 0.0032822683, 0.0032543864, 0.0032018027, 0.0031539842, 0.0031317808, 0.0030902745, 0.0030501273, 0.0030077628, 0.0029844819, 0.002930998, 0.0028671871, 0.0028316611, 0.002754668, 0.002671578, 0.0026287765, 0.0025422398, 0.002454671, 0.0023664162, 0.002322337, 0.0022423838, 0.0022146127, 0.0022518402, 0.0025043334, 0, 0, 0, 0, 0, 0, 0, 0
0, 0, 0, 0, 0, 0, 0, 0, 0, 0, 0, 0, 0, 0, 0, 0, 0, 0, 0, 0, 0, 0, 0, 0, 0, 0, 0, 0, 0, 0, 0, 0, 0, 0, 0, 0, 0, 0, 0, 0, 0, 0, 0, 0, 0, 0, 0, 0, 0, 0, 0, 0, 0, 0, 0, 0, 0, 0, 0, 0, 0, 0, 0, 0, 0, 0, 0.0033936116, 0.0026468372, 0.002387807, 0.0023977798, 0.002545869, 0.0027523667, 0.0028578178, 0.0030609241, 0.0032494182, 0.0034229185, 0.0035038579, 0.003653239, 0.0037850922, 0.0038438935, 0.0039481693, 0.004036712, 0.0040758266, 0.0041466174, 0.0042107557, 0.004270718, 0.004299256, 0.004352112, 0.0043950616, 0.0044114953, 0.004431691, 0.004432777, 0.0044150767, 0.0044000307, 0.0043604393, 0.0043127877, 0.0042879367, 0.0042379135, 0.004189259, 0.0041655055, 0.0041176104, 0.0040669804, 0.0040106284, 0.0039795176, 0.0039108736, 0.0038342148, 0.0037935874, 0.0037103635, 0.0036266919, 0.0035444917, 0.0035040404, 0.0034238994, 0.003343891, 0.0033038177, 0.0032242185, 0.0031452675, 0.003106455, 0.0030307935, 0.0029587927, 0.0028918993, 0.0028602567, 0.0028008765, 0.0027458877, 0.0027199436, 0.002671052, 0.002625485, 0.0025823624, 0.0025608926, 0.0025171568, 0.0024702481, 0.0024454845, 0.0023928592, 0.0023362292, 0.0023065198, 0.002244142, 0.0021791842, 0.002116613, 0.0020906786, 0.002074222, 0.0021891107, 0.0023531022, 0.003040497, 0, 0, 0, 0, 0, 0, 0, 0
0, 0, 0, 0, 0, 0, 0, 0, 0, 0, 0, 0, 0, 0, 0, 0, 0, 0, 0, 0, 0, 0, 0, 0, 0, 0, 0, 0, 0, 0, 0, 0, 0, 0, 0, 0, 0, 0, 0, 0, 0, 0, 0, 0, 0, 0, 0, 0, 0, 0, 0, 0, 0, 0, 0, 0, 0, 0, 0, 0, 0, 0, 0, 0, 0, 0, 0.0032888092, 0.002677312, 0.002523073, 0.0025464273, 0.0026848537, 0.0028699825, 0.0029661148, 0.003154059, 0.0033318573, 0.0034969412, 0.003574393, 0.003719061, 0.0038483702, 0.0039067236, 0.004011209, 0.0040996587, 0.004138393, 0.0042062765, 0.0042636427, 0.004312923, 0.004335023, 0.0043739225, 0.0044044307, 0.004415964, 0.004429318, 0.0044281804, 0.004411833, 0.004398028, 0.0043607526, 0.004312764, 0.00428587, 0.0042273947, 0.004164153, 0.0041310447, 0.004062144, 0.0039890422, 0.003912047, 0.0038718956, 0.0037881266, 0.0037000608, 0.0036545626, 0.0035618602, 0.0034676967, 0.0033727011, 0.003324534, 0.0032268686, 0.0031264748, 0.0030755147, 0.0029737065, 0.002873538, 0.0028248623, 0.0027320015, 0.002646491, 0.0025690387, 0.0025332265, 0.0024654074, 0.0024020057, 0.0023711256, 0.0023113478, 0.0022545788, 0.00220273, 0.0021789507, 0.00213562, 0.0020978255, 0.0020805383, 0.0020477409, 0.0020155623, 0.0019985188, 0.0019603884, 0.0019153467, 0.0018672223, 0.0018475481, 0.0018517203, 0.0020241814, 0.0022410855, 0.0029959774, 0, 0, 0, 0, 0, 0, 0, 0
0, 0, 0, 0, 0, 0, 0, 0, 0, 0, 0, 0, 0, 0, 0, 0, 0, 0, 0, 0, 0, 0, 0, 0, 0, 0, 0, 0, 0, 0, 0, 0, 0, 0, 0, 0, 0, 0, 0, 0, 0, 0, 0, 0, 0, 0, 0, 0, 0, 0, 0, 0, 0, 0, 0, 0, 0, 0, 0, 0, 0, 0, 0, 0, 0, 0, 0.0026953178, 0.0025272954, 0.0025603573, 0.0026228393, 0.0027859404, 0.002965338, 0.0030547737, 0.0032285135, 0.003392005, 0.0035440377, 0.0036155963, 0.0037492395, 0.0038704337, 0.0039260536, 0.0040274365, 0.0041150334, 0.0041535064, 0.0042200633, 0.0042727264, 0.004312734, 0.004328295, 0.0043512783, 0.004364442, 0.0043675774, 0.004366529, 0.0043565813, 0.0043371553, 0.004323819, 0.004290077, 0.004246893, 0.0042220266, 0.0041651023, 0.0040986277, 0.0040616645, 0.003979971, 0.0038890336, 0.003791177, 0.0037404343, 0.0036372668, 0.0035333864, 0.0034817206, 0.0033799172, 0.0032798885, 0.0031805048, 0.0031302369, 0.0030276636, 0.0029207754, 0.0028658668, 0.0027542713, 0.0026427915, 0.002588189, 0.0024836296, 0.0023873425, 0.0023007952, 0.0022611676, 0.002186988, 0.0021174066, 0.002083408, 0.0020162286, 0.0019503534, 0.0018886292, 0.0018602571, 0.0018105984, 0.0017715135, 0.001755925, 0.0017320155, 0.0017145298, 0.0017065273, 0.0016884516, 0.0016633045, 0.0016311316, 0.0016172285, 0.0016266281, 0.0017925196, 0.0020021347, 0, 0, 0, 0, 0, 0, 0, 0, 0
0, 0, 0, 0, 0, 0, 0, 0, 0, 0, 0, 0, 0, 0, 0, 0, 0, 0, 0, 0, 0, 0, 0, 0, 0, 0, 0, 0, 0, 0, 0, 0, 0, 0, 0, 0, 0, 0, 0, 0, 0, 0, 0, 0, 0, 0, 0, 0, 0, 0, 0, 0, 0, 0, 0, 0, 0, 0, 0, 0, 0, 0, 0, 0, 0, 0.00297201, 0.0025051504, 0.002429425, 0.0025525517, 0.002640217, 0.00282558, 0.0030057973, 0.0030916792, 0.0032545049, 0.0034043528, 0.003541364, 0.0036048961, 0.0037228356, 0.0038294082, 0.003878663, 0.0039706295, 0.0040530115, 0.004090193, 0.004155345, 0.004207151, 0.0042435797, 0.0042557726, 0.0042681126, 0.004266166, 0.004260608, 0.004242219, 0.0042166375, 0.0041859224, 0.004168796, 0.0041313907, 0.0040884246, 0.004064731, 0.0040111025, 0.0039470936, 0.003910108, 0.0038258773, 0.003727512, 0.003617298, 0.003559205, 0.003439789, 0.0033203592, 0.0032621243, 0.0031498526, 0.0030435908, 0.0029419975, 0.00289188, 0.0027910657, 0.0026868337, 0.00263312, 0.0025223563, 0.0024095199, 0.0023533371, 0.0022442895, 0.0021427767, 0.0020512266, 0.0020094772, 0.0019335209, 0.0018644459, 0.0018311995, 0.0017659676, 0.0017011455, 0.0016376027, 0.0016073654, 0.0015524103, 0.0015077363, 0.0014899499, 0.0014643464, 0.0014497678, 0.0014455776, 0.0014393945, 0.0014329858, 0.0014289619, 0.0014342999, 0.0014902883, 0.0016577506, 0.0017566908, 0, 0, 0, 0, 0, 0, 0, 0, 0
0, 0, 0, 0, 0, 0, 0, 0, 0, 0, 0, 0, 0, 0, 0, 0, 0, 0, 0, 0, 0, 0, 0, 0, 0, 0, 0, 0, 0, 0, 0, 0, 0, 0, 0, 0, 0, 0, 0, 0, 0, 0, 0, 0, 0, 0, 0, 0, 0, 0, 0, 0, 0, 0, 0, 0, 0, 0, 0, 0, 0, 0, 0, 0, 0.0032598327, 0.0029078436, 0.0024593372, 0.0024048053, 0.0025350007, 0.0026232877, 0.0028062148, 0.0029798257, 0.003061521, 0.00321409, 0.003351684, 0.0034739405, 0.0035291351, 0.0036291846, 0.003716791, 0.003756812, 0.0038319197, 0.0039011177, 0.0039334684, 0.0039928877, 0.0040427316, 0.004078978, 0.004090828, 0.004101049, 0.004092829, 0.004082141, 0.0040506935, 0.0040091868, 0.0039620507, 0.003937327, 0.0038872147, 0.003835543, 0.0038089543, 0.0037528754, 0.0036896996, 0.0036541065, 0.003573442, 0.003478323, 0.0033691032, 0.0033102222, 0.0031867432, 0.0030604347, 0.0029981954, 0.0028776738, 0.0027647254, 0.002659456, 0.0026088306, 0.0025091476, 0.0024088013, 0.002357496, 0.0022521561, 0.0021436932, 0.0020889128, 0.0019810298, 0.001879406, 0.0017877223, 0.0017462365, 0.0016726236, 0.0016095666, 0.0015807323, 0.0015265292, 0.001473946, 0.0014211333, 0.0013948514, 0.001344283, 0.0012993796, 0.0012803982, 0.001250761, 0.0012331415, 0.0012284826, 0.0012249957, 0.00123102, 0.001259248, 0.0012941858, 0.0014620756, 0.0018710709, 0.0021591869, 0, 0, 0, 0, 0, 0, 0, 0, 0
0, 0, 0, 0, 0, 0, 0, 0, 0, 0, 0, 0, 0, 0, 0, 0, 0, 0, 0, 0, 0, 0, 0, 0, 0, 0, 0, 0, 0, 0, 0, 0, 0, 0, 0, 0, 0, 0, 0, 0, 0, 0, 0, 0, 0, 0, 0, 0, 0, 0, 0, 0, 0, 0, 0, 0, 0, 0, 0, 0, 0, 0, 0, 0, 0.0030022573, 0.002681229, 0.002366557, 0.0023573902, 0.0024818743, 0.0025616623, 0.002727241, 0.0028855596, 0.0029604277, 0.003099683, 0.0032242963, 0.0033331336, 0.0033811312, 0.0034646716, 0.0035334157, 0.0035636653, 0.0036179684, 0.003667384, 0.0036907247, 0.003734879, 0.003774423, 0.0038058122, 0.0038171432, 0.0038278769, 0.003820136, 0.0038091743, 0.003773464, 0.0037230982, 0.0036632412, 0.0036311722, 0.0035652448, 0.0034992034, 0.0034663442, 0.0034004978, 0.003332554, 0.0032967518, 0.0032195381, 0.0031327421, 0.0030344473, 0.0029812225, 0.0028676484, 0.002748001, 0.0026873723, 0.0025670945, 0.0024517826, 0.0023430279, 0.0022909958, 0.002190584, 0.0020921149, 0.0020428142, 0.0019427527, 0.0018404549, 0.0017888591, 0.001686604, 0.0015893904, 0.0015016646, 0.0014622813, 0.0013939476, 0.001338509, 0.0013149835, 0.0012745723, 0.0012391892, 0.001205087, 0.0011876285, 0.0011523636, 0.0011183606, 0.0011029235, 0.0010770914, 0.0010598155, 0.0010547712, 0.0010521827, 0.0010646777, 0.0011134412, 0.0011678935, 0.001401279, 0.0018550956, 0, 0, 0, 0, 0, 0, 0, 0, 0, 0
0, 0, 0, 0, 0, 0, 0, 0, 0, 0, 0, 0, 0, 0, 0, 0, 0, 0, 0, 0, 0, 0, 0, 0, 0, 0, 0, 0, 0, 0, 0, 0, 0, 0, 0, 0, 0, 0, 0, 0, 0, 0, 0, 0, 0, 0, 0, 0, 0, 0, 0, 0, 0, 0, 0, 0, 0, 0, 0, 0, 0, 0, 0, 0, 0.002345388, 0.0022379097, 0.0021603422, 0.0022297644, 0.0023622003, 0.0024360705, 0.0025839184, 0.0027232938, 0.002788926, 0.0029109514, 0.0030197473, 0.0031141648, 0.003155785, 0.0032264856, 0.0032813307, 0.0033036552, 0.0033397714, 0.003367808, 0.0033798607, 0.0034009693, 0.00341925, 0.0034340692, 0.0034392339, 0.003442604, 0.003433288, 0.0034228314, 0.003389096, 0.0033391214, 0.0032757367, 0.003240469, 0.003164995, 0.0030866093, 0.0030470549, 0.0029687367, 0.002891197, 0.0028524785, 0.0027741604, 0.0026927306, 0.0026060604, 0.0025607385, 0.002464016, 0.0023606145, 0.0023072208, 0.0021980507, 0.0020892345, 0.0019834954, 0.0019323238, 0.0018333346, 0.0017382298, 0.001691503, 0.0015987933, 0.0015060087, 0.0014595987, 0.0013681737, 0.0012816082, 0.0012034698, 0.0011684846, 0.0011080094, 0.0010602586, 0.0010412803, 0.0010113971, 0.0009900411, 0.0009729991, 0.000965242, 0.00094999396, 0.0009350081, 0.0009281511, 0.0009171227, 0.00091148337, 0.0009107733, 0.0009169014, 0.00094305794, 0.0010167438, 0.0010874218, 0.0013370119, 0, 0, 0, 0, 0, 0, 0, 0, 0, 0, 0
0, 0, 0, 0, 0, 0, 0, 0, 0, 0, 0, 0, 0, 0, 0, 0, 0, 0, 0, 0, 0, 0, 0, 0, 0, 0, 0, 0, 0, 0, 0, 0, 0, 0, 0, 0, 0, 0, 0, 0, 0, 0, 0, 0, 0, 0, 0, 0, 0, 0, 0, 0, 0, 0, 0, 0, 0, 0, 0, 0, 0, 0, 0, 0.0023748449, 0.002014183, 0.0019347725, 0.0019369905, 0.0020440319, 0.0021802555, 0.002248608, 0.0023793636, 0.002498063, 0.0025528136, 0.0026532898, 0.0027420677, 0.0028192366, 0.0028535405, 0.0029123523, 0.0029575462, 0.0029746816, 0.0029987611, 0.003011134, 0.0030134926, 0.003011706, 0.0030037852, 0.0029918407, 0.0029844048, 0.002967365, 0.002944846, 0.002930894, 0.002895267, 0.0028479202, 0.0027884825, 0.0027544193, 0.0026789606, 0.0025961592, 0.0025531375, 0.0024657513, 0.002378101, 0.0023349633, 0.002250125, 0.0021669543, 0.0020849537, 0.0020438398, 0.0019603581, 0.0018736179, 0.0018292699, 0.0017375168, 0.0016441916, 0.0015511478, 0.0015052833, 0.0014162497, 0.0013313494, 0.0012903352, 0.0012110419, 0.001134356, 0.0010969401, 0.0010244179, 0.0009570427, 0.00089738914, 0.00087091426, 0.0008248524, 0.0007884605, 0.0007739144, 0.0007519786, 0.0007386596, 0.00073193683, 0.0007306073, 0.00073126925, 0.0007358237, 0.0007396147, 0.0007506875, 0.00076579925, 0.00077526015, 0.0008018804, 0.00085719675, 0.000994311, 0.0011161149, 0.0013730592, 0, 0, 0, 0, 0, 0, 0, 0, 0, 0, 0
0, 0, 0, 0, 0, 0, 0, 0, 0, 0, 0, 0, 0, 0, 0, 0, 0, 0, 0, 0, 0, 0, 0, 0, 0, 0, 0, 0, 0, 0, 0, 0, 0, 0, 0, 0, 0, 0, 0, 0, 0, 0, 0, 0, 0, 0, 0, 0, 0, 0, 0, 0, 0, 0, 0, 0, 0, 0, 0, 0, 0, 0, 0, 0.0021449185, 0.0017782785, 0.0017118811, 0.0017263924, 0.0018304999, 0.001954567, 0.0020152465, 0.0021271002, 0.002223835, 0.0022665781, 0.002342015, 0.0024059196, 0.0024611016, 0.002485861, 0.0025291147, 0.0025635557, 0.0025767174, 0.0025936407, 0.0025970729, 0.0025938374, 0.0025765833, 0.0025476767, 0.002509692, 0.0024885277, 0.0024432207, 0.0023962692, 0.0023724942, 0.0023238638, 0.0022718683, 0.0022139573, 0.0021821023, 0.002111528, 0.0020321547, 0.0019896168, 0.0019002485, 0.0018074694, 0.0017606332, 0.001667942, 0.0015776276, 0.0014912927, 0.0014495639, 0.0013689649, 0.0012909721, 0.0012526818, 0.001177127, 0.0011026233, 0.0010293514, 0.0009932563, 0.0009230513, 0.00085642445, 0.0008249226, 0.00076571404, 0.0007116409, 0.00068639516, 0.00063981034, 0.0005996004, 0.00056672725, 0.0005533091, 0.00053147716, 0.0005153464, 0.00050914596, 0.00050009036, 0.0004956112, 0.00049650343, 0.0004989048, 0.00050994725, 0.000529262, 0.00054245914, 0.00057531765, 0.00061489677, 0.00063697266, 0.00068905595, 0.0007748403, 0.0009879167, 0.0012238716, 0.0019157717, 0, 0, 0, 0, 0, 0, 0, 0, 0, 0, 0
0, 0, 0, 0, 0, 0, 0, 0, 0, 0, 0, 0, 0, 0, 0, 0, 0, 0, 0, 0, 0, 0, 0, 0, 0, 0, 0, 0, 0, 0, 0, 0, 0, 0, 0, 0, 0, 0, 0, 0, 0, 0, 0, 0, 0, 0, 0, 0, 0, 0, 0, 0, 0, 0, 0, 0, 0, 0, 0, 0, 0, 0, 0, 0.0016267395, 0.001482963, 0.0014625918, 0.0015021806, 0.0015951284, 0.0017011089, 0.001751976, 0.0018437842, 0.0019187785, 0.0019499051, 0.0020000737, 0.0020377538, 0.0020666572, 0.0020790475, 0.0021008682, 0.0021186078, 0.0021254385, 0.0021332472, 0.002130294, 0.0021239752, 0.0020997433, 0.002060531, 0.0020073156, 0.0019764055, 0.0019090367, 0.001837667, 0.0018019248, 0.0017316667, 0.0016638712, 0.0015974242, 0.0015637198, 0.0014937773, 0.0014184477, 0.0013785844, 0.0012934823, 0.0012028073, 0.0011555828, 0.0010592825, 0.0009629123, 0.0008691239, 0.00082427956, 0.00073890993, 0.0006607108, 0.00062438817, 0.0005577368, 0.00049844873, 0.00044494684, 0.00041965058, 0.00037202673, 0.00032785189, 0.0003072915, 0.00027027464, 0.00023890629, 0.00022575298, 0.00020475521, 0.00019223974, 0.00018914034, 0.00019113971, 0.0002004565, 0.0002146193, 0.00022246127, 0.00023827162, 0.00025353677, 0.00026930062, 0.0002783787, 0.00030109586, 0.00033383674, 0.00035481527, 0.00040657682, 0.0004696335, 0.0005048903, 0.0005844118, 0.0006880985, 0.0008316901, 0.00089700636, 0, 0, 0, 0, 0, 0, 0, 0, 0, 0, 0, 0
0, 0, 0, 0, 0, 0, 0, 0, 0, 0, 0, 0, 0, 0, 0, 0, 0, 0, 0, 0, 0, 0, 0, 0, 0, 0, 0, 0, 0, 0, 0, 0, 0, 0, 0, 0, 0, 0, 0, 0, 0, 0, 0, 0, 0, 0, 0, 0, 0, 0, 0, 0, 0, 0, 0, 0, 0, 0, 0, 0, 0, 0, 0.0014970863, 0.0013052765, 0.0012243631, 0.0012244653, 0.0012721282, 0.0013492302, 0.0014329773, 0.0014730517, 0.0015444813, 0.0016005491, 0.0016216126, 0.0016513724, 0.0016660369, 0.0016701532, 0.0016695444, 0.0016660581, 0.0016609319, 0.001657496, 0.0016489086, 0.0016349118, 0.0016245182, 0.0015952605, 0.0015529181, 0.0014962957, 0.0014629441, 0.0013878688, 0.0013039316, 0.0012600353, 0.0011709243, 0.0010831938, 0.0009993357, 0.00095872587, 0.00087952754, 0.00080147537, 0.000762154, 0.00068159687, 0.0005968947, 0.0005527202, 0.00046080025, 0.00036544903, 0.00027022616, 0.00022359919, 0.00013420387, 5.32176e-05, 1.675045e-05, -4.707813e-05, -9.8186785e-05, -0.0001377495, -0.00015447667, -0.00018335189, -0.00020777165, -0.00021848093, -0.00023740367, -0.00025158146, -0.000256155, -0.0002589722, -0.00025110002, -0.0002301957, -0.00021478476, -0.00017545898, -0.00012805099, -0.000102659535, -5.2172494e-05, -4.0944315e-06, 4.0493866e-05, 6.2103965e-05, 0.000106858824, 0.0001584614, 0.00018866088, 0.0002591965, 0.00034432395, 0.00039309266, 0.0005100842, 0.0006785982, 0.0009247716, 0.0010233911, 0, 0, 0, 0, 0, 0, 0, 0, 0, 0, 0, 0
0, 0, 0, 0, 0, 0, 0, 0, 0, 0, 0, 0, 0, 0, 0, 0, 0, 0, 0, 0, 0, 0, 0, 0, 0, 0, 0, 0, 0, 0, 0, 0, 0, 0, 0, 0, 0, 0, 0, 0, 0, 0, 0, 0, 0, 0, 0, 0, 0, 0, 0, 0, 0, 0, 0, 0, 0, 0, 0, 0, 0, 0.0013997289, 0.001285816, 0.0010956894, 0.0010278408, 0.0010265331, 0.0010573968, 0.0011085946, 0.0011649873, 0.0011925669, 0.0012423309, 0.0012805423, 0.0012940363, 0.0013096092, 0.001309527, 0.0012960668, 0.001285782, 0.0012598982, 0.0012307147, 0.0012154909, 0.0011845024, 0.0011514422, 0.0011334888, 0.0010936614, 0.0010466763, 0.0009910774, 0.0009596029, 0.0008884568, 0.0008064116, 0.00076153246, 0.00066599675, 0.0005658433, 0.0004653683, 0.0004162837, 0.00032178967, 0.0002329453, 0.00019051033, 0.000109024535, 2.8937642e-05, -1.1402575e-05, -9.437577e-05, -0.00018070538, -0.0002689876, -0.00031308024, -0.0003986466, -0.00047769665, -0.00051344995, -0.0005753748, -0.00062269263, -0.00065566675, -0.0006677486, -0.00068474154, -0.0006960302, -0.0007003452, -0.000706758, -0.00070965925, -0.00070908223, -0.00070100353, -0.0006810701, -0.0006455224, -0.000621425, -0.0005614301, -0.0004879944, -0.00044785877, -0.0003638466, -0.00027969966, -0.00019901183, -0.00015973674, -8.3283245e-05, -4.3781624e-06, 3.786575e-05, 0.00013073845, 0.00023788691, 0.00029880242, 0.00044891244, 0.0006920037, 0.0011981789, 0.0014023765, 0, 0, 0, 0, 0, 0, 0, 0, 0, 0, 0, 0
0, 0, 0, 0, 0, 0, 0, 0, 0, 0, 0, 0, 0, 0, 0, 0, 0, 0, 0, 0, 0, 0, 0, 0, 0, 0, 0, 0, 0, 0, 0, 0, 0, 0, 0, 0, 0, 0, 0, 0, 0, 0, 0, 0, 0, 0, 0, 0, 0, 0, 0, 0, 0, 0, 0, 0, 0, 0, 0, 0, 0, 0.0011793604, 0.0010721504, 0.00092348555, 0.0008644316, 0.0008568113, 0.00086304883, 0.00088328717, 0.00090790854, 0.00092066254, 0.0009443489, 0.0009631188, 0.0009694484, 0.0009740714, 0.00096675975, 0.00094649266, 0.0009315178, 0.0008939, 0.0008481356, 0.00082317967, 0.00077055907, 0.00071562396, 0.00068782526, 0.0006310621, 0.0005733785, 0.0005147605, 0.0004844131, 0.0004194373, 0.00034674173, 0.000306226, 0.00021725279, 0.000118460564, 1.331294e-05, -4.007846e-05, -0.00014602055, -0.00024605702, -0.00029309333, -0.00038057019, -0.00046051398, -0.0004989336, -0.00057423266, -0.00065005803, -0.00072686665, -0.0007654873, -0.0008410878, -0.0009118923, -0.000944481, -0.0010012899, -0.0010451346, -0.001074957, -0.0010849986, -0.0010975112, -0.0011019367, -0.0011022667, -0.0010998385, -0.0010929473, -0.0010876565, -0.0010700569, -0.0010403829, -0.0009953415, -0.0009666209, -0.0008958468, -0.0008094142, -0.000761283, -0.00065725646, -0.00054789014, -0.00043724925, -0.00038255224, -0.00027417642, -0.00016491649, -0.00010871641, 9.702226e-06, 0.00013888862, 0.00020875885, 0.00036761645, 0.00057548727, 0, 0, 0, 0, 0, 0, 0, 0, 0, 0, 0, 0, 0, 0
0, 0, 0, 0, 0, 0, 0, 0, 0, 0, 0, 0, 0, 0, 0, 0, 0, 0, 0, 0, 0, 0, 0, 0, 0, 0, 0, 0, 0, 0, 0, 0, 0, 0, 0, 0, 0, 0, 0, 0, 0, 0, 0, 0, 0, 0, 0, 0, 0, 0, 0, 0, 0, 0, 0, 0, 0, 0, 0, 0, 0.0011519163, 0.0009588408, 0.0008719433, 0.00075834314, 0.0007055766, 0.00069206126, 0.0006764308, 0.0006674747, 0.00066058687, 0.0006576178, 0.00065279665, 0.0006480297, 0.0006453534, 0.0006380321, 0.000625488, 0.0006043819, 0.0005900811, 0.00055257266, 0.0005033069, 0.0004746285, 0.00041086503, 0.00034114448, 0.00030525983, 0.00023287382, 0.00016236954, 9.561082e-05, 6.347237e-05, 8.08969e-08, -6.5622975e-05, -0.00010069213, -0.00017742552, -0.0002640665, -0.00035989538, -0.00041018106, -0.00051321153, -0.00061478076, -0.00066337624, -0.000753989, -0.0008361576, -0.00087443466, -0.0009472567, -0.0010174065, -0.0010859501, -0.0011200242, -0.0011859079, -0.001246384, -0.0012742004, -0.0013225989, -0.0013605113, -0.0013872853, -0.0013968509, -0.0014084269, -0.0014109113, -0.0014093074, -0.0014001658, -0.001382988, -0.0013713262, -0.0013404132, -0.0012974067, -0.0012410692, -0.0012078797, -0.0011309546, -0.0010411409, -0.0009915819, -0.0008840869, -0.00076714664, -0.00064308214, -0.0005794347, -0.00044956722, -0.00031597988, -0.00024710203, -0.00010399373, 4.673668e-05, 0.00012485459, 0.0002872196, 0.00042292412, 0, 0, 0, 0, 0, 0, 0, 0, 0, 0, 0, 0, 0, 0
0, 0, 0, 0, 0, 0, 0, 0, 0, 0, 0, 0, 0, 0, 0, 0, 0, 0, 0, 0, 0, 0, 0, 0, 0, 0, 0, 0, 0, 0, 0, 0, 0, 0, 0, 0, 0, 0, 0, 0, 0, 0, 0, 0, 0, 0, 0, 0, 0, 0, 0, 0, 0, 0, 0, 0, 0, 0, 0, 0, 0.00093340833, 0.00074229244, 0.0006719964, 0.0005797768, 0.0005276367, 0.0005088617, 0.00047579006, 0.00044368548, 0.00041105156, 0.00039494107, 0.00036444748, 0.00033637675, 0.00032391044, 0.00030103498, 0.00027957506, 0.00025647882, 0.00024332899, 0.00021159669, 0.00016936308, 0.00014416258, 8.465052e-05, 1.6143193e-05, -2.0647929e-05, -9.639885e-05, -0.00017184277, -0.00024433987, -0.00027888454, -0.00034532952, -0.00040953793, -0.00044173596, -0.00050832954, -0.0005800768, -0.0006577998, -0.00069897005, -0.000784445, -0.00087168306, -0.0009149598, -0.0009984537, -0.0010775271, -0.0011152579, -0.0011879326, -0.0012574334, -0.0013244286, -0.0013566088, -0.0014171264, -0.0014702625, -0.0014935585, -0.0015332182, -0.0015634347, -0.001585562, -0.001594259, -0.0016059986, -0.0016104269, -0.0016089429, -0.0015978313, -0.001573257, -0.0015559196, -0.0015106983, -0.0014518467, -0.0013806581, -0.0013414123, -0.0012571511, -0.0011663907, -0.0011186637, -0.0010170697, -0.0009059209, -0.00078395265, -0.00071852445, -0.000580248, -0.00043284995, -0.00035532046, -0.00019335838, -2.3946095e-05, 6.179186e-05, 0.00023838198, 0.00042534719, 0, 0, 0, 0, 0, 0, 0, 0, 0, 0, 0, 0, 0, 0
0, 0, 0, 0, 0, 0, 0, 0, 0, 0, 0, 0, 0, 0, 0, 0, 0, 0, 0, 0, 0, 0, 0, 0, 0, 0, 0, 0, 0, 0, 0, 0, 0, 0, 0, 0, 0, 0, 0, 0, 0, 0, 0, 0, 0, 0, 0, 0, 0, 0, 0, 0, 0, 0, 0, 0, 0, 0, 0, 0, 0.0006336789, 0.0005091837, 0.0004562396, 0.00037609536, 0.00031781665, 0.00029203677, 0.0002423951, 0.00019211044, 0.00014225884, 0.00011800227, 7.120286e-05, 2.8151517e-05, 8.223886e-06, -2.9084076e-05, -6.2725005e-05, -9.408178e-05, -0.00010895445, -0.00013942683, -0.00017355011, -0.00019266117, -0.00023657964, -0.00028765903, -0.00031606934, -0.00037669486, -0.00044100208, -0.00050663296, -0.0005398071, -0.0006049996, -0.0006685533, -0.0006995613, -0.00076047087, -0.00082005793, -0.00087898463, -0.00090876565, -0.00096829794, -0.0010291556, -0.0010599149, -0.0011230044, -0.0011878049, -0.0012207902, -0.0012884235, -0.0013562747, -0.0014225442, -0.0014541164, -0.0015117486, -0.001559861, -0.0015796188, -0.0016108876, -0.0016330336, -0.0016491761, -0.0016561736, -0.0016680167, -0.0016765809, -0.0016779831, -0.0016722418, -0.001649967, -0.0016317959, -0.0015808905, -0.0015123066, -0.0014299146, -0.001385448, -0.0012934152, -0.0012008098, -0.0011542971, -0.0010598189, -0.0009584403, -0.00084478717, -0.0007819841, -0.0006437093, -0.0004900322, -0.0004080874, -0.0002368558, -6.3098916e-05, 1.8235325e-05, 0.00013466115, 0, 0, 0, 0, 0, 0, 0, 0, 0, 0, 0, 0, 0, 0, 0
0, 0, 0, 0, 0, 0, 0, 0, 0, 0, 0, 0, 0, 0, 0, 0, 0, 0, 0, 0, 0, 0, 0, 0, 0, 0, 0, 0, 0, 0, 0, 0, 0, 0, 0, 0, 0, 0, 0, 0, 0, 0, 0, 0, 0, 0, 0, 0, 0, 0, 0, 0, 0, 0, 0, 0, 0, 0, 0, 0.00033454972, 0.0003432902, 0.00026472483, 0.00022239784, 0.0001441472, 7.24285e-05, 3.7517377e-05, -3.147597e-05, -9.792451e-05, -0.00015907243, -0.0001870154, -0.00023747039, -0.0002827838, -0.00030420788, -0.0003459987, -0.00038830485, -0.00043070034, -0.0004515251, -0.0004903266, -0.0005248967, -0.0005406969, -0.00056997826, -0.00059760007, -0.0006117172, -0.0006424195, -0.0006782482, -0.00072072155, -0.00074463955, -0.00079641456, -0.0008516712, -0.00087948685, -0.0009331492, -0.0009819515, -0.0010244856, -0.0010431566, -0.0010764132, -0.0011062914, -0.0011215495, -0.0011542697, -0.0011938717, -0.0012166441, -0.001267809, -0.0013247028, -0.0013825594, -0.001410347, -0.0014608827, -0.0015009562, -0.0015162802, -0.0015384508, -0.0015511974, -0.0015597128, -0.0015641178, -0.0015747136, -0.0015872113, -0.0015929602, -0.0015982707, -0.0015888758, -0.0015767491, -0.0015352799, -0.00147198, -0.0013913347, -0.0013470298, -0.0012548213, -0.0011629782, -0.0011178988, -0.0010287464, -0.0009357277, -0.00083012314, -0.0007703056, -0.0006342317, -0.00047691833, -0.00039228422, -0.00021748629, -5.3083877e-05, 1.3862458e-05, 8.9660905e-05, 0, 0, 0, 0, 0, 0, 0, 0, 0, 0, 0, 0, 0, 0, 0
0, 0, 0, 0, 0, 0, 0, 0, 0, 0, 0, 0, 0, 0, 0, 0, 0, 0, 0, 0, 0, 0, 0, 0, 0, 0, 0, 0, 0, 0, 0, 0, 0, 0, 0, 0, 0, 0, 0, 0, 0, 0, 0, 0, 0, 0, 0, 0, 0, 0, 0, 0, 0, 0, 0, 0, 0, 0, -2.6282907e-05, 7.1363036e-05, 8.068122e-05, 1.4270775e-05, -2.6566338e-05, -0.00011210489, -0.0002022137, -0.00024770648, -0.0003381052, -0.00042164538, -0.0004924522, -0.00052188477, -0.0005696931, -0.0006068662, -0.0006231965, -0.0006575879, -0.000698219, -0.00074690644, -0.00077306584, -0.00082490896, -0.00086990243, -0.0008879721, -0.0009129313, -0.00092361873, -0.00092469767, -0.0009234515, -0.00092305604, -0.0009308873, -0.00093906856, -0.00096412277, -0.0009986963, -0.0010176639, -0.0010558056, -0.0010892958, -0.0011136974, -0.001121846, -0.0011303348, -0.001131682, -0.0011312661, -0.0011326739, -0.0011411516, -0.0011492816, -0.0011736013, -0.001206834, -0.0012435705, -0.001261722, -0.001294185, -0.0013180254, -0.0013260813, -0.0013349658, -0.0013363102, -0.0013353358, -0.0013358436, -0.0013411423, -0.0013530572, -0.001361058, -0.0013757257, -0.0013820343, -0.0013793259, -0.0013578838, -0.0013146005, -0.001251916, -0.0012152656, -0.0011360281, -0.0010545758, -0.00101413, -0.00093323376, -0.0008478372, -0.00074969896, -0.00069285353, -0.0005599349, -0.0004007588, -0.0003133754, -0.00013515785, 1.7778075e-05, 6.69604e-05, 0, 0, 0, 0, 0, 0, 0, 0, 0, 0, 0, 0, 0, 0, 0, 0
0, 0, 0, 0, 0, 0, 0, 0, 0, 0, 0, 0, 0, 0, 0, 0, 0, 0, 0, 0, 0, 0, 0, 0, 0, 0, 0, 0, 0, 0, 0, 0, 0, 0, 0, 0, 0, 0, 0, 0, 0, 0, 0, 0, 0, 0, 0, 0, 0, 0, 0, 0, 0, 0, 0, 0, 0, 0, 1.5253275e-07, -5.139348e-05, -0.00013458647, -0.00023131479, -0.0002808279, -0.0003832841, -0.0004911544, -0.0005468787, -0.00065706566, -0.00075794035, -0.000840336, -0.0008729131, -0.0009205336, -0.00095005566, -0.00096145214, -0.000983679, -0.0010146393, -0.0010597331, -0.0010867763, -0.0011454115, -0.0012004846, -0.0012226984, -0.0012522676, -0.0012577268, -0.001251986, -0.0012293716, -0.0012001889, -0.0011747009, -0.0011659457, -0.0011588162, -0.001163485, -0.0011688815, -0.0011809372, -0.0011891942, -0.0011887252, -0.0011843152, -0.0011673914, -0.0011425881, -0.0011290329, -0.0011031121, -0.0010829484, -0.001076068, -0.0010692321, -0.0010698984, -0.0010746525, -0.0010772722, -0.0010802358, -0.0010784868, -0.0010756006, -0.0010660938, -0.001053829, -0.0010418136, -0.0010372873, -0.0010330746, -0.0010369068, -0.0010418907, -0.0010546248, -0.0010658136, -0.0010686829, -0.001063842, -0.0010430745, -0.0010057307, -0.0009817638, -0.00092693954, -0.000866447, -0.00083481957, -0.0007690223, -0.00069622096, -0.0006094268, -0.0005578246, -0.00043353188, -0.0002791985, -0.0001930568, -1.8757542e-05, 0.000114095135, 0.00014104936, 0, 0, 0, 0, 0, 0, 0, 0, 0, 0, 0, 0, 0, 0, 0, 0
0, 0, 0, 0, 0, 0, 0, 0, 0, 0, 0, 0, 0, 0, 0, 0, 0, 0, 0, 0, 0, 0, 0, 0, 0, 0, 0, 0, 0, 0, 0, 0, 0, 0, 0, 0, 0, 0, 0, 0, 0, 0, 0, 0, 0, 0, 0, 0, 0, 0, 0, 0, 0, 0, 0, 0, 0, -0.00019100448, -0.00015271103, -0.00021313768, -0.00034223573, -0.00047276082, -0.00053413055, -0.0006546891, -0.0007768276, -0.00083919405, -0.00096313836, -0.0010782571, -0.0011749824, -0.0012141492, -0.001272187, -0.0013074833, -0.0013193123, -0.0013391852, -0.0013631134, -0.0013997923, -0.0014230801, -0.0014765707, -0.0015299671, -0.0015526752, -0.0015834598, -0.0015887604, -0.0015817692, -0.0015520862, -0.00150984, -0.0014656147, -0.0014455281, -0.001412702, -0.0013889244, -0.0013790211, -0.0013594404, -0.0013341424, -0.0013001586, -0.0012793747, -0.0012322834, -0.0011813213, -0.0011559429, -0.0011079081, -0.001065288, -0.001045964, -0.001010775, -0.0009786193, -0.0009470251, -0.0009306994, -0.0008970977, -0.00086282095, -0.0008462593, -0.0008146329, -0.0007874516, -0.0007647279, -0.0007551892, -0.0007400458, -0.00072969793, -0.00072571967, -0.0007214211, -0.00071947323, -0.0007183407, -0.0007133732, -0.0007023958, -0.0006834346, -0.0006709951, -0.0006410593, -0.00060531107, -0.0005852622, -0.0005406053, -0.0004860483, -0.0004154925, -0.0003725491, -0.00026516087, -0.00012741305, -4.9963728e-05, 0.00010203062, 0.00019175783, 0, 0, 0, 0, 0, 0, 0, 0, 0, 0, 0, 0, 0, 0, 0, 0, 0
0, 0, 0, 0, 0, 0, 0, 0, 0, 0, 0, 0, 0, 0, 0, 0, 0, 0, 0, 0, 0, 0, 0, 0, 0, 0, 0, 0, 0, 0, 0, 0, 0, 0, 0, 0, 0, 0, 0, 0, 0, 0, 0, 0, 0, 0, 0, 0, 0, 0, 0, 0, 0, 0, 0, 0, -0.00072868523, -0.00044451217, -0.00037525938, -0.00042050038, -0.0005595132, -0.0007079179, -0.00077884214, -0.0009126091, -0.0010423856, -0.0011073118, -0.0012365656, -0.0013602873, -0.0014710899, -0.0015191397, -0.0015983105, -0.0016553551, -0.0016773692, -0.0017130815, -0.0017451077, -0.0017803606, -0.001799626, -0.0018411357, -0.0018807543, -0.00189704, -0.0019179845, -0.0019182706, -0.0019105979, -0.0018813788, -0.0018400224, -0.0017939672, -0.0017713172, -0.0017278051, -0.0016862261, -0.0016645552, -0.0016161166, -0.0015568108, -0.0014855249, -0.0014460207, -0.0013642585, -0.0012841799, -0.0012466947, -0.0011780269, -0.0011172721, -0.0010884226, -0.001031201, -0.0009707997, -0.0009048526, -0.0008697322, -0.00079806003, -0.00072789437, -0.0006957398, -0.00063965085, -0.0005956618, -0.0005627381, -0.0005490982, -0.0005239374, -0.000498033, -0.0004838381, -0.00045419362, -0.00042525135, -0.0004115391, -0.0003874624, -0.00036802117, -0.00035205155, -0.00034489675, -0.00033030487, -0.00031305864, -0.00030299343, -0.00027720595, -0.00024047884, -0.0001881519, -0.0001540704, -6.677291e-05, 4.753135e-05, 0.000110510715, 0.00021862205, 0, 0, 0, 0, 0, 0, 0, 0, 0, 0, 0, 0, 0, 0, 0, 0, 0, 0
0, 0, 0, 0, 0, 0, 0, 0, 0, 0, 0, 0, 0, 0, 0, 0, 0, 0, 0, 0, 0, 0, 0, 0, 0, 0, 0, 0, 0, 0, 0, 0, 0, 0, 0, 0, 0, 0, 0, 0, 0, 0, 0, 0, 0, 0, 0, 0, 0, 0, 0, 0, 0, 0, 0, 0, -0.00043579267, -0.0004387578, -0.0004650102, -0.0005834793, -0.0007459401, -0.00091236376, -0.0009909406, -0.0011376229, -0.0012739078, -0.0013393441, -0.001468407, -0.0015943557, -0.0017146727, -0.001771368, -0.0018748239, -0.0019629048, -0.0020018497, -0.0020688176, -0.0021246907, -0.0021726224, -0.00219362, -0.00222893, -0.0022546782, -0.0022626724, -0.0022672864, -0.0022564065, -0.0022458339, -0.0022164618, -0.0021808518, -0.0021426005, -0.0021232436, -0.002082668, -0.002036655, -0.0020094092, -0.001943531, -0.0018593138, -0.0017575906, -0.0017019871, -0.0015874602, -0.0014774093, -0.001426631, -0.0013356676, -0.001256475, -0.0012190976, -0.0011432472, -0.0010596513, -0.0009641661, -0.0009123641, -0.0008044393, -0.0006983723, -0.00064946356, -0.0005646714, -0.00050022925, -0.00045346533, -0.0004346908, -0.00039985063, -0.0003602687, -0.00033725335, -0.00028446497, -0.00022670593, -0.00019839397, -0.00014753593, -0.00010911571, -8.397285e-05, -7.5591175e-05, -6.3633444e-05, -5.428075e-05, -4.819385e-05, -3.1481628e-05, -4.1125772e-06, 3.8505008e-05, 6.738945e-05, 0.00014355002, 0.00024254988, 0.000292882, 0.00034645502, 0, 0, 0, 0, 0, 0, 0, 0, 0, 0, 0, 0, 0, 0, 0, 0, 0, 0
0, 0, 0, 0, 0, 0, 0, 0, 0, 0, 0, 0, 0, 0, 0, 0, 0, 0, 0, 0, 0, 0, 0, 0, 0, 0, 0, 0, 0, 0, 0, 0, 0, 0, 0, 0, 0, 0, 0, 0, 0, 0, 0, 0, 0, 0, 0, 0, 0, 0, 0, 0, 0, 0, 0, -0.00059622875, -0.00042596625, -0.00043068535, -0.00049172214, -0.00066197006, -0.0008555839, -0.0010468725, -0.0011374246, -0.0013047485, -0.0014537801, -0.0015226894, -0.0016538263, -0.0017800105, -0.0019046217, -0.0019666692, -0.0020883516, -0.0022048515, -0.0022596242, -0.0023605449, -0.0024480508, -0.0025192886, -0.0025483016, -0.002592329, -0.0026173643, -0.0026227885, -0.0026202365, -0.0026028594, -0.0025905597, -0.0025611832, -0.002529951, -0.00249976, -0.0024850573, -0.0024521002, -0.0024097657, -0.0023827902, -0.002313394, -0.0022201564, -0.00210454, -0.0020404863, -0.0019061685, -0.001774016, -0.0017116391, -0.0015982522, -0.0014982556, -0.001451098, -0.0013565182, -0.0012523779, -0.0011328037, -0.0010672375, -0.0009283141, -0.0007888602, -0.0007228605, -0.00060521165, -0.0005121815, -0.00044229726, -0.0004141158, -0.0003625664, -0.00030858774, -0.00027805165, -0.00020770679, -0.00012887563, -8.89496e-05, -1.5475867e-05, 4.1938183e-05, 7.976735e-05, 9.213923e-05, 0.00010840406, 0.00012084856, 0.0001280778, 0.00014814346, 0.00017956606, 0.00022693646, 0.00025880084, 0.0003427943, 0.0004472808, 0.0004941616, 0, 0, 0, 0, 0, 0, 0, 0, 0, 0, 0, 0, 0, 0, 0, 0, 0, 0, 0
0, 0, 0, 0, 0, 0, 0, 0, 0, 0, 0, 0, 0, 0, 0, 0, 0, 0, 0, 0, 0, 0, 0, 0, 0, 0, 0, 0, 0, 0, 0, 0, 0, 0, 0, 0, 0, 0, 0, 0, 0, 0, 0, 0, 0, 0, 0, 0, 0, 0, 0, 0, 0, 0, 0, -0.00019525972, -0.00024560757, -0.00036566466, -0.00045223546, -0.0006542014, -0.0008724713, -0.0010898121, -0.0011941902, -0.0013892638, -0.0015619673, -0.0016397595, -0.0017819324, -0.0019130688, -0.002040601, -0.0021050149, -0.0022359716, -0.0023680653, -0.0024333661, -0.0025582293, -0.0026715281, -0.0027674516, -0.0028077522, -0.0028722025, -0.0029144536, -0.0029273496, -0.002938521, -0.002933217, -0.0029260628, -0.0029059427, -0.0028824403, -0.0028583694, -0.0028461488, -0.0028181716, -0.0027809788, -0.0027568361, -0.0026935716, -0.0026075067, -0.0024986686, -0.0024372276, -0.002304554, -0.0021673483, -0.002099986, -0.0019712953, -0.0018521277, -0.0017950928, -0.0016806286, -0.0015583882, -0.0014212194, -0.0013460292, -0.0011861054, -0.0010205137, -0.0009399296, -0.0007900408, -0.00066188176, -0.00055724516, -0.00051239453, -0.00043169962, -0.00035397834, -0.00031335934, -0.00022570588, -0.00013005004, -8.177397e-05, 9.0306e-06, 8.22236e-05, 0.000133463, 0.00015109991, 0.00017627762, 0.00019773452, 0.00021012056, 0.0002431221, 0.00029080219, 0.00035782717, 0.00040102054, 0.00051283184, 0.0006417407, 0.00068864075, 0, 0, 0, 0, 0, 0, 0, 0, 0, 0, 0, 0, 0, 0, 0, 0, 0, 0, 0
0, 0, 0, 0, 0, 0, 0, 0, 0, 0, 0, 0, 0, 0, 0, 0, 0, 0, 0, 0, 0, 0, 0, 0, 0, 0, 0, 0, 0, 0, 0, 0, 0, 0, 0, 0, 0, 0, 0, 0, 0, 0, 0, 0, 0, 0, 0, 0, 0, 0, 0, 0, 0, 0, 0.00011456884, 4.2165415e-05, -0.000104134844, -0.00028285728, -0.00038280027, -0.00059664756, -0.0008232511, -0.00105362, -0.0011672208, -0.0013843799, -0.0015814223, -0.00167118, -0.0018332356, -0.0019781564, -0.0021142191, -0.0021817063, -0.0023174107, -0.0024555426, -0.0025248916, -0.002660194, -0.0027866855, -0.002898767, -0.0029487591, -0.0030355684, -0.003104747, -0.0031329573, -0.0031768791, -0.0032044176, -0.0032128165, -0.003219176, -0.0032144196, -0.0032010966, -0.0031915312, -0.0031666171, -0.00313242, -0.003111365, -0.0030589323, -0.0029905213, -0.002904797, -0.0028557351, -0.002746371, -0.0026255315, -0.0025622009, -0.0024333983, -0.002304072, -0.00223942, -0.0021090417, -0.0019732644, -0.0018263565, -0.0017477783, -0.0015803502, -0.001403932, -0.0013151583, -0.0011421755, -0.0009817433, -0.000837652, -0.0007716069, -0.0006494944, -0.0005354653, -0.0004791101, -0.00036522205, -0.00024870256, -0.000190523, -8.0431055e-05, 1.3314167e-05, 8.44588e-05, 0.00011141193, 0.00015428849, 0.00019209867, 0.0002135, 0.00026631018, 0.0003375747, 0.00043352274, 0.00049521757, 0.0006571761, 0.00080446585, 0, 0, 0, 0, 0, 0, 0, 0, 0, 0, 0, 0, 0, 0, 0, 0, 0, 0, 0, 0
0, 0, 0, 0, 0, 0, 0, 0, 0, 0, 0, 0, 0, 0, 0, 0, 0, 0, 0, 0, 0, 0, 0, 0, 0, 0, 0, 0, 0, 0, 0, 0, 0, 0, 0, 0, 0, 0, 0, 0, 0, 0, 0, 0, 0, 0, 0, 0, 0, 0, 0, 0, 0, 0.00014112043, 0.00010201981, 5.8216745e-05, -7.585443e-05, -0.00024786982, -0.0003425308, -0.00054287666, -0.0007555688, -0.0009765182, -0.0010879765, -0.0013075663, -0.0015149259, -0.0016121605, -0.0017926191, -0.0019563504, -0.0021086722, -0.0021824471, -0.0023277022, -0.0024712689, -0.0025423504, -0.0026804036, -0.0028106414, -0.0029299634, -0.0029850728, -0.0030873872, -0.0031804661, -0.003223932, -0.0033047905, -0.0033749929, -0.0034051468, -0.003452681, -0.0034810517, -0.0034899972, -0.0034874282, -0.0034708965, -0.00344238, -0.0034249234, -0.0033854696, -0.0033392706, -0.0032848404, -0.0032535053, -0.0031809993, -0.003092817, -0.003042524, -0.0029307464, -0.0028059876, -0.0027398632, -0.0026032904, -0.0024618674, -0.0023148877, -0.0022387675, -0.0020796235, -0.0019107873, -0.0018233693, -0.0016451039, -0.001465772, -0.0012900145, -0.0012044647, -0.0010393967, -0.0008819361, -0.00080540276, -0.0006557164, -0.00050914974, -0.00043704527, -0.0002985174, -0.0001737661, -6.8288005e-05, -2.3778552e-05, 5.2239546e-05, 0.00011985183, 0.00015454646, 0.00023353069, 0.0003323208, 0.00045982396, 0.0005407644, 0.00079101603, 0, 0, 0, 0, 0, 0, 0, 0, 0, 0, 0, 0, 0, 0, 0, 0, 0, 0, 0, 0, 0
0, 0, 0, 0, 0, 0, 0, 0, 0, 0, 0, 0, 0, 0, 0, 0, 0, 0, 0, 0, 0, 0, 0, 0, 0, 0, 0, 0, 0, 0, 0, 0, 0, 0, 0, 0, 0, 0, 0, 0, 0, 0, 0, 0, 0, 0, 0, 0, 0, 0, 0, 0, 0, 0.00019967965, 0.00010715641, 4.542576e-05, -9.471451e-05, -0.00025217092, -0.00033620573, -0.0005133144, -0.0006993688, -0.00089266547, -0.0009912719, -0.0011891809, -0.0013843103, -0.0014796741, -0.0016645668, -0.0018409024, -0.0020106009, -0.002093297, -0.0022550581, -0.0024115318, -0.0024871523, -0.0026311767, -0.0027646772, -0.0028861107, -0.0029431628, -0.0030518828, -0.0031576797, -0.0032107704, -0.0033173927, -0.0034228526, -0.0034730483, -0.0035630993, -0.0036314398, -0.0036738596, -0.00368502, -0.0036899075, -0.003677847, -0.0036682934, -0.003646309, -0.0036246602, -0.0036023639, -0.003589969, -0.0035575158, -0.0035089569, -0.0034769448, -0.0033948482, -0.0032894325, -0.0032296937, -0.0031007195, -0.0029647546, -0.0028274516, -0.0027586578, -0.0026185361, -0.0024712041, -0.0023931533, -0.0022271476, -0.0020478682, -0.0018577324, -0.0017598334, -0.001562717, -0.001367576, -0.0012719884, -0.0010854489, -0.0009048324, -0.00081647595, -0.0006439134, -0.00047827367, -0.00032597868, -0.0002561749, -0.00012972452, -1.7651819e-05, 3.6214948e-05, 0.00014615177, 0.00027216875, 0.00043140407, 0.0005207899, 0, 0, 0, 0, 0, 0, 0, 0, 0, 0, 0, 0, 0, 0, 0, 0, 0, 0, 0, 0, 0, 0
0, 0, 0, 0, 0, 0, 0, 0, 0, 0, 0, 0, 0, 0, 0, 0, 0, 0, 0, 0, 0, 0, 0, 0, 0, 0, 0, 0, 0, 0, 0, 0, 0, 0, 0, 0, 0, 0, 0, 0, 0, 0, 0, 0, 0, 0, 0, 0, 0, 0, 0, 0, 0.00042407837, 0.00026724022, 0.00011957889, 4.72499e-05, -9.882017e-05, -0.00024861578, -0.00032567253, -0.00048377327, -0.00064585864, -0.00080958294, -0.0008920032, -0.0010575217, -0.0012247028, -0.0013084769, -0.0014789392, -0.0016520249, -0.0018285337, -0.0019176314, -0.0020961324, -0.0022697363, -0.0023532654, -0.0025107185, -0.002653618, -0.0027810014, -0.002840019, -0.0029517703, -0.0030607108, -0.0031163588, -0.0032325126, -0.0033544705, -0.0034161627, -0.003534841, -0.0036381453, -0.0037177198, -0.0037473089, -0.0037864738, -0.0038051219, -0.003809528, -0.0038145732, -0.003820365, -0.003829113, -0.0038334166, -0.0038371265, -0.003826576, -0.0038133864, -0.0037666794, -0.0036926284, -0.0036458788, -0.0035385184, -0.003420765, -0.0033009616, -0.0032419297, -0.0031245754, -0.0030024152, -0.0029370666, -0.0027928352, -0.0026269096, -0.0024388663, -0.0023376949, -0.0021262502, -0.0019088638, -0.001800329, -0.0015864801, -0.0013785335, -0.0012758443, -0.0010720192, -0.0008679713, -0.00066581485, -0.00056731724, -0.00038123896, -0.00021432443, -0.000138595, -5.3152684e-07, 0.00013760802, 0.00033764038, 0.00053087476, 0, 0, 0, 0, 0, 0, 0, 0, 0, 0, 0, 0, 0, 0, 0, 0, 0, 0, 0, 0, 0, 0
0, 0, 0, 0, 0, 0, 0, 0, 0, 0, 0, 0, 0, 0, 0, 0, 0, 0, 0, 0, 0, 0, 0, 0, 0, 0, 0, 0, 0, 0, 0, 0, 0, 0, 0, 0, 0, 0, 0, 0, 0, 0, 0, 0, 0, 0, 0, 0, 0, 0, 0, 0.0005646906, 0.0004729584, 0.00029594987, 0.00014532228, 7.525775e-05, -6.332525e-05, -0.00020424635, -0.0002762466, -0.0004227799, -0.0005705188, -0.0007160379, -0.00078739313, -0.0009284619, -0.0010685406, -0.0011390651, -0.001284403, -0.0014389517, -0.0016050789, -0.0016920812, -0.0018732902, -0.002056574, -0.0021465882, -0.002318832, -0.0024755115, -0.002615011, -0.0026784106, -0.0027960339, -0.0029073432, -0.0029630086, -0.0030785222, -0.0032008046, -0.0032646554, -0.0033933625, -0.0035167206, -0.003625706, -0.0036728606, -0.0037509846, -0.0038088772, -0.0038323728, -0.0038723645, -0.003909656, -0.003947128, -0.0039652237, -0.003997813, -0.004019022, -0.0040223505, -0.0040110755, -0.0039739762, -0.0039456324, -0.00387282, -0.0037850055, -0.0036903522, -0.0036424454, -0.0035463462, -0.0034452416, -0.0033905448, -0.00326679, -0.0031180903, -0.002941327, -0.0028436133, -0.0026329302, -0.0024098763, -0.0022961826, -0.0020690495, -0.0018449223, -0.00173322, -0.0015080237, -0.001274593, -0.0010313904, -0.00090753357, -0.0006640329, -0.0004412846, -0.00034461913, -0.00019266807, -0.000102740145, -5.3833715e-05, 0, 0, 0, 0, 0, 0, 0, 0, 0, 0, 0, 0, 0, 0, 0, 0, 0, 0, 0, 0, 0, 0, 0
0, 0, 0, 0, 0, 0, 0, 0, 0, 0, 0, 0, 0, 0, 0, 0, 0, 0, 0, 0, 0, 0, 0, 0, 0, 0, 0, 0, 0, 0, 0, 0, 0, 0, 0, 0, 0, 0, 0, 0, 0, 0, 0, 0, 0, 0, 0, 0, 0, 0, 0, 0.0005801543, 0.00048501164, 0.00031892085, 0.00018341272, 0.00012182769, -6.080886e-08, -0.00012618068, -0.00019227283, -0.00032894232, -0.0004693168, -0.00060848607, -0.0006766026, -0.00080863567, -0.00093631, -0.0009989787, -0.0011252023, -0.0012573104, -0.0014006131, -0.0014775244, -0.0016413248, -0.0018148472, -0.0019028701, -0.0020767013, -0.002241326, -0.0023920415, -0.0024616404, -0.0025904858, -0.0027096698, -0.0027677151, -0.002883778, -0.0030028133, -0.003064376, -0.0031906962, -0.0033178425, -0.0034413054, -0.0034999799, -0.003607957, -0.003702195, -0.0037443067, -0.0038201895, -0.0038891027, -0.0039527435, -0.003982726, -0.004037325, -0.004081837, -0.0040985118, -0.0041187773, -0.0041187746, -0.004111006, -0.0040812287, -0.0040333606, -0.0039718654, -0.003937242, -0.0038617605, -0.0037769563, -0.0037293236, -0.0036203235, -0.003486724, -0.0033249897, -0.003233696, -0.00303322, -0.0028149155, -0.0027016748, -0.0024712372, -0.0022389563, -0.0021214697, -0.001881666, -0.0016292837, -0.0013579337, -0.0012155207, -0.00092766626, -0.00065827364, -0.00054184214, -0.0003758259, -0.00035776652, -0.00048864406, 0, 0, 0, 0, 0, 0, 0, 0, 0, 0, 0, 0, 0, 0, 0, 0, 0, 0, 0, 0, 0, 0, 0
0, 0, 0, 0, 0, 0, 0, 0, 0, 0, 0, 0, 0, 0, 0, 0, 0, 0, 0, 0, 0, 0, 0, 0, 0, 0, 0, 0, 0, 0, 0, 0, 0, 0, 0, 0, 0, 0, 0, 0, 0, 0, 0, 0, 0, 0, 0, 0, 0, 0, 0.0007272561, 0.0005468242, 0.00046121303, 0.00031914498, 0.00020469757, 0.00015314714, 5.1105697e-05, -5.6993063e-05, -0.00011487584, -0.00023788124, -0.0003696987, -0.0005052839, -0.0005732962, -0.0007066333, -0.00083529274, -0.0008975481, -0.001018473, -0.0011379368, -0.0012606819, -0.0013249167, -0.0014606972, -0.0016065672, -0.0016827821, -0.0018382635, -0.0019940424, -0.0021452224, -0.002218329, -0.002357494, -0.0024894257, -0.0025530139, -0.0026779382, -0.0028003447, -0.0028609768, -0.0029829692, -0.0031051824, -0.0032278234, -0.0032887356, -0.0034084392, -0.0035231428, -0.0035776473, -0.0036809307, -0.003775665, -0.00386133, -0.0039005636, -0.0039718268, -0.0040321853, -0.0040582456, -0.004101466, -0.004132789, -0.0041439203, -0.0041557048, -0.004151547, -0.0041294, -0.0041112467, -0.0040616714, -0.00399369, -0.003953024, -0.003856312, -0.0037368564, -0.0035922537, -0.0035098975, -0.0033263573, -0.0031203174, -0.0030105084, -0.0027806396, -0.0025410356, -0.0024178762, -0.0021639368, -0.0018946267, -0.0016042661, -0.0014512645, -0.0011409469, -0.0008555708, -0.0007343248, -0.0005497819, -0.0004450658, 0, 0, 0, 0, 0, 0, 0, 0, 0, 0, 0, 0, 0, 0, 0, 0, 0, 0, 0, 0, 0, 0, 0, 0
0, 0, 0, 0, 0, 0, 0, 0, 0, 0, 0, 0, 0, 0, 0, 0, 0, 0, 0, 0, 0, 0, 0, 0, 0, 0, 0, 0, 0, 0, 0, 0, 0, 0, 0, 0, 0, 0, 0, 0, 0, 0, 0, 0, 0, 0, 0, 0, 0, 0, 0.0007141573, 0.0005129807, 0.0004321724, 0.00030244116, 0.00019903359, 0.00015262536, 6.274757e-05, -3.0280577e-05, -7.9812555e-05, -0.0001877239, -0.0003064511, -0.00043346797, -0.00049905054, -0.00063187676, -0.00076384743, -0.00082861877, -0.0009544135, -0.0010758566, -0.0011926318, -0.0012503065, -0.0013661459, -0.0014844753, -0.0015457486, -0.0016719601, -0.001804061, -0.0019405853, -0.0020102393, -0.0021502103, -0.002290193, -0.0023597267, -0.002496564, -0.0026287206, -0.002692319, -0.0028145406, -0.0029301571, -0.0030425084, -0.003098274, -0.003210929, -0.0033252996, -0.0033826856, -0.0034963689, -0.003605375, -0.0037059258, -0.003751722, -0.0038336196, -0.0039028965, -0.003933639, -0.0039877836, -0.004036338, -0.0040589385, -0.004100063, -0.004132123, -0.0041480823, -0.004148039, -0.004128991, -0.0040838555, -0.00405177, -0.003970589, -0.0038686695, -0.0037453892, -0.0036754669, -0.003517048, -0.003332799, -0.0032305378, -0.0030074057, -0.0027612336, -0.0026308459, -0.0023577663, -0.0020690155, -0.0017652165, -0.0016092946, -0.0013052109, -0.0010638923, -0.0009881624, -0.000895276, 0, 0, 0, 0, 0, 0, 0, 0, 0, 0, 0, 0, 0, 0, 0, 0, 0, 0, 0, 0, 0, 0, 0, 0, 0
0, 0, 0, 0, 0, 0, 0, 0, 0, 0, 0, 0, 0, 0, 0, 0, 0, 0, 0, 0, 0, 0, 0, 0, 0, 0, 0, 0, 0, 0, 0, 0, 0, 0, 0, 0, 0, 0, 0, 0, 0, 0, 0, 0, 0, 0, 0, 0, 0, 0.0012011536, 0.0007466586, 0.00051537855, 0.00043451108, 0.00030371276, 0.0001957218, 0.00014645977, 5.3330812e-05, -3.834962e-05, -8.555166e-05, -0.00018501082, -0.00029233543, -0.00040834636, -0.0004685346, -0.0005934676, -0.0007223858, -0.00078769465, -0.000919262, -0.0010492435, -0.0011750973, -0.0012360916, -0.0013536348, -0.0014646563, -0.0015189259, -0.0016257741, -0.0017347224, -0.0018497275, -0.0019103951, -0.0020377215, -0.0021732764, -0.0022430338, -0.0023846354, -0.0025237077, -0.0025906505, -0.0027159082, -0.0028278811, -0.0029283115, -0.0029755959, -0.0030695132, -0.003166737, -0.0032177025, -0.0033232165, -0.003431757, -0.0035357336, -0.0035839116, -0.0036693844, -0.0037392369, -0.0037687162, -0.0038202375, -0.0038666448, -0.0038899134, -0.0039374568, -0.003985234, -0.004025218, -0.0040389104, -0.004047738, -0.0040267226, -0.0040051406, -0.003942306, -0.0038588273, -0.0037594421, -0.0037040752, -0.0035783644, -0.0034276252, -0.0033401255, -0.0031368905, -0.002894508, -0.0027601733, -0.002469895, -0.0021621638, -0.00185401, -0.0017076433, -0.0014555881, -0.0013233193, -0.0013366835, -0.0015000978, 0, 0, 0, 0, 0, 0, 0, 0, 0, 0, 0, 0, 0, 0, 0, 0, 0, 0, 0, 0, 0, 0, 0, 0, 0
0, 0, 0, 0, 0, 0, 0, 0, 0, 0, 0, 0, 0, 0, 0, 0, 0, 0, 0, 0, 0, 0, 0, 0, 0, 0, 0, 0, 0, 0, 0, 0, 0, 0, 0, 0, 0, 0, 0, 0, 0, 0, 0, 0, 0, 0, 0, 0, 0, 0.0009584477, 0.0007265768, 0.0005518867, 0.00048105489, 0.0003547599, 0.00023667233, 0.00017931011, 6.835761e-05, -3.923613e-05, -9.260482e-05, -0.00019965752, -0.00030833174, -0.000420278, -0.00047758495, -0.0005951604, -0.0007178835, -0.00078125455, -0.00091355, -0.0010512562, -0.0011923009, -0.0012624926, -0.0013997997, -0.0015288064, -0.001589267, -0.001702287, -0.0018079756, -0.0019108613, -0.0019634427, -0.0020736074, -0.0021929233, -0.0022561627, -0.002388384, -0.002523257, -0.002589493, -0.0027146682, -0.0028242697, -0.0029162876, -0.002956947, -0.0030314208, -0.003104674, -0.0031432444, -0.0032275529, -0.0033193543, -0.003413133, -0.0034578533, -0.0035372945, -0.0035989492, -0.0036226173, -0.0036586686, -0.0036850001, -0.003697418, -0.0037253103, -0.0037605017, -0.003798502, -0.0038155392, -0.0038367722, -0.0038315349, -0.0038175196, -0.0037671041, -0.003695359, -0.0036112412, -0.0035664807, -0.0034699528, -0.0033566172, -0.0032891212, -0.0031230797, -0.0029059493, -0.0027771739, -0.0024853528, -0.0021685795, -0.0018715628, -0.0017549499, -0.0016579976, -0.0018037966, -0.0018707344, 0, 0, 0, 0, 0, 0, 0, 0, 0, 0, 0, 0, 0, 0, 0, 0, 0, 0, 0, 0, 0, 0, 0, 0, 0, 0
0, 0, 0, 0, 0, 0, 0, 0, 0, 0, 0, 0, 0, 0, 0, 0, 0, 0, 0, 0, 0, 0, 0, 0, 0, 0, 0, 0, 0, 0, 0, 0, 0, 0, 0, 0, 0, 0, 0, 0, 0, 0, 0, 0, 0, 0, 0, 0.0014407478, 0.0012724606, 0.00091443944, 0.0007415036, 0.0006206709, 0.0005651126, 0.00045153912, 0.00032966043, 0.00026601527, 0.0001354781, 3.1344778e-06, -6.252316e-05, -0.00019244573, -0.000319744, -0.00044480033, -0.00050659647, -0.0006300119, -0.0007560434, -0.00082089595, -0.000955817, -0.001099617, -0.0012527648, -0.0013322067, -0.0014934101, -0.0016521327, -0.0017283299, -0.0018700626, -0.0019967363, -0.0021100985, -0.002163434, -0.0022671241, -0.0023720793, -0.0024266841, -0.0025410957, -0.0026606703, -0.0027213136, -0.002839054, -0.0029452366, -0.0030342443, -0.0030717505, -0.0031341107, -0.0031873295, -0.0032132743, -0.0032691765, -0.003333487, -0.0034039714, -0.0034385915, -0.0035004448, -0.0035451541, -0.0035590148, -0.0035711122, -0.0035664858, -0.003560895, -0.0035497397, -0.003547694, -0.003555905, -0.00356276, -0.003572023, -0.0035638378, -0.0035495283, -0.003498023, -0.0034219183, -0.0033323604, -0.0032868078, -0.0031976309, -0.003106643, -0.0030562766, -0.0029315874, -0.0027571646, -0.0026469866, -0.0023813543, -0.002078468, -0.0018028931, -0.0017175244, -0.0018275362, -0.0027686202, -0.003215124, 0, 0, 0, 0, 0, 0, 0, 0, 0, 0, 0, 0, 0, 0, 0, 0, 0, 0, 0, 0, 0, 0, 0, 0, 0, 0
0, 0, 0, 0, 0, 0, 0, 0, 0, 0, 0, 0, 0, 0, 0, 0, 0, 0, 0, 0, 0, 0, 0, 0, 0, 0, 0, 0, 0, 0, 0, 0, 0, 0, 0, 0, 0, 0, 0, 0, 0, 0, 0, 0, 0, 0, 0, 0.0012780583, 0.0011371059, 0.00090979924, 0.0007835526, 0.00069530174, 0.0006511338, 0.00055208197, 0.0004353817, 0.00037076502, 0.0002314933, 8.214697e-05, 5.475034e-06, -0.00014995977, -0.00030519275, -0.000458849, -0.00053428294, -0.00068356225, -0.00083264295, -0.00090712146, -0.0010583439, -0.001214456, -0.0013785657, -0.0014644476, -0.0016420772, -0.0018243969, -0.001915163, -0.0020913444, -0.0022538614, -0.002398854, -0.002464457, -0.002584139, -0.0026923486, -0.0027445601, -0.0028479102, -0.002952671, -0.0030060748, -0.0031121946, -0.00321327, -0.0033021665, -0.0033399647, -0.003400428, -0.0034434863, -0.0034603192, -0.0034899684, -0.0035212906, -0.003557198, -0.0035756535, -0.0036083034, -0.0036274497, -0.0036290754, -0.003613704, -0.003575934, -0.0035506359, -0.003494846, -0.0034421762, -0.0034013777, -0.0033859771, -0.0033596102, -0.0033267906, -0.003303131, -0.0032337327, -0.0031355391, -0.0030183783, -0.0029581354, -0.002843678, -0.0027415892, -0.0026935553, -0.0025910558, -0.0024572613, -0.0023713056, -0.0021586195, -0.0019142501, -0.0017020411, -0.0016388735, -0.0016875396, 0, 0, 0, 0, 0, 0, 0, 0, 0, 0, 0, 0, 0, 0, 0, 0, 0, 0, 0, 0, 0, 0, 0, 0, 0, 0, 0, 0
0, 0, 0, 0, 0, 0, 0, 0, 0, 0, 0, 0, 0, 0, 0, 0, 0, 0, 0, 0, 0, 0, 0, 0, 0, 0, 0, 0, 0, 0, 0, 0, 0, 0, 0, 0, 0, 0, 0, 0, 0, 0, 0, 0, 0, 0, 0.0017997941, 0.0012323293, 0.0010876573, 0.0009153185, 0.0008179935, 0.0007402113, 0.00069874077, 0.000605303, 0.0004949506, 0.00043376652, 0.00029977164, 0.0001518586, 7.2832096e-05, -9.445553e-05, -0.00027132046, -0.000454994, -0.0005484125, -0.0007373184, -0.0009269444, -0.0010207907, -0.0012068851, -0.0013902085, -0.0015722514, -0.0016640002, -0.0018513775, -0.0020452726, -0.0021444447, -0.0023448258, -0.0025424638, -0.0027284655, -0.002814993, -0.0029722294, -0.0031088884, -0.0031702647, -0.0032825104, -0.003385757, -0.0034361961, -0.0035350225, -0.0036318412, -0.003721608, -0.0037621732, -0.003828591, -0.0038717298, -0.0038849763, -0.0038961372, -0.0038953626, -0.003891242, -0.00388896, -0.0038824482, -0.0038670525, -0.0038538037, -0.003810551, -0.0037432662, -0.0037011928, -0.0036046247, -0.0035009647, -0.003402868, -0.0033580388, -0.0032780797, -0.0032016472, -0.0031599023, -0.0030598994, -0.0029300218, -0.0027736437, -0.002690197, -0.002525441, -0.0023782824, -0.002313384, -0.0021957334, -0.0020753148, -0.0020062507, -0.001850023, -0.0017131765, -0.0017099617, -0.0017793942, -0.0018778231, 0, 0, 0, 0, 0, 0, 0, 0, 0, 0, 0, 0, 0, 0, 0, 0, 0, 0, 0, 0, 0, 0, 0, 0, 0, 0, 0, 0
0, 0, 0, 0, 0, 0, 0, 0, 0, 0, 0, 0, 0, 0, 0, 0, 0, 0, 0, 0, 0, 0, 0, 0, 0, 0, 0, 0, 0, 0, 0, 0, 0, 0, 0, 0, 0, 0, 0, 0, 0, 0, 0, 0, 0, 0, 0.0013031551, 0.0010766896, 0.0009975855, 0.0008925523, 0.00081573176, 0.00073558866, 0.0006909067, 0.00059059705, 0.0004798705, 0.0004215413, 0.0002989926, 0.0001654924, 9.311937e-05, -6.5929285e-05, -0.00024577248, -0.00044606268, -0.0005529485, -0.00077765057, -0.0010110277, -0.0011288215, -0.0013611754, -0.0015849206, -0.0017976688, -0.001900113, -0.0021020544, -0.002304549, -0.002407838, -0.0026217834, -0.0028434328, -0.0030668739, -0.0031760018, -0.0033822928, -0.0035655245, -0.0036471188, -0.0037901236, -0.003911564, -0.0039667073, -0.0040698885, -0.004167803, -0.0042613056, -0.004305, -0.0043807793, -0.0044328836, -0.004447682, -0.004452387, -0.004429424, -0.0043882905, -0.0043642153, -0.0043130554, -0.004257667, -0.0042272294, -0.0041550263, -0.004062416, -0.0040066745, -0.0038772516, -0.0037289113, -0.003572462, -0.0034956024, -0.003349357, -0.003213237, -0.0031463578, -0.003005139, -0.0028408773, -0.0026464255, -0.0025402885, -0.0023204286, -0.0021105506, -0.002015472, -0.001849265, -0.0017079337, -0.0016419006, -0.0015214552, -0.0014835298, -0.001781317, -0.0022080806, 0, 0, 0, 0, 0, 0, 0, 0, 0, 0, 0, 0, 0, 0, 0, 0, 0, 0, 0, 0, 0, 0, 0, 0, 0, 0, 0, 0, 0
0, 0, 0, 0, 0, 0, 0, 0, 0, 0, 0, 0, 0, 0, 0, 0, 0, 0, 0, 0, 0, 0, 0, 0, 0, 0, 0, 0, 0, 0, 0, 0, 0, 0, 0, 0, 0, 0, 0, 0, 0, 0, 0, 0, 0.00086724246, 0.000813481, 0.0007175863, 0.00068003044, 0.0006748161, 0.00066493446, 0.0006327447, 0.0005686207, 0.0005252194, 0.00042231163, 0.00030777606, 0.0002493555, 0.00013405712, 1.955222e-05, -3.9651968e-05, -0.00016872412, -0.00032071478, -0.00050442544, -0.00060958305, -0.00084487844, -0.0011098202, -0.001250111, -0.0015400888, -0.0018330243, -0.0021199097, -0.0022590603, -0.002527186, -0.0027835546, -0.0029093605, -0.0031615673, -0.0034208056, -0.0036919285, -0.003831297, -0.0041115293, -0.0043824795, -0.004509561, -0.0047410503, -0.004937767, -0.005023363, -0.005173171, -0.005301595, -0.0054173027, -0.005471919, -0.005573433, -0.005658413, -0.005690549, -0.0057255174, -0.0057129976, -0.005652342, -0.005607248, -0.0054970076, -0.005373252, -0.0053088856, -0.0051784213, -0.0050383033, -0.004961065, -0.004784503, -0.004570115, -0.004316664, -0.004178083, -0.0038889092, -0.0036000563, -0.0034605942, -0.0031944655, -0.0029375423, -0.0026726592, -0.002531577, -0.0022291224, -0.0019080295, -0.0017496584, -0.0014625826, -0.0012565309, -0.0012001179, -0.0012220951, -0.0013827767, 0, 0, 0, 0, 0, 0, 0, 0, 0, 0, 0, 0, 0, 0, 0, 0, 0, 0, 0, 0, 0, 0, 0, 0, 0, 0, 0, 0, 0, 0, 0
0, 0, 0, 0, 0, 0, 0, 0, 0, 0, 0, 0, 0, 0, 0, 0, 0, 0, 0, 0, 0, 0, 0, 0, 0, 0, 0, 0, 0, 0, 0, 0, 0, 0, 0, 0, 0, 0, 0, 0, 0, 0, 0, 0.000618139, 0.00053997355, 0.0004929653, 0.00042618153, 0.0004088811, 0.0004117969, 0.0004199613, 0.00041127097, 0.00037295895, 0.00034310843, 0.00026478549, 0.00016950439, 0.00011801984, 1.02056865e-05, -0.0001030267, -0.00016296563, -0.00029334248, -0.00044306676, -0.00061831914, -0.0007166388, -0.0009345944, -0.0011792978, -0.0013104974, -0.001587077, -0.0018772524, -0.0021756229, -0.0023260934, -0.0026262633, -0.0029223764, -0.0030684813, -0.0033558519, -0.0036415986, -0.003929575, -0.004075319, -0.004368679, -0.0046581547, -0.0047979946, -0.0050607244, -0.005294454, -0.005398949, -0.005584531, -0.0057425336, -0.0058805556, -0.005944063, -0.0060623107, -0.006165632, -0.0062093805, -0.0062725255, -0.006291217, -0.006257289, -0.0062213168, -0.0061182613, -0.005985336, -0.0059131263, -0.0057614, -0.005600347, -0.0055141556, -0.0053213355, -0.0050900984, -0.004810738, -0.004653379, -0.0043119937, -0.0039532655, -0.00377498, -0.0034310615, -0.0031068285, -0.0027908478, -0.0026293423, -0.0022879345, -0.0019218989, -0.0017377374, -0.0014053904, -0.0011858615, -0.0011454753, -0.001310474, -0.0018168113, 0, 0, 0, 0, 0, 0, 0, 0, 0, 0, 0, 0, 0, 0, 0, 0, 0, 0, 0, 0, 0, 0, 0, 0, 0, 0, 0, 0, 0, 0, 0
0, 0, 0, 0, 0, 0, 0, 0, 0, 0, 0, 0, 0, 0, 0, 0, 0, 0, 0, 0, 0, 0, 0, 0, 0, 0, 0, 0, 0, 0, 0, 0, 0, 0, 0, 0, 0, 0, 0, 0, 0, 0, 0, 0.0002516677, 0.00018350345, 0.0001420361, 8.107599e-05, 6.1339735e-05, 6.269081e-05, 7.345775e-05, 7.675715e-05, 6.165743e-05, 4.659894e-05, 1.7033216e-07, -6.316472e-05, -0.000100208745, -0.00018606044, -0.0002886465, -0.00034754683, -0.00048126982, -0.00063766073, -0.00081457, -0.0009100574, -0.0011129833, -0.0013301773, -0.0014440097, -0.0016832835, -0.0019403731, -0.0022173135, -0.0023634336, -0.0026693277, -0.0029873822, -0.0031481571, -0.0034671077, -0.003777896, -0.0040795044, -0.0042271223, -0.004518711, -0.004806987, -0.004949105, -0.0052250028, -0.0054839896, -0.00560509, -0.0058273356, -0.0060212472, -0.0061892155, -0.00626468, -0.0064009125, -0.0065196366, -0.0065720463, -0.006658759, -0.0067109396, -0.00671696, -0.0067004175, -0.00662864, -0.0065123076, -0.006441728, -0.006283701, -0.0061094034, -0.0060164225, -0.005813422, -0.0055780336, -0.005295792, -0.005134853, -0.004774774, -0.0043769977, -0.004171381, -0.003762312, -0.003369491, -0.0029940368, -0.0028083469, -0.0024278495, -0.002028474, -0.0018282884, -0.0014787253, -0.001290488, -0.0012691047, -0.0012870823, 0, 0, 0, 0, 0, 0, 0, 0, 0, 0, 0, 0, 0, 0, 0, 0, 0, 0, 0, 0, 0, 0, 0, 0, 0, 0, 0, 0, 0, 0, 0, 0
0, 0, 0, 0, 0, 0, 0, 0, 0, 0, 0, 0, 0, 0, 0, 0, 0, 0, 0, 0, 0, 0, 0, 0, 0, 0, 0, 0, 0, 0, 0, 0, 0, 0, 0, 0, 0, 0, 0, 0, 0, -0.0015734372, -0.0009644362, -0.00029503572, -0.00022535743, -0.00024909058, -0.00030799018, -0.0003442529, -0.00035260172, -0.00035818428, -0.0003623273, -0.0003740326, -0.0003838856, -0.00041204836, -0.00045011527, -0.00047314283, -0.0005294288, -0.0006063451, -0.0006549189, -0.00077572814, -0.0009279609, -0.0011044081, -0.0011986352, -0.0013920679, -0.0015860096, -0.0016827425, -0.0018782974, -0.0020841565, -0.0023120043, -0.002437197, -0.002712493, -0.0030169876, -0.0031768735, -0.0035023345, -0.0038219183, -0.0041255243, -0.004270482, -0.004549039, -0.0048193624, -0.0049541793, -0.005223945, -0.0054920595, -0.0056233252, -0.0058746273, -0.006103321, -0.006303461, -0.006392126, -0.006547032, -0.00667536, -0.006731796, -0.0068292893, -0.006903744, -0.006945915, -0.0069512893, -0.0069242828, -0.0068457774, -0.0067885015, -0.0066439887, -0.0064690276, -0.0063730334, -0.006165557, -0.005933917, -0.0056668688, -0.005516251, -0.005174117, -0.0047802026, -0.0045680064, -0.0041271797, -0.0036857177, -0.003259733, -0.003054485, -0.0026563597, -0.00227519, -0.0020976276, -0.00181116, -0.0017281012, -0.0017596118, 0, 0, 0, 0, 0, 0, 0, 0, 0, 0, 0, 0, 0, 0, 0, 0, 0, 0, 0, 0, 0, 0, 0, 0, 0, 0, 0, 0, 0, 0, 0, 0, 0
0, 0, 0, 0, 0, 0, 0, 0, 0, 0, 0, 0, 0, 0, 0, 0, 0, 0, 0, 0, 0, 0, 0, 0, 0, 0, 0, 0, 0, 0, 0, 0, 0, 0, 0, 0, 0, 0, 0, 0, 0, -0.00080225215, -0.00070982263, -0.00057164265, -0.0005865429, -0.00062394375, -0.00070689054, -0.0007732493, -0.00079810416, -0.00083580276, -0.000867229, -0.0009013546, -0.0009202836, -0.00096036686, -0.0009997007, -0.001018415, -0.0010558009, -0.0011022318, -0.0011329316, -0.0012170993, -0.0013377444, -0.0014913536, -0.0015772296, -0.00175553, -0.0019303126, -0.0020137092, -0.0021734207, -0.0023304995, -0.0025004002, -0.0025950258, -0.0028111818, -0.0030647966, -0.0032040335, -0.0034984702, -0.0037971905, -0.0040829736, -0.004217824, -0.0044712913, -0.004712178, -0.004831642, -0.0050764815, -0.005332332, -0.0054632057, -0.005724612, -0.0059740175, -0.0061978423, -0.006296652, -0.006466001, -0.006598694, -0.0066544428, -0.006749116, -0.006828222, -0.0068910806, -0.0069130627, -0.0069296462, -0.0068992525, -0.0068638, -0.0067531094, -0.0065952227, -0.0065023564, -0.006296287, -0.006069417, -0.0058210534, -0.005685642, -0.0053829984, -0.0050277496, -0.004829639, -0.0043983296, -0.0039403997, -0.003486591, -0.0032724678, -0.0028968188, -0.0026449005, -0.0025893599, -0.002645432, -0.0028088193, 0, 0, 0, 0, 0, 0, 0, 0, 0, 0, 0, 0, 0, 0, 0, 0, 0, 0, 0, 0, 0, 0, 0, 0, 0, 0, 0, 0, 0, 0, 0, 0, 0, 0
0, 0, 0, 0, 0, 0, 0, 0, 0, 0, 0, 0, 0, 0, 0, 0, 0, 0, 0, 0, 0, 0, 0, 0, 0, 0, 0, 0, 0, 0, 0, 0, 0, 0, 0, 0, 0, 0, 0, 0, -0.0007188793, -0.0006332235, -0.0006442125, -0.0007511023, -0.0008895359, -0.0009602571, -0.0010915725, -0.0011989842, -0.0012438435, -0.0013208581, -0.0013908733, -0.001463034, -0.001501308, -0.0015785515, -0.0016489628, -0.0016784027, -0.0017241887, -0.0017557454, -0.0017703132, -0.0018096608, -0.0018754749, -0.0019775683, -0.0020412072, -0.002184977, -0.0023356439, -0.0024084123, -0.0025431088, -0.0026658482, -0.0027859826, -0.0028502636, -0.0029968321, -0.0031761169, -0.0032791945, -0.0035073063, -0.0037518016, -0.003994253, -0.0041101007, -0.0043263403, -0.004526855, -0.004624962, -0.0048268046, -0.005045008, -0.0051610004, -0.005402087, -0.0056435335, -0.005868733, -0.00597009, -0.0061435737, -0.006275334, -0.006327121, -0.0064117797, -0.006481947, -0.0065463483, -0.0065760184, -0.0066219806, -0.0066355322, -0.0066250185, -0.0065617235, -0.0064398004, -0.0063587376, -0.0061649377, -0.0059432904, -0.005706071, -0.005581754, -0.005315679, -0.0050091236, -0.0048353444, -0.004441727, -0.003997981, -0.003541199, -0.0033277932, -0.00299875, -0.0029592013, -0.0031352972, -0.0039619906, -0.0052037556, 0, 0, 0, 0, 0, 0, 0, 0, 0, 0, 0, 0, 0, 0, 0, 0, 0, 0, 0, 0, 0, 0, 0, 0, 0, 0, 0, 0, 0, 0, 0, 0, 0, 0
0, 0, 0, 0, 0, 0, 0, 0, 0, 0, 0, 0, 0, 0, 0, 0, 0, 0, 0, 0, 0, 0, 0, 0, 0, 0, 0, 0, 0, 0, 0, 0, 0, 0, 0, 0, 0, 0, 0, -0.0009714229, -0.00072385184, -0.0006918527, -0.00076917204, -0.0009567579, -0.001170372, -0.0012734593, -0.0014588591, -0.0016135827, -0.0016798355, -0.0017965711, -0.0019027077, -0.00201123, -0.0020691182, -0.0021885943, -0.0023048888, -0.0023565465, -0.0024377233, -0.0024852115, -0.0024975303, -0.0025105872, -0.0025264057, -0.002566451, -0.0025988522, -0.0026891455, -0.0028018241, -0.0028607785, -0.002974197, -0.0030728995, -0.0031560713, -0.0031953212, -0.0032778848, -0.00337731, -0.0034368844, -0.0035772629, -0.0037417598, -0.0039179204, -0.0040045963, -0.004169213, -0.0043189186, -0.004389957, -0.004533072, -0.0046884697, -0.0047739376, -0.0049582236, -0.0051545408, -0.0053487765, -0.005439753, -0.005600013, -0.005723367, -0.005770984, -0.005844416, -0.005900001, -0.005953017, -0.00598044, -0.006034672, -0.006075944, -0.006085935, -0.0060718297, -0.0059993058, -0.0059394296, -0.005776542, -0.0055700666, -0.005340386, -0.00522162, -0.004976099, -0.0047071096, -0.0045561697, -0.004209023, -0.0038006073, -0.00337042, -0.0031754526, -0.0029182856, -0.0030437126, -0.0034097065, -0.0046775257, 0, 0, 0, 0, 0, 0, 0, 0, 0, 0, 0, 0, 0, 0, 0, 0, 0, 0, 0, 0, 0, 0, 0, 0, 0, 0, 0, 0, 0, 0, 0, 0, 0, 0, 0
0, 0, 0, 0, 0, 0, 0, 0, 0, 0, 0, 0, 0, 0, 0, 0, 0, 0, 0, 0, 0, 0, 0, 0, 0, 0, 0, 0, 0, 0, 0, 0, 0, 0, 0, 0, 0, 0, -0.0005352989, -0.00064920704, -0.00071613654, -0.0007724499, -0.00094374677, -0.0011778814, -0.0014376435, -0.0015662159, -0.0018053642, -0.0020120575, -0.002101344, -0.002257488, -0.0023935083, -0.0025270504, -0.002597191, -0.0027474721, -0.0029040007, -0.0029790597, -0.003109227, -0.0031988977, -0.0032265598, -0.0032515828, -0.003251298, -0.0032493924, -0.0032557137, -0.0032909575, -0.003356379, -0.0033965372, -0.003480106, -0.0035528466, -0.0036050323, -0.0036234963, -0.0036506786, -0.0036765123, -0.0036928523, -0.003741211, -0.003812597, -0.0039042744, -0.0039539374, -0.004052062, -0.004140048, -0.0041790563, -0.004251705, -0.0043264735, -0.0043682745, -0.0044651846, -0.004581281, -0.004709515, -0.0047749826, -0.0048989574, -0.005002438, -0.0050438833, -0.0051063653, -0.005148158, -0.005182366, -0.005200272, -0.005241654, -0.005286007, -0.005305217, -0.005325528, -0.0053037927, -0.0052715833, -0.005160584, -0.004991817, -0.0047844187, -0.0046722097, -0.004440488, -0.0041964035, -0.004064461, -0.0037652222, -0.003413185, -0.003055515, -0.0029173265, -0.0028608025, -0.003118565, -0.0032577475, 0, 0, 0, 0, 0, 0, 0, 0, 0, 0, 0, 0, 0, 0, 0, 0, 0, 0, 0, 0, 0, 0, 0, 0, 0, 0, 0, 0, 0, 0, 0, 0, 0, 0, 0, 0
0, 0, 0, 0, 0, 0, 0, 0, 0, 0, 0, 0, 0, 0, 0, 0, 0, 0, 0, 0, 0, 0, 0, 0, 0, 0, 0, 0, 0, 0, 0, 0, 0, 0, 0, 0, 0, -0.0003105058, -0.00033920413, -0.0005019163, -0.00072589517, -0.0008452036, -0.0010956797, -0.0013694054, -0.0016635383, -0.0018129257, -0.0021029126, -0.0023654606, -0.0024823805, -0.0026852475, -0.002854883, -0.0030090145, -0.003086751, -0.0032527898, -0.0034325938, -0.0035240282, -0.0036970421, -0.0038390078, -0.0038929377, -0.0039633326, -0.0039895736, -0.0039881505, -0.003984628, -0.0039863824, -0.0040098596, -0.004029051, -0.0040741186, -0.0041124052, -0.0041291174, -0.0041274377, -0.0041055814, -0.0040672743, -0.004046129, -0.00400883, -0.0039877165, -0.0039872495, -0.003993817, -0.0040125246, -0.004027817, -0.0040309248, -0.004026613, -0.0040140306, -0.004007186, -0.0040021394, -0.0040154136, -0.004051791, -0.004077669, -0.0041394755, -0.0042039575, -0.004232971, -0.004277953, -0.004303925, -0.004316324, -0.004320528, -0.004331879, -0.0043524057, -0.004366145, -0.004393492, -0.004405528, -0.0043994957, -0.0043498427, -0.0042430405, -0.004083611, -0.003989361, -0.0037838542, -0.003567124, -0.003455454, -0.0032206862, -0.0029725402, -0.0027581137, -0.0027140856, -0.0030128187, -0.0039586085, 0, 0, 0, 0, 0, 0, 0, 0, 0, 0, 0, 0, 0, 0, 0, 0, 0, 0, 0, 0, 0, 0, 0, 0, 0, 0, 0, 0, 0, 0, 0, 0, 0, 0, 0, 0, 0
0, 0, 0, 0, 0, 0, 0, 0, 0, 0, 0, 0, 0, 0, 0, 0, 0, 0, 0, 0, 0, 0, 0, 0, 0, 0, 0, 0, 0, 0, 0, 0, 0, 0, 0, 0, -0.0009805103, -0.0005792237, -0.0005020892, -0.0006023019, -0.00083952426, -0.00097232225, -0.0012448482, -0.0015291484, -0.0018332899, -0.0019920752, -0.0023156486, -0.0026289807, -0.0027745783, -0.0030353146, -0.0032538457, -0.003441451, -0.0035304145, -0.0037108376, -0.0039023475, -0.004001611, -0.0042007896, -0.0043832716, -0.004462316, -0.0045886603, -0.0046679527, -0.004704275, -0.004710463, -0.004712669, -0.0047144373, -0.00471761, -0.0047255494, -0.004725148, -0.0047030714, -0.0046810433, -0.004615177, -0.0045250286, -0.0044738837, -0.0043667355, -0.0042647016, -0.004176026, -0.004137642, -0.004069676, -0.0040037395, -0.003967708, -0.0038855132, -0.0037887795, -0.0037369204, -0.0036337855, -0.0035426025, -0.0034756667, -0.0034526603, -0.0034290813, -0.003428975, -0.0034338848, -0.0034440365, -0.0034441045, -0.0034292676, -0.003416924, -0.00338929, -0.0033677015, -0.0033620645, -0.0033650843, -0.0033800146, -0.003387508, -0.0033879397, -0.0033489666, -0.0032577158, -0.003192941, -0.0030350145, -0.0028595421, -0.0027748018, -0.0026352666, -0.00258179, -0.002671814, -0.0027801022, -0.0029682338, 0, 0, 0, 0, 0, 0, 0, 0, 0, 0, 0, 0, 0, 0, 0, 0, 0, 0, 0, 0, 0, 0, 0, 0, 0, 0, 0, 0, 0, 0, 0, 0, 0, 0, 0, 0, 0, 0
0, 0, 0, 0, 0, 0, 0, 0, 0, 0, 0, 0, 0, 0, 0, 0, 0, 0, 0, 0, 0, 0, 0, 0, 0, 0, 0, 0, 0, 0, 0, 0, 0, 0, 0, -0.0019139858, -0.0012591229, -0.0008908535, -0.0008356721, -0.00090401236, -0.0010948248, -0.0012082685, -0.0014481711, -0.0017010873, -0.0019772334, -0.0021267985, -0.0024460242, -0.0027808037, -0.0029468043, -0.003261164, -0.003539512, -0.0037797685, -0.0038893116, -0.004097435, -0.004303804, -0.0044076745, -0.0046174764, -0.004819139, -0.0049133003, -0.0050805933, -0.005210566, -0.00529767, -0.0053254752, -0.0053560957, -0.0053633605, -0.0053616525, -0.0053482605, -0.0053181024, -0.005263083, -0.005224471, -0.005124778, -0.0049982457, -0.0049269344, -0.004772766, -0.004611632, -0.004451736, -0.0043735253, -0.0042217346, -0.004071858, -0.003995534, -0.0038358108, -0.003663729, -0.0035741117, -0.003390706, -0.003211765, -0.003048535, -0.0029761791, -0.002855096, -0.0027669817, -0.0027333468, -0.0026814304, -0.0026367225, -0.0025861375, -0.002556312, -0.002489479, -0.002421408, -0.0023912832, -0.0023489, -0.0023354134, -0.0023389717, -0.0023568615, -0.0023668432, -0.0023415561, -0.002309541, -0.0022097044, -0.0020831395, -0.002026478, -0.0019935502, -0.0022292377, -0.002876855, -0.0034231974, 0, 0, 0, 0, 0, 0, 0, 0, 0, 0, 0, 0, 0, 0, 0, 0, 0, 0, 0, 0, 0, 0, 0, 0, 0, 0, 0, 0, 0, 0, 0, 0, 0, 0, 0, 0, 0, 0, 0
0, 0, 0, 0, 0, 0, 0, 0, 0, 0, 0, 0, 0, 0, 0, 0, 0, 0, 0, 0, 0, 0, 0, 0, 0, 0, 0, 0, 0, 0, 0, 0, 0, 0, -0.001676256, -0.0015670252, -0.0013391825, -0.0012303424, -0.0012308162, -0.0013139864, -0.0014640575, -0.0015518111, -0.0017388747, -0.0019378173, -0.0021570376, -0.0022782767, -0.00255006, -0.0028598339, -0.003024784, -0.0033600132, -0.003683329, -0.0039766864, -0.004111459, -0.0043608015, -0.0045912927, -0.004702036, -0.004916748, -0.0051211505, -0.005218485, -0.005399719, -0.005556951, -0.0056824535, -0.0057309666, -0.0058002137, -0.005834122, -0.005839506, -0.0058289696, -0.0057899216, -0.0057200273, -0.0056731044, -0.0055564684, -0.0054136007, -0.005333797, -0.0051594935, -0.004969532, -0.004766843, -0.004661583, -0.0044436045, -0.0042185597, -0.0041032447, -0.0038685764, -0.0036297373, -0.0035088584, -0.0032663988, -0.0030252405, -0.0027898524, -0.0026764611, -0.002463879, -0.0022771722, -0.002195351, -0.002055646, -0.001942263, -0.0018435062, -0.0017953289, -0.0016962893, -0.001594332, -0.001544905, -0.001457715, -0.0013995471, -0.0013848509, -0.0013850782, -0.0014079575, -0.00142204, -0.0014154436, -0.0013658765, -0.0012838308, -0.0012503017, -0.0012933203, -0.0017955255, -0.0028917964, 0, 0, 0, 0, 0, 0, 0, 0, 0, 0, 0, 0, 0, 0, 0, 0, 0, 0, 0, 0, 0, 0, 0, 0, 0, 0, 0, 0, 0, 0, 0, 0, 0, 0, 0, 0, 0, 0, 0, 0
0, 0, 0, 0, 0, 0, 0, 0, 0, 0, 0, 0, 0, 0, 0, 0, 0, 0, 0, 0, 0, 0, 0, 0, 0, 0, 0, 0, 0, 0, 0, 0, 0, -0.00268306, -0.0018930377, -0.0016623344, -0.0015435118, -0.0015937566, -0.0016410556, -0.0017575489, -0.0018925971, -0.0019643651, -0.0021121535, -0.0022632407, -0.002424171, -0.002511733, -0.0027126102, -0.0029565378, -0.0030948443, -0.0033977076, -0.0037168066, -0.004029762, -0.00417922, -0.004458844, -0.0047135204, -0.004831952, -0.0050529945, -0.005254832, -0.0053485683, -0.0055234106, -0.0056804526, -0.0058177803, -0.0058775484, -0.00597605, -0.006043415, -0.006064095, -0.0060783667, -0.006054617, -0.005993144, -0.005948477, -0.00583544, -0.00569553, -0.005617532, -0.0054481323, -0.0052593276, -0.00504883, -0.0049337167, -0.004682364, -0.0044065323, -0.0042613773, -0.0039642816, -0.003666227, -0.0035191958, -0.0032319732, -0.0029519484, -0.0026745454, -0.0025352777, -0.0022563979, -0.0019838696, -0.0018536921, -0.0016153714, -0.0014145902, -0.0012520455, -0.001182173, -0.0010562018, -0.0009390526, -0.0008815272, -0.00077049516, -0.0006748469, -0.0006382923, -0.0005975001, -0.0005981434, -0.0006168227, -0.00062084146, -0.0006014487, -0.0005545739, -0.0005424712, -0.00062567793, -0.0009385472, 0, 0, 0, 0, 0, 0, 0, 0, 0, 0, 0, 0, 0, 0, 0, 0, 0, 0, 0, 0, 0, 0, 0, 0, 0, 0, 0, 0, 0, 0, 0, 0, 0, 0, 0, 0, 0, 0, 0, 0, 0
0, 0, 0, 0, 0, 0, 0, 0, 0, 0, 0, 0, 0, 0, 0, 0, 0, 0, 0, 0, 0, 0, 0, 0, 0, 0, 0, 0, 0, 0, 0, 0, 0, -0.0021242928, -0.0018874265, -0.0018325801, -0.0018769893, -0.0020111024, -0.0020840403, -0.002225538, -0.002358319, -0.0024229118, -0.0025486152, -0.0026699463, -0.0027903316, -0.0028521386, -0.0029878395, -0.0031521742, -0.003249101, -0.003472141, -0.0037275907, -0.0039994265, -0.0041369162, -0.0044061723, -0.0046605864, -0.004780733, -0.0050030136, -0.005201351, -0.005290988, -0.005452372, -0.005594058, -0.005720608, -0.00577958, -0.0058877403, -0.0059789172, -0.006015405, -0.006063378, -0.0060719126, -0.006036877, -0.0060036303, -0.0059098387, -0.0057865446, -0.00571641, -0.00556441, -0.005397641, -0.005208786, -0.005102255, -0.004858723, -0.004572007, -0.004414563, -0.004081429, -0.0037407696, -0.0035731308, -0.0032504154, -0.00294563, -0.0026508938, -0.0025024083, -0.0021950153, -0.0018705638, -0.0017051221, -0.001381511, -0.0010905161, -0.00085169054, -0.0007534043, -0.00059410004, -0.00046929592, -0.00041277544, -0.0003014459, -0.00018974105, -0.00013703748, -5.298426e-05, -9.572211e-06, -2.5395498e-06, -3.132672e-06, 9.804799e-06, 3.5729143e-05, 2.2304892e-05, -0.0002358777, 0, 0, 0, 0, 0, 0, 0, 0, 0, 0, 0, 0, 0, 0, 0, 0, 0, 0, 0, 0, 0, 0, 0, 0, 0, 0, 0, 0, 0, 0, 0, 0, 0, 0, 0, 0, 0, 0, 0, 0, 0, 0
0, 0, 0, 0, 0, 0, 0, 0, 0, 0, 0, 0, 0, 0, 0, 0, 0, 0, 0, 0, 0, 0, 0, 0, 0, 0, 0, 0, 0, 0, 0, 0, -0.002480784, -0.0021015252, -0.0021017352, -0.002166591, -0.0023443731, -0.0025291806, -0.0026137591, -0.0027621193, -0.0028877028, -0.0029442385, -0.0030497224, -0.003147042, -0.0032383848, -0.0032824972, -0.0033715002, -0.003468417, -0.003523308, -0.0036504855, -0.003803128, -0.0039805477, -0.004076491, -0.004278771, -0.004488192, -0.0045924564, -0.0047947285, -0.0049800505, -0.005064314, -0.0052128434, -0.005336471, -0.005441487, -0.0054909065, -0.005586879, -0.0056813005, -0.0057253023, -0.00579772, -0.0058386326, -0.00583753, -0.0058195605, -0.005751891, -0.005648534, -0.0055872635, -0.005454165, -0.0053130793, -0.005160513, -0.005075201, -0.004875025, -0.0046231532, -0.0044769803, -0.0041510006, -0.0037988487, -0.0036209812, -0.0032752734, -0.0029542088, -0.0026562677, -0.0025105309, -0.0022102932, -0.0018810537, -0.0017037129, -0.0013342011, -0.00097366143, -0.00065805286, -0.00052566786, -0.0003160161, -0.0001703401, -0.000113167545, -9.285994e-06, 0.000100372825, 0.0001592429, 0.00027579936, 0.00036867388, 0.0004229525, 0.00043968455, 0.000471666, 0.0005034718, 0.00050666725, 0, 0, 0, 0, 0, 0, 0, 0, 0, 0, 0, 0, 0, 0, 0, 0, 0, 0, 0, 0, 0, 0, 0, 0, 0, 0, 0, 0, 0, 0, 0, 0, 0, 0, 0, 0, 0, 0, 0, 0, 0, 0, 0
0, 0, 0, 0, 0, 0, 0, 0, 0, 0, 0, 0, 0, 0, 0, 0, 0, 0, 0, 0, 0, 0, 0, 0, 0, 0, 0, 0, 0, 0, 0, -0.004677138, -0.0031900925, -0.002584085, -0.0026317362, -0.0027357496, -0.0029701511, -0.0031789413, -0.00326686, -0.0034110914, -0.0035188587, -0.0035622006, -0.0036342277, -0.0036929671, -0.0037454101, -0.0037702643, -0.0038180384, -0.0038637477, -0.0038858755, -0.0039306795, -0.0039798473, -0.0040429956, -0.004081016, -0.0041750604, -0.004292604, -0.00435887, -0.004501895, -0.004648773, -0.004719302, -0.0048467587, -0.0049501895, -0.0050296686, -0.0050637354, -0.0051293573, -0.0051998035, -0.0052370545, -0.0053093554, -0.005365897, -0.0053904504, -0.0053867255, -0.0053455867, -0.005261951, -0.005208249, -0.005087902, -0.0049648173, -0.0048463573, -0.0047859373, -0.0046476508, -0.0044665076, -0.0043539926, -0.0040836213, -0.0037641823, -0.0035932814, -0.0032485193, -0.0029223026, -0.0026285185, -0.0024918832, -0.002221804, -0.0019291183, -0.0017660188, -0.0014049632, -0.0010188478, -0.0006494199, -0.00048477593, -0.0002120097, -2.1201657e-05, 4.8488037e-05, 0.00015835091, 0.00026412445, 0.00032445567, 0.00046264843, 0.00060490135, 0.0007237059, 0.00077238935, 0.0008548264, 0.00087260746, 0.00090250606, 0, 0, 0, 0, 0, 0, 0, 0, 0, 0, 0, 0, 0, 0, 0, 0, 0, 0, 0, 0, 0, 0, 0, 0, 0, 0, 0, 0, 0, 0, 0, 0, 0, 0, 0, 0, 0, 0, 0, 0, 0, 0, 0
0, 0, 0, 0, 0, 0, 0, 0, 0, 0, 0, 0, 0, 0, 0, 0, 0, 0, 0, 0, 0, 0, 0, 0, 0, 0, 0, 0, 0, 0, -0.0049152942, -0.004259637, -0.0034647067, -0.0032076144, -0.0033269124, -0.0034438602, -0.0036952822, -0.003916612, -0.0040081115, -0.0041518253, -0.0042438954, -0.0042728325, -0.004303401, -0.0043076808, -0.004299355, -0.00429409, -0.0042856485, -0.004279452, -0.0042750365, -0.0042607933, -0.00423484, -0.004201251, -0.0041848854, -0.0041619665, -0.004161472, -0.004172158, -0.0042162635, -0.004284521, -0.004324716, -0.0044068587, -0.004475726, -0.0045197085, -0.004532832, -0.004550826, -0.0045709712, -0.004585916, -0.0046257554, -0.0046702744, -0.004702066, -0.0047075427, -0.0046902895, -0.004629182, -0.004583717, -0.004474566, -0.0043617794, -0.004264713, -0.0042232214, -0.0041436246, -0.0040435414, -0.0039773895, -0.0037988543, -0.0035563116, -0.0034150623, -0.0031082148, -0.0027984558, -0.0025162466, -0.002389969, -0.0021571775, -0.0019233314, -0.001793152, -0.0014907863, -0.0011348258, -0.0007566059, -0.0005736033, -0.00024717758, 2.1768324e-06, 9.5877105e-05, 0.00023571357, 0.00034985878, 0.0004127787, 0.00056997704, 0.00076729746, 0.0009736609, 0.0010669215, 0.0012469776, 0, 0, 0, 0, 0, 0, 0, 0, 0, 0, 0, 0, 0, 0, 0, 0, 0, 0, 0, 0, 0, 0, 0, 0, 0, 0, 0, 0, 0, 0, 0, 0, 0, 0, 0, 0, 0, 0, 0, 0, 0, 0, 0, 0, 0
0, 0, 0, 0, 0, 0, 0, 0, 0, 0, 0, 0, 0, 0, 0, 0, 0, 0, 0, 0, 0, 0, 0, 0, 0, 0, 0, 0, 0, -0.004410613, -0.003914067, -0.0037379346, -0.0036051068, -0.0037048978, -0.0039406656, -0.0040791137, -0.00435486, -0.004599571, -0.0047043087, -0.004867709, -0.0049673403, -0.0049930853, -0.004999087, -0.004956942, -0.0048829517, -0.004841693, -0.004758966, -0.004687363, -0.0046556075, -0.0045934296, -0.004519699, -0.00442452, -0.0043690586, -0.0042508845, -0.0041364557, -0.0040862923, -0.004007618, -0.0039639533, -0.0039550653, -0.0039555253, -0.0039617405, -0.0039525335, -0.0039379518, -0.0038935295, -0.0038443436, -0.0038238235, -0.0038012606, -0.003802175, -0.003815994, -0.0038223984, -0.0038210289, -0.0037862442, -0.0037539108, -0.0036635234, -0.0035599135, -0.0034710849, -0.003437966, -0.0033931138, -0.0033583369, -0.0033349097, -0.0032568765, -0.0031200773, -0.0030270794, -0.0027980634, -0.0025374421, -0.0022833787, -0.0021692254, -0.001971903, -0.0017973367, -0.0017063394, -0.0014895094, -0.0012096355, -0.00087566854, -0.0006993219, -0.00035631726, -6.356349e-05, 5.5265322e-05, 0.00023658821, 0.00037349324, 0.00044321312, 0.0006232707, 0.00089100556, 0.0012329704, 0.0013771858, 0, 0, 0, 0, 0, 0, 0, 0, 0, 0, 0, 0, 0, 0, 0, 0, 0, 0, 0, 0, 0, 0, 0, 0, 0, 0, 0, 0, 0, 0, 0, 0, 0, 0, 0, 0, 0, 0, 0, 0, 0, 0, 0, 0, 0, 0
0, 0, 0, 0, 0, 0, 0, 0, 0, 0, 0, 0, 0, 0, 0, 0, 0, 0, 0, 0, 0, 0, 0, 0, 0, 0, 0, 0, -0.0021962982, -0.0027239968, -0.002980703, -0.0031279596, -0.003481664, -0.0038688, -0.004246217, -0.0044242274, -0.0047539975, -0.0050448715, -0.0051729097, -0.0053861463, -0.0055301646, -0.005573419, -0.0055999705, -0.005554001, -0.005448386, -0.0053806114, -0.00523268, -0.0050910376, -0.0050277407, -0.004914176, -0.0048022037, -0.0046701985, -0.004591788, -0.004411831, -0.004210522, -0.0041081957, -0.003911919, -0.0037438823, -0.0036739812, -0.0035645661, -0.0034812035, -0.003398575, -0.0033511207, -0.0032376652, -0.0031118582, -0.0030507813, -0.0029457111, -0.002874675, -0.0028396237, -0.0028331724, -0.0028281715, -0.0028141923, -0.0027962984, -0.0027339116, -0.002644459, -0.0025547203, -0.0025194741, -0.0024783157, -0.002471832, -0.002475252, -0.0024759755, -0.002443627, -0.0024068486, -0.0022856682, -0.0021094803, -0.0019101788, -0.0018146305, -0.0016522541, -0.0015265956, -0.0014692259, -0.0013390359, -0.0011566313, -0.0009081238, -0.0007631603, -0.00045337813, -0.00015613528, -2.5508196e-05, 0.000186471, 0.00034647092, 0.0004239324, 0.0006241956, 0.0009643677, 0.0015361083, 0.0017658101, 0, 0, 0, 0, 0, 0, 0, 0, 0, 0, 0, 0, 0, 0, 0, 0, 0, 0, 0, 0, 0, 0, 0, 0, 0, 0, 0, 0, 0, 0, 0, 0, 0, 0, 0, 0, 0, 0, 0, 0, 0, 0, 0, 0, 0, 0
0, 0, 0, 0, 0, 0, 0, 0, 0, 0, 0, 0, 0, 0, 0, 0, 0, 0, 0, 0, 0, 0, 0, 0, 0, 0, 0, -0.00010840378, -0.0006386108, -0.0013781297, -0.0020207027, -0.0023454553, -0.0029923986, -0.0035932222, -0.004115608, -0.0043468396, -0.0047577135, -0.0051148133, -0.005275857, -0.005558434, -0.0057773897, -0.005858311, -0.005957864, -0.0059698992, -0.0058964044, -0.0058318027, -0.0056650303, -0.005478142, -0.0053877076, -0.0052215047, -0.0050688805, -0.0049066828, -0.0048148856, -0.0046013356, -0.004349697, -0.0042128423, -0.003929043, -0.0036525046, -0.0035245442, -0.0032998933, -0.003115569, -0.00295219, -0.0028706545, -0.0026933765, -0.0024981783, -0.0023983666, -0.0022078382, -0.002047045, -0.0019318876, -0.0018934945, -0.0018492751, -0.0018294093, -0.0018186356, -0.0017783327, -0.0017045432, -0.0016123694, -0.001568795, -0.0015069009, -0.0014889521, -0.0014957318, -0.0015310748, -0.0015725209, -0.0015848238, -0.0015748504, -0.0015065118, -0.0013910948, -0.0013273214, -0.0012103267, -0.0011261561, -0.0010946417, -0.0010342535, -0.0009445822, -0.0007964292, -0.0006977704, -0.00046117156, -0.00020113976, -7.692149e-05, 0.00013888678, 0.00030897092, 0.00038913425, 0.0005874832, 0.0009534966, 0, 0, 0, 0, 0, 0, 0, 0, 0, 0, 0, 0, 0, 0, 0, 0, 0, 0, 0, 0, 0, 0, 0, 0, 0, 0, 0, 0, 0, 0, 0, 0, 0, 0, 0, 0, 0, 0, 0, 0, 0, 0, 0, 0, 0, 0, 0, 0
0, 0, 0, 0, 0, 0, 0, 0, 0, 0, 0, 0, 0, 0, 0, 0, 0, 0, 0, 0, 0, 0, 0, 0, 0, 0, 0.0017237642, 0.0007129444, 0.00034612132, -0.00031862524, -0.0010158764, -0.0013888264, -0.002151573, -0.002883043, -0.0035341145, -0.0038227574, -0.0043340838, -0.0047723614, -0.004969858, -0.0053258506, -0.0056275465, -0.0057551726, -0.005955561, -0.006073325, -0.006095516, -0.006069949, -0.005953827, -0.005777459, -0.0056790663, -0.0054816203, -0.005293481, -0.0051045413, -0.005003093, -0.0047763567, -0.0045085726, -0.0043586884, -0.004032623, -0.00368833, -0.0035185656, -0.0032011846, -0.002926662, -0.0026893155, -0.0025771526, -0.0023494216, -0.0021043257, -0.0019751799, -0.0017126122, -0.0014615355, -0.0012466385, -0.0011597971, -0.0010338594, -0.00096291245, -0.0009398116, -0.0008945477, -0.00082663837, -0.00073155586, -0.00067958975, -0.00058598974, -0.0005292304, -0.00051992264, -0.0005413358, -0.0006051436, -0.0006455994, -0.0007194485, -0.00075664103, -0.000743376, -0.00072189694, -0.0006696213, -0.00063104124, -0.0006214185, -0.0006133742, -0.0005966386, -0.00054032926, -0.00048985425, -0.0003406426, -0.0001418152, -3.6336005e-05, 0.0001605119, 0.00032074115, 0.00039497224, 0.00055601774, 0, 0, 0, 0, 0, 0, 0, 0, 0, 0, 0, 0, 0, 0, 0, 0, 0, 0, 0, 0, 0, 0, 0, 0, 0, 0, 0, 0, 0, 0, 0, 0, 0, 0, 0, 0, 0, 0, 0, 0, 0, 0, 0, 0, 0, 0, 0, 0, 0
0, 0, 0, 0, 0, 0, 0, 0, 0, 0, 0, 0, 0, 0, 0, 0, 0, 0, 0, 0, 0, 0, 0, 0, 0, 0.0022505862, 0.0017970279, 0.0013144627, 0.0010908343, 0.00061069685, 2.3328788e-05, -0.0003148172, -0.001055197, -0.0018267257, -0.0025658554, -0.002908086, -0.0035256224, -0.004055483, -0.004291882, -0.0047182348, -0.0050913393, -0.0052593565, -0.005554329, -0.0057850955, -0.005932442, -0.0059691863, -0.005964343, -0.005865886, -0.005790877, -0.0056114113, -0.005416569, -0.005216954, -0.0051136496, -0.0048917527, -0.004638196, -0.0044958293, -0.0041770684, -0.003819612, -0.003633349, -0.003266116, -0.00292917, -0.0026334438, -0.0024968681, -0.002231452, -0.0019561185, -0.0018102808, -0.0015022829, -0.0011834361, -0.0008756214, -0.00073574664, -0.00050058425, -0.00033446678, -0.0002745064, -0.00018177464, -9.4987874e-05, 9.632592e-06, 6.893379e-05, 0.00018951908, 0.00029136377, 0.00032726137, 0.00035618056, 0.00032189116, 0.00028277727, 0.0001767354, 6.745329e-05, -1.1249571e-05, -3.4919263e-05, -6.05696e-05, -7.871439e-05, -9.154397e-05, -0.00012794673, -0.00016668142, -0.00018170598, -0.00017090642, -0.00010026814, 3.6811525e-05, 0.0001225975, 0.00029378533, 0.0004233498, 0.0004766385, 0.0006146997, 0, 0, 0, 0, 0, 0, 0, 0, 0, 0, 0, 0, 0, 0, 0, 0, 0, 0, 0, 0, 0, 0, 0, 0, 0, 0, 0, 0, 0, 0, 0, 0, 0, 0, 0, 0, 0, 0, 0, 0, 0, 0, 0, 0, 0, 0, 0, 0, 0
0, 0, 0, 0, 0, 0, 0, 0, 0, 0, 0, 0, 0, 0, 0, 0, 0, 0, 0, 0, 0, 0, 0, 0.0035835088, 0.0032945974, 0.0023008063, 0.0018863984, 0.0016998925, 0.0016112668, 0.0013662231, 0.0009813547, 0.00073049974, 0.00012430575, -0.00058598747, -0.0013398093, -0.0017132371, -0.0024160787, -0.0030382222, -0.0033161968, -0.0038142998, -0.004248194, -0.0044457205, -0.0048065246, -0.005121387, -0.005378161, -0.00547797, -0.005607265, -0.0056350105, -0.0056126197, -0.0055118306, -0.0053609787, -0.0051856944, -0.0050936844, -0.0048997677, -0.004687332, -0.0045695123, -0.00430153, -0.0039862664, -0.003812299, -0.0034477625, -0.0030870491, -0.0027527015, -0.0025974398, -0.002301458, -0.00200786, -0.0018557755, -0.0015344478, -0.0011865462, -0.0008225863, -0.00064229016, -0.00030627352, -2.8393262e-05, 8.4666164e-05, 0.0002636395, 0.0004039354, 0.0005356735, 0.0006039604, 0.00074601645, 0.00088434055, 0.0009457138, 0.0010376126, 0.0010679453, 0.0010558116, 0.0009790631, 0.0008576789, 0.0007291157, 0.00067197904, 0.00057679013, 0.0004982459, 0.00045998773, 0.00037866592, 0.0002951362, 0.00022806332, 0.00021002122, 0.0002255446, 0.00032198717, 0.00039635735, 0.0005496545, 0.0006091828, 0, 0, 0, 0, 0, 0, 0, 0, 0, 0, 0, 0, 0, 0, 0, 0, 0, 0, 0, 0, 0, 0, 0, 0, 0, 0, 0, 0, 0, 0, 0, 0, 0, 0, 0, 0, 0, 0, 0, 0, 0, 0, 0, 0, 0, 0, 0, 0, 0, 0, 0
0, 0, 0, 0, 0, 0, 0, 0, 0, 0, 0, 0, 0, 0, 0, 0, 0, 0, 0, 0, 0, 0, 0, 0.0019980597, 0.0020200124, 0.0018290824, 0.0017469163, 0.0017934435, 0.0018194898, 0.001810452, 0.0016690114, 0.0015386359, 0.0011515483, 0.0006076601, -5.6535944e-05, -0.00041441948, -0.0011377359, -0.0018218082, -0.002137241, -0.0027091377, -0.0032050335, -0.003428682, -0.0038352844, -0.004196676, -0.004519332, -0.004663912, -0.00490765, -0.005070092, -0.005115486, -0.005136079, -0.0050791996, -0.0049727955, -0.0049085068, -0.0047675637, -0.004615477, -0.004533391, -0.004345742, -0.0041142325, -0.003978227, -0.0036685718, -0.0033271152, -0.0029818614, -0.0028153486, -0.0024966907, -0.0021919778, -0.0020401597, -0.0017277481, -0.001391631, -0.0010243951, -0.0008310629, -0.0004408739, -7.545525e-05, 8.849686e-05, 0.0003686795, 0.00058983674, 0.0007737798, 0.00085955247, 0.0010276127, 0.0011944991, 0.0012755624, 0.001422509, 0.0015280532, 0.0015570688, 0.0015577682, 0.0014884219, 0.001374062, 0.0013101981, 0.0011826073, 0.0010609267, 0.0010009046, 0.00087771047, 0.00075430266, 0.00064910465, 0.00061396713, 0.00060415996, 0.000699731, 0.0007846077, 0.0009476217, 0, 0, 0, 0, 0, 0, 0, 0, 0, 0, 0, 0, 0, 0, 0, 0, 0, 0, 0, 0, 0, 0, 0, 0, 0, 0, 0, 0, 0, 0, 0, 0, 0, 0, 0, 0, 0, 0, 0, 0, 0, 0, 0, 0, 0, 0, 0, 0, 0, 0, 0, 0
0, 0, 0, 0, 0, 0, 0, 0, 0, 0, 0, 0, 0, 0, 0, 0, 0, 0, 0, 0, 0, 0, 0.0004261355, 0.00086530537, 0.0009706894, 0.001106596, 0.0012742117, 0.0015001659, 0.0016164071, 0.0018118618, 0.001908645, 0.0019066768, 0.0017824529, 0.001484007, 0.0010171862, 0.00073188666, 9.4027164e-05, -0.00057637866, -0.00090570597, -0.0015287687, -0.002087192, -0.0023393403, -0.002790892, -0.0031820855, -0.003532739, -0.0036985339, -0.0040095323, -0.0042745913, -0.004381326, -0.0045302175, -0.004592715, -0.0045856354, -0.004562925, -0.0044947527, -0.0044103563, -0.004365649, -0.004265013, -0.004135915, -0.004052412, -0.0038385405, -0.003562779, -0.0032476003, -0.0030843134, -0.002762107, -0.0024543554, -0.0023059645, -0.0020145401, -0.0017160354, -0.0013907796, -0.0012139513, -0.0008345356, -0.00043870503, -0.00024506985, 0.00011427274, 0.000421735, 0.0006790436, 0.00079365604, 0.0010048447, 0.0012037484, 0.0013006142, 0.0014896825, 0.0016598464, 0.0017305822, 0.0018278371, 0.0018539244, 0.0018132813, 0.001773913, 0.0016699573, 0.0015478861, 0.0014821053, 0.0013429376, 0.0012005776, 0.0010768259, 0.0010356446, 0.0010239194, 0.0011369361, 0.0012416948, 0.0015262098, 0, 0, 0, 0, 0, 0, 0, 0, 0, 0, 0, 0, 0, 0, 0, 0, 0, 0, 0, 0, 0, 0, 0, 0, 0, 0, 0, 0, 0, 0, 0, 0, 0, 0, 0, 0, 0, 0, 0, 0, 0, 0, 0, 0, 0, 0, 0, 0, 0, 0, 0, 0
0, 0, 0, 0, 0, 0, 0, 0, 0, 0, 0, 0, 0, 0, 0, 0, 0, 0, 0, 0, 0, -1.0562213e-05, 2.7319937e-05, 9.877949e-05, 0.00014641712, 0.00028398132, 0.00050326745, 0.00080224825, 0.00097013195, 0.0013084294, 0.0015980708, 0.0017084709, 0.0018353479, 0.0018072854, 0.0016049945, 0.0014393249, 0.000997226, 0.00044805545, 0.0001498518, -0.0004590606, -0.0010500818, -0.001326714, -0.0018263037, -0.0022496663, -0.0026146276, -0.0027857001, -0.0031166165, -0.003429911, -0.0035734088, -0.0038160807, -0.003985505, -0.0040800455, -0.0041025733, -0.004109958, -0.0040880884, -0.0040728454, -0.0040425733, -0.0040059346, -0.00397708, -0.0038792274, -0.0037091705, -0.003471256, -0.0033347488, -0.0030455936, -0.002756255, -0.0026163391, -0.0023489394, -0.0020932583, -0.0018299809, -0.0016880133, -0.0013709362, -0.0010100647, -0.0008174656, -0.0004294455, -6.0982224e-05, 0.00026972158, 0.00041961216, 0.00069208763, 0.0009362103, 0.0010514556, 0.0012756764, 0.0014933745, 0.0015964872, 0.00177933, 0.0019089734, 0.0019714297, 0.0019771173, 0.0019468636, 0.0018771798, 0.0018336514, 0.001740518, 0.0016481499, 0.0015682658, 0.0015413902, 0.0015247848, 0.0016272445, 0, 0, 0, 0, 0, 0, 0, 0, 0, 0, 0, 0, 0, 0, 0, 0, 0, 0, 0, 0, 0, 0, 0, 0, 0, 0, 0, 0, 0, 0, 0, 0, 0, 0, 0, 0, 0, 0, 0, 0, 0, 0, 0, 0, 0, 0, 0, 0, 0, 0, 0, 0, 0, 0
0, 0, 0, 0, 0, 0, 0, 0, 0, 0, 0, 0, 0, 0, 0, 0, 0, 0, 0, 0.00015873474, -1.1394808e-05, -9.511494e-05, -0.0003098456, -0.0004982167, -0.0005547255, -0.000578293, -0.00046971702, -0.00022613554, -6.0211707e-05, 0.00033003767, 0.0007392918, 0.0009307333, 0.0012526368, 0.0014604215, 0.0015237537, 0.0014947059, 0.0013145909, 0.0009834252, 0.0007702313, 0.00027402013, -0.00027597774, -0.00055355724, -0.0010811666, -0.0015384121, -0.0019194536, -0.0020893533, -0.0024081434, -0.002715593, -0.0028644933, -0.0031403233, -0.0033697146, -0.0035369878, -0.0035945363, -0.0036629303, -0.0036846853, -0.003687156, -0.0036949175, -0.0037175945, -0.0037305097, -0.0037387705, -0.0036910765, -0.0035689604, -0.003482414, -0.0032720831, -0.0030340094, -0.0029122846, -0.0026744304, -0.0024537793, -0.0022461754, -0.0021403583, -0.0019054651, -0.0016211881, -0.0014578376, -0.0010990046, -0.0007194217, -0.00034697648, -0.00016912846, 0.00016332579, 0.00046140488, 0.0005997053, 0.00086016284, 0.0011120092, 0.0012363888, 0.001476321, 0.0016862832, 0.0018434419, 0.0018978368, 0.0019602824, 0.0019801988, 0.0019868333, 0.0020276245, 0.0021279645, 0.002245237, 0.0022996855, 0.002252872, 0, 0, 0, 0, 0, 0, 0, 0, 0, 0, 0, 0, 0, 0, 0, 0, 0, 0, 0, 0, 0, 0, 0, 0, 0, 0, 0, 0, 0, 0, 0, 0, 0, 0, 0, 0, 0, 0, 0, 0, 0, 0, 0, 0, 0, 0, 0, 0, 0, 0, 0, 0, 0, 0, 0
0, 0, 0, 0, 0, 0, 0, 0, 0, 0, 0, 0, 0, 0, 0, 0, 0, 0, 0.00054742896, 0.00033855982, 1.4225739e-05, -0.00016706465, -0.0005643755, -0.00095938845, -0.0011317077, -0.0013902666, -0.0015031913, -0.0014366792, -0.0013315055, -0.000997699, -0.00055869616, -0.0003269519, 0.000115812014, 0.00048997777, 0.0007632023, 0.00085431663, 0.0009338709, 0.0008647409, 0.00077378884, 0.00048339737, 6.9911504e-05, -0.00016878686, -0.00066782726, -0.0011379328, -0.0015321419, -0.0016993551, -0.0019907576, -0.002252349, -0.0023781501, -0.0026235043, -0.0028490082, -0.0030380536, -0.003112292, -0.0032119553, -0.0032523484, -0.003258463, -0.0032684668, -0.003303971, -0.0033339972, -0.0034058287, -0.0034587309, -0.0034573178, -0.0034313235, -0.0033313546, -0.0031776105, -0.0030864154, -0.0028913221, -0.0027012816, -0.0025306165, -0.0024505297, -0.0022850404, -0.0020855507, -0.001965524, -0.0016819085, -0.0013502954, -0.0009927733, -0.0008105959, -0.00045262752, -0.00011555813, 4.184093e-05, 0.0003367565, 0.00061535486, 0.00075228966, 0.0010239014, 0.0012808018, 0.0015034066, 0.0015949768, 0.0017397745, 0.0018537001, 0.0019199672, 0.0021586234, 0.0026672909, 0.0031868939, 0.0034115715, 0, 0, 0, 0, 0, 0, 0, 0, 0, 0, 0, 0, 0, 0, 0, 0, 0, 0, 0, 0, 0, 0, 0, 0, 0, 0, 0, 0, 0, 0, 0, 0, 0, 0, 0, 0, 0, 0, 0, 0, 0, 0, 0, 0, 0, 0, 0, 0, 0, 0, 0, 0, 0, 0, 0, 0
0, 0, 0, 0, 0, 0, 0, 0, 0, 0, 0, 0, 0, 0, 0, 0, 0, -0.00072185474, -0.00028695381, 4.7883354e-05, -8.946263e-05, -0.00025660076, -0.0007058996, -0.0012360342, -0.0015051473, -0.00200657, -0.0023983868, -0.0026063283, -0.0026196172, -0.0024586099, -0.0020944085, -0.0018660633, -0.0013798639, -0.0009150076, -0.0005086945, -0.00033488125, -5.4917044e-05, 0.00011530461, 0.00015153461, 0.00011360581, -8.520681e-05, -0.00024233047, -0.0006376969, -0.0010742727, -0.0014667752, -0.001630439, -0.0018912205, -0.002089732, -0.0021764706, -0.0023429438, -0.0025068235, -0.002661813, -0.0027280846, -0.0028217267, -0.0028553803, -0.002852959, -0.0028338819, -0.0028341368, -0.002851645, -0.0029211484, -0.0030129282, -0.003089262, -0.0031117694, -0.003116565, -0.0030594242, -0.0030090928, -0.002874963, -0.0027213902, -0.002576442, -0.0025109192, -0.002388894, -0.0022579029, -0.0021807814, -0.001994051, -0.0017591949, -0.0014807938, -0.0013284995, -0.0010055907, -0.0006753987, -0.0005139681, -0.00020468792, 8.969675e-05, 0.00023398432, 0.0005213404, 0.00080296193, 0.0010638915, 0.0011821025, 0.0013911326, 0.0015886684, 0.0017067854, 0.0021081483, 0.0032568588, 0.0043338644, 0, 0, 0, 0, 0, 0, 0, 0, 0, 0, 0, 0, 0, 0, 0, 0, 0, 0, 0, 0, 0, 0, 0, 0, 0, 0, 0, 0, 0, 0, 0, 0, 0, 0, 0, 0, 0, 0, 0, 0, 0, 0, 0, 0, 0, 0, 0, 0, 0, 0, 0, 0, 0, 0, 0, 0, 0
0, 0, 0, 0, 0, 0, 0, 0, 0, 0, 0, 0, 0, 0, 0, 0, -0.00802215, -0.0032426736, -0.0019005362, -0.0007207151, -0.0004325013, -0.00046463666, -0.0007636864, -0.0012838808, -0.0015968699, -0.002271026, -0.0029306915, -0.0034595092, -0.003636725, -0.0037625888, -0.0035904252, -0.0034186197, -0.0029746725, -0.0024874036, -0.0020188557, -0.0017999547, -0.0013988869, -0.0010576706, -0.0009159275, -0.0007165797, -0.00067071064, -0.0007173646, -0.0009456164, -0.0012962862, -0.0016636928, -0.0018235137, -0.0020661305, -0.0022133312, -0.002261495, -0.0023335542, -0.0024007855, -0.002475322, -0.0025112145, -0.0025610374, -0.002560104, -0.0025381213, -0.0024666332, -0.0023944033, -0.0023716276, -0.002369624, -0.0024195819, -0.0024967042, -0.0025353304, -0.002595984, -0.002613705, -0.0026018324, -0.0025366505, -0.0024327622, -0.0023184977, -0.0022646382, -0.0021682894, -0.002082551, -0.00203993, -0.0019456296, -0.0018272736, -0.0016720594, -0.0015771511, -0.0013522813, -0.0010904593, -0.00095150556, -0.0006686072, -0.00038444996, -0.0002409622, 5.045253e-05, 0.0003445692, 0.0006315452, 0.0007694923, 0.0010391031, 0.0013342306, 0.0015119716, 0.0019325793, 0, 0, 0, 0, 0, 0, 0, 0, 0, 0, 0, 0, 0, 0, 0, 0, 0, 0, 0, 0, 0, 0, 0, 0, 0, 0, 0, 0, 0, 0, 0, 0, 0, 0, 0, 0, 0, 0, 0, 0, 0, 0, 0, 0, 0, 0, 0, 0, 0, 0, 0, 0, 0, 0, 0, 0, 0, 0, 0
0, 0, 0, 0, 0, 0, 0, 0, 0, 0, 0, 0, 0, 0, 0, -0.0077833887, -0.0064334795, -0.00411544, -0.0031124228, -0.0017678936, -0.0010557446, -0.0008798791, -0.00083581026, -0.0011479827, -0.0014125044, -0.0021041676, -0.0029255548, -0.0037429782, -0.0040962985, -0.0045898207, -0.0047319755, -0.004678131, -0.00438581, -0.003955274, -0.0034844032, -0.003249992, -0.0027924576, -0.0023513387, -0.0021397304, -0.0017566275, -0.0014854663, -0.001417138, -0.0014438102, -0.0016670456, -0.001987841, -0.0021453958, -0.002395997, -0.0025339322, -0.0025632007, -0.0025683346, -0.0025415467, -0.002515827, -0.0025061835, -0.002479589, -0.002416218, -0.0023632152, -0.0022184062, -0.0020486875, -0.001970005, -0.0018491312, -0.0017912361, -0.001791131, -0.0018065384, -0.0018513133, -0.0018898565, -0.0018985285, -0.0018859144, -0.0018358472, -0.0017633145, -0.0017245545, -0.0016517051, -0.0015947124, -0.0015740998, -0.0015469862, -0.0015291851, -0.0014991421, -0.0014716937, -0.0013813254, -0.0012389448, -0.0011503638, -0.00094670884, -0.00071397464, -0.00058798067, -0.00031713597, -2.6199621e-05, 0.0002764934, 0.00043036442, 0.0007613108, 0.001186291, 0.0014618554, 0.0021143693, 0, 0, 0, 0, 0, 0, 0, 0, 0, 0, 0, 0, 0, 0, 0, 0, 0, 0, 0, 0, 0, 0, 0, 0, 0, 0, 0, 0, 0, 0, 0, 0, 0, 0, 0, 0, 0, 0, 0, 0, 0, 0, 0, 0, 0, 0, 0, 0, 0, 0, 0, 0, 0, 0, 0, 0, 0, 0, 0
0, 0, 0, 0, 0, 0, 0, 0, 0, 0, 0, 0, 0, 0, -0.011848264, -0.008114607, -0.0063658645, -0.0050662076, -0.0043780273, -0.0030655987, -0.0019856861, -0.001573305, -0.0010593508, -0.0009774325, -0.0010896814, -0.001582786, -0.0023696523, -0.0033334706, -0.0038233656, -0.004679867, -0.0052195527, -0.0053445627, -0.0053327675, -0.0050660386, -0.0046647335, -0.0044419626, -0.003975063, -0.0034874384, -0.0032354747, -0.0027292224, -0.0022781338, -0.002104663, -0.0019261295, -0.0019947025, -0.002246536, -0.0024012355, -0.0026860193, -0.0028704938, -0.0029154632, -0.0029196492, -0.0028468454, -0.0027453164, -0.0026920668, -0.0025796068, -0.0024351901, -0.0023411675, -0.002104884, -0.0018252027, -0.0016841633, -0.0014288174, -0.0012365861, -0.001115394, -0.0010790249, -0.0010439109, -0.0010383689, -0.0010394222, -0.0010358753, -0.0010187132, -0.0009858356, -0.0009649417, -0.00091906835, -0.0008806999, -0.0008703386, -0.000874714, -0.00091399316, -0.0009735742, -0.001002817, -0.0010427551, -0.0010406936, -0.0010201896, -0.0009382558, -0.0008031086, -0.00071713346, -0.0005097893, -0.0002587365, 3.1728763e-05, 0.00019088642, 0.00056189246, 0.0011022915, 0.0013142659, 0, 0, 0, 0, 0, 0, 0, 0, 0, 0, 0, 0, 0, 0, 0, 0, 0, 0, 0, 0, 0, 0, 0, 0, 0, 0, 0, 0, 0, 0, 0, 0, 0, 0, 0, 0, 0, 0, 0, 0, 0, 0, 0, 0, 0, 0, 0, 0, 0, 0, 0, 0, 0, 0, 0, 0, 0, 0, 0, 0
0, 0, 0, 0, 0, 0, 0, 0, 0, 0, 0, 0, -0.01942503, -0.0135937305, -0.011069585, -0.008424681, -0.007250495, -0.0064059645, -0.0058775675, -0.00459306, -0.0032187772, -0.002585347, -0.0015636964, -0.0009697744, -0.0008458951, -0.00093572575, -0.0014522404, -0.0023305186, -0.0028609917, -0.00395158, -0.0048680026, -0.0052009984, -0.005574026, -0.0055966005, -0.0053692553, -0.005194639, -0.004770392, -0.0042754933, -0.0040045097, -0.0034232936, -0.0028388584, -0.0025791363, -0.002206018, -0.002099239, -0.002247843, -0.0023858577, -0.0027014136, -0.0029699998, -0.0030621623, -0.0031469841, -0.0031157173, -0.0030120134, -0.0029459514, -0.0027877588, -0.002578229, -0.0024439883, -0.0021119874, -0.0017201903, -0.0015177173, -0.0011380902, -0.0008206489, -0.000577666, -0.00048262996, -0.00033882598, -0.00024205109, -0.00020679041, -0.00015567183, -0.00012420892, -0.000103733546, -9.38286e-05, -6.853541e-05, -4.1381565e-05, -3.155769e-05, -3.474368e-05, -8.180227e-05, -0.0001759487, -0.00023670931, -0.0003700668, -0.0004952599, -0.0005441155, -0.000599787, -0.0005898507, -0.0005618155, -0.0004676719, -0.00032304064, -0.00010440777, 3.1745672e-05, 0.00039977572, 0, 0, 0, 0, 0, 0, 0, 0, 0, 0, 0, 0, 0, 0, 0, 0, 0, 0, 0, 0, 0, 0, 0, 0, 0, 0, 0, 0, 0, 0, 0, 0, 0, 0, 0, 0, 0, 0, 0, 0, 0, 0, 0, 0, 0, 0, 0, 0, 0, 0, 0, 0, 0, 0, 0, 0, 0, 0, 0, 0, 0, 0
0, 0, 0, 0, 0, 0, 0, 0, 0, 0, 0, 0, -0.009685984, -0.009826005, -0.009254622, -0.008515801, -0.008211505, -0.0077877687, -0.007391025, -0.0061937436, -0.0046501895, -0.0038519986, -0.0023890652, -0.0012748006, -0.0008814244, -0.0004458302, -0.0004973397, -0.0010441334, -0.0014825519, -0.002570717, -0.0037097356, -0.004214577, -0.0049829204, -0.0053823628, -0.0054426724, -0.005369727, -0.00507328, -0.004624992, -0.004356629, -0.0037415647, -0.003066968, -0.0027385128, -0.0021896348, -0.0018900774, -0.0018851847, -0.001976792, -0.002271596, -0.0026085826, -0.0027578762, -0.0029759407, -0.0030747636, -0.0030762677, -0.0030498118, -0.0029453647, -0.0027456433, -0.0025991423, -0.002208047, -0.0017228654, -0.0014676235, -0.0009814398, -0.0005638175, -0.00022688268, -8.518953e-05, 0.00015623111, 0.00035518242, 0.0004415198, 0.00058590056, 0.0006863685, 0.00074176735, 0.00075820944, 0.00078382605, 0.0008137332, 0.000829546, 0.000849815, 0.00083336583, 0.0007573559, 0.00069393363, 0.0005208929, 0.0003105933, 0.00020606931, 2.8735962e-05, -7.916107e-05, -0.000108948814, -0.00015518049, -0.00022046504, -0.00016984389, -0.00010834749, 0, 0, 0, 0, 0, 0, 0, 0, 0, 0, 0, 0, 0, 0, 0, 0, 0, 0, 0, 0, 0, 0, 0, 0, 0, 0, 0, 0, 0, 0, 0, 0, 0, 0, 0, 0, 0, 0, 0, 0, 0, 0, 0, 0, 0, 0, 0, 0, 0, 0, 0, 0, 0, 0, 0, 0, 0, 0, 0, 0, 0, 0, 0
0, 0, 0, 0, 0, 0, 0, 0, 0, 0, 0.0073006386, 0.0045845467, -0.0023773506, -0.0055247876, -0.0064102416, -0.0076239933, -0.00839313, -0.008599792, -0.008427197, -0.007518281, -0.0060279267, -0.0051669204, -0.0034333358, -0.0019052752, -0.0012695848, -0.000307686, 0.0001872402, 0.00014489633, -8.614994e-05, -0.0009076236, -0.0020168812, -0.002593554, -0.0036352437, -0.0043993797, -0.0048163664, -0.004895814, -0.004829757, -0.004516353, -0.0042840894, -0.0036924, -0.0029769144, -0.0026022277, -0.0019076713, -0.0014123406, -0.0012074846, -0.0012143021, -0.0014026081, -0.001731755, -0.0019132164, -0.0022527918, -0.0025194504, -0.0027071596, -0.0027745026, -0.00284483, -0.002781838, -0.002681066, -0.0023275942, -0.0018136909, -0.0015267924, -0.00096161873, -0.00046892388, -6.7895926e-05, 0.000102175196, 0.00040552553, 0.00068196346, 0.0008152664, 0.0010638013, 0.0012650463, 0.0013950221, 0.0014359101, 0.0014910374, 0.0015391738, 0.0015668316, 0.0016253648, 0.0016642186, 0.0016490365, 0.0016096537, 0.0014595003, 0.0012255905, 0.0010927173, 0.00084475207, 0.00066921563, 0.00060785864, 0.000452244, -1.3401196e-05, -0.00021617702, 0, 0, 0, 0, 0, 0, 0, 0, 0, 0, 0, 0, 0, 0, 0, 0, 0, 0, 0, 0, 0, 0, 0, 0, 0, 0, 0, 0, 0, 0, 0, 0, 0, 0, 0, 0, 0, 0, 0, 0, 0, 0, 0, 0, 0, 0, 0, 0, 0, 0, 0, 0, 0, 0, 0, 0, 0, 0, 0, 0, 0, 0, 0, 0
0, 0, 0, 0, 0, 0, 0, 0, 0, 0.023172135, 0.011576025, 0.007897445, 0.0023582813, -0.0014856653, -0.003020036, -0.0055233166, -0.0073323594, -0.008351608, -0.00852174, -0.008163711, -0.0070096916, -0.006226215, -0.004472848, -0.0027315735, -0.001933696, -0.0005605441, 0.00043730935, 0.0009421359, 0.0009780494, 0.00061318895, -0.00021760497, -0.00073799485, -0.0018331705, -0.0028272455, -0.0035703697, -0.003820501, -0.0040641516, -0.0039820704, -0.0038326238, -0.0033458425, -0.0026594696, -0.0022703877, -0.0014870153, -0.0008247738, -0.00040373806, -0.00030019932, -0.00029778483, -0.0005154653, -0.0006791562, -0.0010586609, -0.0014511246, -0.0018284294, -0.002007553, -0.0023248168, -0.0025149009, -0.0025278977, -0.0023516738, -0.0019254457, -0.00165059, -0.0010663636, -0.00052796275, -8.628887e-05, 9.9898854e-05, 0.00042929166, 0.00074081286, 0.0009004406, 0.0012217006, 0.001508678, 0.0017161163, 0.0017864407, 0.0018810008, 0.0019584047, 0.0020023808, 0.0021085811, 0.0022207408, 0.0022996906, 0.0023107957, 0.002254824, 0.0020879523, 0.0019761748, 0.0017507762, 0.0016049226, 0.0015728677, 0.0014779171, 0, 0, 0, 0, 0, 0, 0, 0, 0, 0, 0, 0, 0, 0, 0, 0, 0, 0, 0, 0, 0, 0, 0, 0, 0, 0, 0, 0, 0, 0, 0, 0, 0, 0, 0, 0, 0, 0, 0, 0, 0, 0, 0, 0, 0, 0, 0, 0, 0, 0, 0, 0, 0, 0, 0, 0, 0, 0, 0, 0, 0, 0, 0, 0, 0, 0
0, 0, 0, 0, 0, 0, 0, 0, 0.021134475, 0.017896501, 0.012512167, 0.010069305, 0.005889139, 0.0022341793, 0.00053453335, -0.0025725402, -0.005139609, -0.006953852, -0.0075157387, -0.007890026, -0.0073235296, -0.0067569595, -0.0052633854, -0.0035572855, -0.0027041743, -0.0010995928, 0.00026329275, 0.001239348, 0.0015337807, 0.0016807916, 0.001279007, 0.00091627485, -4.784487e-06, -0.0010222937, -0.0019560866, -0.0023435687, -0.0028963452, -0.00310888, -0.003084612, -0.0027920967, -0.0022228477, -0.0018637577, -0.0010768601, -0.0003178494, 0.00028618085, 0.0005030236, 0.0007412209, 0.000722018, 0.00062891486, 0.00031964574, -9.835146e-05, -0.00058283296, -0.00084409333, -0.0013789883, -0.001845819, -0.0020098952, -0.0021224562, -0.0019191889, -0.0017206558, -0.0012166201, -0.0006920572, -0.00023859648, -4.6376357e-05, 0.0002873109, 0.00059926003, 0.0007612012, 0.0010975188, 0.001411168, 0.001644439, 0.0017242731, 0.0018310064, 0.0019225067, 0.0019798456, 0.0021329562, 0.0023285488, 0.0025279182, 0.0026132474, 0.0027303412, 0.0027666765, 0.0027619302, 0.002727501, 0.0027179688, 0.0027581404, 0.002895855, 0, 0, 0, 0, 0, 0, 0, 0, 0, 0, 0, 0, 0, 0, 0, 0, 0, 0, 0, 0, 0, 0, 0, 0, 0, 0, 0, 0, 0, 0, 0, 0, 0, 0, 0, 0, 0, 0, 0, 0, 0, 0, 0, 0, 0, 0, 0, 0, 0, 0, 0, 0, 0, 0, 0, 0, 0, 0, 0, 0, 0, 0, 0, 0, 0, 0
0, 0, 0, 0, 0, 0, 0, 0.01261988, 0.014159059, 0.013972129, 0.012362727, 0.011183161, 0.008447755, 0.0053870957, 0.0037893227, 0.00060483307, -0.0023304508, -0.004721666, -0.0056272233, -0.0067402837, -0.0068890005, -0.0066369525, -0.00563179, -0.0041999724, -0.0034037665, -0.0017681315, -0.0002100407, 0.0010939207, 0.0015910962, 0.002187152, 0.002235167, 0.0020755036, 0.0014763584, 0.0006285739, -0.00030923376, -0.0007619749, -0.0015369949, -0.002034359, -0.0021539696, -0.00211695, -0.0017466126, -0.001462202, -0.000769768, -1.3264e-05, 0.000694513, 0.0010012803, 0.0014663758, 0.001688307, 0.0017019346, 0.0015531378, 0.0012167315, 0.00074008777, 0.00045724775, -0.00017785987, -0.0008330094, -0.001124941, -0.0015371866, -0.0016382437, -0.0015709024, -0.0012646082, -0.00084833964, -0.00043998315, -0.00025701066, 6.933133e-05, 0.00037089738, 0.00052303646, 0.00082968624, 0.0010987257, 0.001274623, 0.0013222897, 0.0013671621, 0.0014135253, 0.001460428, 0.0016255107, 0.0018864172, 0.0022108397, 0.002384414, 0.0027500598, 0.0031742663, 0.0034245343, 0.003915157, 0.00405847, 0.004210327, 0, 0, 0, 0, 0, 0, 0, 0, 0, 0, 0, 0, 0, 0, 0, 0, 0, 0, 0, 0, 0, 0, 0, 0, 0, 0, 0, 0, 0, 0, 0, 0, 0, 0, 0, 0, 0, 0, 0, 0, 0, 0, 0, 0, 0, 0, 0, 0, 0, 0, 0, 0, 0, 0, 0, 0, 0, 0, 0, 0, 0, 0, 0, 0, 0, 0, 0
0, 0, 0, 0, 0, 0, 0.003720692, 0.0057066754, 0.008704591, 0.010767256, 0.011491898, 0.011286197, 0.009936021, 0.007689255, 0.006349607, 0.0034467308, 0.0005042545, -0.0021635415, -0.0032981622, -0.005002643, -0.005840222, -0.005930311, -0.0055376315, -0.0045533925, -0.0039053091, -0.0024171735, -0.0008245103, 0.00066007586, 0.0012898371, 0.0022152248, 0.002639861, 0.0026726671, 0.002433425, 0.001871889, 0.0010894747, 0.00065344636, -0.00020948298, -0.0009181116, -0.0011667454, -0.0013958826, -0.0012655845, -0.0010863079, -0.00056719204, 8.7224485e-05, 0.00079939654, 0.0011530201, 0.0017908209, 0.002247212, 0.0023803308, 0.002443189, 0.002259709, 0.0018809933, 0.0016306184, 0.0010254891, 0.0003278463, -2.2814473e-05, -0.0006382183, -0.0010212789, -0.0011038515, -0.0010702345, -0.00085723295, -0.00057264837, -0.00042424898, -0.00012692694, 0.00017460159, 0.00032582303, 0.0006069098, 0.0008037654, 0.0008592566, 0.00083321077, 0.000719913, 0.0006124087, 0.0005917362, 0.00065954414, 0.0008938446, 0.001291692, 0.0015483533, 0.0022125214, 0.0032309697, 0.0038663738, 0.0055803484, 0, 0, 0, 0, 0, 0, 0, 0, 0, 0, 0, 0, 0, 0, 0, 0, 0, 0, 0, 0, 0, 0, 0, 0, 0, 0, 0, 0, 0, 0, 0, 0, 0, 0, 0, 0, 0, 0, 0, 0, 0, 0, 0, 0, 0, 0, 0, 0, 0, 0, 0, 0, 0, 0, 0, 0, 0, 0, 0, 0, 0, 0, 0, 0, 0, 0, 0, 0, 0
0, 0, 0, 0, -0.00051176595, -3.6871897e-05, 0.0016376736, 0.0027588615, 0.0054865405, 0.008293688, 0.010256088, 0.010712106, 0.010526874, 0.009143027, 0.008128743, 0.0056881676, 0.0029645101, 0.0002622693, -0.0009842401, -0.0030817168, -0.0044780895, -0.0048791063, -0.0051001874, -0.0046341303, -0.004186557, -0.002960983, -0.0014494604, 0.00010569847, 0.0008151285, 0.0019633267, 0.0026672713, 0.0028539074, 0.0029342403, 0.0026775524, 0.0021306744, 0.001767679, 0.0009352703, 0.00011067564, -0.00023486651, -0.00069196074, -0.00079697894, -0.00072936196, -0.00041557793, 7.6868535e-05, 0.0007119013, 0.0010709657, 0.0018109811, 0.0024621948, 0.0027091375, 0.0029945243, 0.0029941269, 0.0027527302, 0.002560195, 0.0020587498, 0.0014316674, 0.001086819, 0.00040004446, -0.00017130174, -0.0003788618, -0.00061645074, -0.0006532811, -0.00055675703, -0.00047138674, -0.00023558139, 7.685993e-05, 0.00024661483, 0.0005551144, 0.00072452775, 0.0006725165, 0.00056371896, 0.00023491413, -0.00013938842, -0.00030821015, -0.0005455202, -0.0005669333, -0.00027635845, 7.176563e-06, 0.0009460715, 0.0029463382, 0.0036259315, 0, 0, 0, 0, 0, 0, 0, 0, 0, 0, 0, 0, 0, 0, 0, 0, 0, 0, 0, 0, 0, 0, 0, 0, 0, 0, 0, 0, 0, 0, 0, 0, 0, 0, 0, 0, 0, 0, 0, 0, 0, 0, 0, 0, 0, 0, 0, 0, 0, 0, 0, 0, 0, 0, 0, 0, 0, 0, 0, 0, 0, 0, 0, 0, 0, 0, 0, 0, 0, 0
0, 0, 0, 0.0006009731, 8.900955e-05, -0.0001610721, 0.0006602926, 0.0014675184, 0.0038412744, 0.006763909, 0.009310718, 0.010172975, 0.01084004, 0.010179595, 0.009453107, 0.0074379994, 0.0049449564, 0.0022730061, 0.000964665, -0.0014042131, -0.0032287487, -0.0038819378, -0.0046253013, -0.0046327533, -0.0043794494, -0.0034245674, -0.002018371, -0.00042075288, 0.00035212105, 0.0016777667, 0.0025990254, 0.0029022126, 0.0032298076, 0.0032236017, 0.0028961427, 0.002614295, 0.0018566459, 0.0009763292, 0.0005625089, -7.659923e-05, -0.00037678765, -0.00040376114, -0.00026864526, 6.793684e-05, 0.0006054724, 0.0009513417, 0.0017510832, 0.002559233, 0.0029077588, 0.00340166, 0.0035760223, 0.0034636024, 0.0033235892, 0.0029207857, 0.002381953, 0.0020682034, 0.0013828926, 0.0007084457, 0.00041332902, -4.298471e-05, -0.00031266754, -0.0004144906, -0.00040538062, -0.00025304058, 7.098234e-05, 0.0002745688, 0.0006666791, 0.0008866979, 0.0008006539, 0.00063557207, 0.000117109375, -0.0005605975, -0.00093134673, -0.0016875652, -0.0023281476, -0.0025556644, -0.002416937, -0.0015412478, 0, 0, 0, 0, 0, 0, 0, 0, 0, 0, 0, 0, 0, 0, 0, 0, 0, 0, 0, 0, 0, 0, 0, 0, 0, 0, 0, 0, 0, 0, 0, 0, 0, 0, 0, 0, 0, 0, 0, 0, 0, 0, 0, 0, 0, 0, 0, 0, 0, 0, 0, 0, 0, 0, 0, 0, 0, 0, 0, 0, 0, 0, 0, 0, 0, 0, 0, 0, 0, 0, 0, 0

