0, 0, 0, 0, 0, 0, 0, 0, 0, 0, 0, 0, 0, 0, 0, 0, 0, 0, 0, 0, 0, 0, 0, 0, 0, 0, 0, 0, 0, 0, 0, 0, 0, 0, 0, 0, 0, 0, 0, 0, 0, 0, 0, 0, 0, 0, 0, 0, 0, 0, 0, 0, 0, 0, 0, 0, 0, 0, 0, 0, 0, 0, 0, 0, 0, 0, 0, 0, 0, 0, 0, 0, 0, 0, 0.017212287, 0.01587585, 0.013874206, 0.00813749, 0.0016513831, -0.0014310334, -0.0067735384, -0.010676937, -0.012015472, -0.013408269, -0.013137837, -0.011446368, -0.0101895025, -0.007150806, -0.0037952324, -0.0021319594, 0.00092399656, 0.0033308717, 0.0047945236, 0.00511608, 0.004922141, 0.0037183138, 0.0028044234, 0.00049946713, -0.0022432203, -0.0036983036, -0.006565877, -0.009037823, -0.010714898, -0.011164266, -0.011214737, -0.010194207, -0.009336504, -0.007065688, -0.0042542582, -0.00117411, 0.00036350943, 0.003195044, 0.0053970283, 0.006171048, 0.006966917, 0.0067224554, 0.006219262, 0.004500691, 0.0019610003, -0.0011460666, -0.0028003755, -0.006051534, -0.008902242, -0.010079924, -0.011805101, -0.012571274, -0.012273861, -0.01171311, -0.00981654, -0.0070954086, -0.0055443095, -0.0023365594, 0.0006732249, 0.0020036025, 0.004173798, 0.0055475677, 0.0059748534, 0.005796947, 0.0046429546, 0.002526022, 0.001182696, -0.0018579245, -0.005057624, -0.00805033, -0.0093542775, -0.011357705, -0.012330594, -0.0124042, -0.011911408, -0.011209397
0, 0, 0, 0, 0, 0, 0, 0, 0, 0, 0, 0, 0, 0, 0, 0, 0, 0, 0, 0, 0, 0, 0, 0, 0, 0, 0, 0, 0, 0, 0, 0, 0, 0, 0, 0, 0, 0, 0, 0, 0, 0, 0, 0, 0, 0, 0, 0, 0, 0, 0, 0, 0, 0, 0, 0, 0, 0, 0, 0, 0, 0, 0, 0, 0, 0, 0, 0, 0, 0, 0, 0, 0, 0.0060087014, 0.008906557, 0.009440321, 0.008847073, 0.006110766, 0.0020841616, -9.1442555e-05, -0.0042559514, -0.007694788, -0.0090147285, -0.010697058, -0.011030704, -0.010115726, -0.00926985, -0.0070230355, -0.004340135, -0.002944764, -0.00024893935, 0.0020590439, 0.0036920963, 0.00418724, 0.00447456, 0.003855909, 0.0032472126, 0.0015414205, -0.00065567676, -0.0018724037, -0.0043702465, -0.0066704866, -0.008419787, -0.008996999, -0.00946116, -0.008998567, -0.008448092, -0.006797767, -0.004559251, -0.0019448414, -0.0005840051, 0.0020377615, 0.004239144, 0.005091388, 0.006187788, 0.006405634, 0.0061810496, 0.005084572, 0.003200355, 0.00070402905, -0.0006876666, -0.0035446123, -0.0062060477, -0.0073693898, -0.009218923, -0.0102976365, -0.010478285, -0.010205517, -0.008946792, -0.0068706153, -0.005614273, -0.0028908942, -0.00018292503, 0.0010702289, 0.0032300698, 0.004773851, 0.0055338927, 0.0055782027, 0.0049571153, 0.0034474505, 0.0024152505, -3.2725922e-05, -0.0027337885, -0.005378452, -0.006581353, -0.008552081, -0.009732742, -0.009998437, -0.010064248, -0.010187428
0, 0, 0, 0, 0, 0, 0, 0, 0, 0, 0, 0, 0, 0, 0, 0, 0, 0, 0, 0, 0, 0, 0, 0, 0, 0, 0, 0, 0, 0, 0, 0, 0, 0, 0, 0, 0, 0, 0, 0, 0, 0, 0, 0, 0, 0, 0, 0, 0, 0, 0, 0, 0, 0, 0, 0, 0, 0, 0, 0, 0, 0, 0, 0, 0, 0, 0, 0, 0, 0, 0, -0.00077306916, -0.0001910854, 0.0019660606, 0.003504755, 0.0044439128, 0.0045860917, 0.004003971, 0.0022798532, 0.0010829483, -0.0016822726, -0.004506732, -0.0057859565, -0.00781673, -0.008912145, -0.008975269, -0.008641298, -0.007362112, -0.005466773, -0.0043664696, -0.002021154, 0.0002884046, 0.0022685356, 0.003048964, 0.0040622386, 0.004269429, 0.004072491, 0.003130649, 0.0015722321, 0.0006132178, -0.0015226712, -0.00371732, -0.0056579723, -0.006442862, -0.0075067715, -0.0078084324, -0.007664521, -0.0068064826, -0.0052531906, -0.0031370283, -0.0019345101, 0.000576776, 0.002952405, 0.003992607, 0.0056322394, 0.0065635527, 0.006737583, 0.0064793606, 0.005417954, 0.0036341033, 0.0025258558, 4.3491178e-05, -0.0025343539, -0.0037632468, -0.005938588, -0.0075619915, -0.008459498, -0.008593003, -0.008187583, -0.006926775, -0.0060256855, -0.0038442386, -0.0014033847, -0.00017415971, 0.0021403602, 0.0040723393, 0.005406318, 0.0057893675, 0.005912137, 0.00517005, 0.0045053894, 0.0027097582, 0.0004954045, -0.0018820695, -0.0030476875, -0.005153936, -0.0067469575, -0.0073072286, -0.008065091, -0.008821613
0, 0, 0, 0, 0, 0, 0, 0, 0, 0, 0, 0, 0, 0, 0, 0, 0, 0, 0, 0, 0, 0, 0, 0, 0, 0, 0, 0, 0, 0, 0, 0, 0, 0, 0, 0, 0, 0, 0, 0, 0, 0, 0, 0, 0, 0, 0, 0, 0, 0, 0, 0, 0, 0, 0, 0, 0, 0, 0, 0, 0, 0, 0, 0, 0, 0, 0, 0, 0, 0, -0.0034346525, -0.0020118488, -0.0014406941, -0.00042566995, 0.0004995328, 0.0013985013, 0.0017781942, 0.0021858779, 0.0018998818, 0.0014590553, 3.4252043e-05, -0.0018985582, -0.002941734, -0.0049266694, -0.006473406, -0.0073338444, -0.007473262, -0.0071744486, -0.0061724563, -0.0054450487, -0.00362906, -0.0015019565, 0.000674774, 0.0016867423, 0.0033772048, 0.004437029, 0.004689123, 0.004617958, 0.0038263125, 0.0031943289, 0.001563447, -0.00037244687, -0.0023536636, -0.0032771695, -0.004840305, -0.005870732, -0.006143501, -0.0061517954, -0.0054116696, -0.0039513814, -0.0029887974, -0.0007406927, 0.0016890223, 0.0028734142, 0.0050093867, 0.0066586463, 0.0072517786, 0.007902053, 0.0077715437, 0.0068398155, 0.0060948143, 0.004150382, 0.0018088213, 0.0005784251, -0.0018251908, -0.0039424864, -0.0055496832, -0.0061018667, -0.0066153267, -0.006291637, -0.0058263387, -0.004369431, -0.0023786277, -0.0012561713, 0.0010863261, 0.003340909, 0.005238773, 0.005973637, 0.0068910806, 0.006989691, 0.006733244, 0.0056743072, 0.004030898, 0.002000798, 0.00091011135, -0.0012629583, -0.0032099697, -0.0040353118, -0.0053860634, -0.0065324544
0, 0, 0, 0, 0, 0, 0, 0, 0, 0, 0, 0, 0, 0, 0, 0, 0, 0, 0, 0, 0, 0, 0, 0, 0, 0, 0, 0, 0, 0, 0, 0, 0, 0, 0, 0, 0, 0, 0, 0, 0, 0, 0, 0, 0, 0, 0, 0, 0, 0, 0, 0, 0, 0, 0, 0, 0, 0, 0, 0, 0, 0, 0, 0, 0, 0, 0, 0, 0, -0.0025691718, -0.0025156043, -0.002167916, -0.0019735387, -0.0015672602, -0.0010275352, -0.00030697446, 8.7357075e-05, 0.0008015011, 0.0011956135, 0.0012043427, 0.0007768435, -0.00021549426, -0.00087588327, -0.00236348, -0.0038313158, -0.0050139674, -0.005437259, -0.0058737206, -0.0057084574, -0.005391314, -0.004299246, -0.0026644885, -0.00066042563, 0.00039901806, 0.0024394605, 0.004127311, 0.0047631715, 0.0055263196, 0.005572131, 0.0053351396, 0.00440406, 0.0029910582, 0.0012871765, 0.0003932207, -0.0013419887, -0.0028326882, -0.003426436, -0.004202705, -0.004312846, -0.0036734557, -0.0030747217, -0.0013945594, 0.00074355, 0.0018995799, 0.0042124228, 0.0063236426, 0.007237503, 0.008671398, 0.009450701, 0.009463118, 0.009167528, 0.008005064, 0.0062094564, 0.0051436736, 0.0028410412, 0.00053047366, -0.0015367023, -0.0024098768, -0.0037128325, -0.004311152, -0.004322152, -0.0037685004, -0.0025136112, -0.0016642194, 0.00035788736, 0.0026103698, 0.0048098727, 0.005795869, 0.0073720245, 0.00826149, 0.008418676, 0.008163891, 0.007219042, 0.0057140486, 0.004803113, 0.0027916976, 0.0007266825, -0.00025035275, -0.0019840808, -0.0033330938
0, 0, 0, 0, 0, 0, 0, 0, 0, 0, 0, 0, 0, 0, 0, 0, 0, 0, 0, 0, 0, 0, 0, 0, 0, 0, 0, 0, 0, 0, 0, 0, 0, 0, 0, 0, 0, 0, 0, 0, 0, 0, 0, 0, 0, 0, 0, 0, 0, 0, 0, 0, 0, 0, 0, 0, 0, 0, 0, 0, 0, 0, 0, 0, 0, 0, 0, 0, -0.0026441847, -0.0023085463, -0.0020863574, -0.0020735825, -0.002069029, -0.0019789736, -0.0016882899, -0.0011590075, -0.00082261587, -0.000101279235, 0.0005282381, 0.00074885506, 0.0009110188, 0.00064519583, 0.00035635033, -0.0004674037, -0.0014853424, -0.0025140906, -0.0029790148, -0.0037153654, -0.0040853834, -0.0040957606, -0.0037081554, -0.0027425718, -0.0012467771, -0.0003479593, 0.001598495, 0.0035019002, 0.0043493332, 0.00569658, 0.0064681773, 0.006619114, 0.00646292, 0.0057587386, 0.004618083, 0.0039276932, 0.0024075666, 0.0008489473, 0.00011523776, -0.0011352722, -0.0019301446, -0.0021024167, -0.0019241958, -0.0010418863, 0.00044992467, 0.00136843, 0.0034130183, 0.0055486676, 0.0065837037, 0.0084625725, 0.009920819, 0.010778154, 0.010938932, 0.010684683, 0.0096930405, 0.008958687, 0.0071347686, 0.0050347517, 0.0028987322, 0.0018901558, 0.00012034664, -0.0011726731, -0.0015963096, -0.0019385356, -0.001576699, -0.0011363728, 0.00020993178, 0.0020420991, 0.004125298, 0.005170996, 0.007083597, 0.008544711, 0.009047971, 0.009542987, 0.009348141, 0.008510261, 0.007878624, 0.0062762685, 0.004380989, 0.0033980822, 0.0015431171, 0.0001586368
0, 0, 0, 0, 0, 0, 0, 0, 0, 0, 0, 0, 0, 0, 0, 0, 0, 0, 0, 0, 0, 0, 0, 0, 0, 0, 0, 0, 0, 0, 0, 0, 0, 0, 0, 0, 0, 0, 0, 0, 0, 0, 0, 0, 0, 0, 0, 0, 0, 0, 0, 0, 0, 0, 0, 0, 0, 0, 0, 0, 0, 0, 0, 0, 0, 0, -0.0046429858, -0.003666434, -0.0024817935, -0.0021868262, -0.0019536354, -0.0019746742, -0.0020085378, -0.0020179297, -0.0018548941, -0.0014709246, -0.0012025812, -0.0005680014, 9.169348e-05, 0.0003870743, 0.0008324242, 0.0010110612, 0.0009873817, 0.00072523986, 0.00022789087, -0.00041249086, -0.0007543276, -0.0014123486, -0.0019363925, -0.002107738, -0.0021848425, -0.0018131856, -0.0009378087, -0.0003216155, 0.0011848884, 0.002885039, 0.003733486, 0.0052840114, 0.0064903107, 0.006926158, 0.0074249865, 0.0074252416, 0.0069592474, 0.006569944, 0.005532271, 0.004248796, 0.0035609694, 0.0022063078, 0.0010480221, 0.00028555148, 0.0001024114, 0.00018575777, 0.0008657151, 0.0014079493, 0.0028171837, 0.0045325356, 0.005453607, 0.0073148822, 0.009041453, 0.010433125, 0.010943409, 0.011497215, 0.0113647105, 0.011042369, 0.009946411, 0.008386144, 0.0065625394, 0.005616847, 0.0037805596, 0.0021657962, 0.0014913032, 0.00049300643, 5.415335e-05, 6.82609e-05, 0.0005768861, 0.0016845841, 0.0032555826, 0.004147785, 0.005981553, 0.007657104, 0.008362829, 0.009403323, 0.00986866, 0.009719009, 0.009416525, 0.008394291, 0.006914873, 0.006065311, 0.0043546697, 0.0030933584
0, 0, 0, 0, 0, 0, 0, 0, 0, 0, 0, 0, 0, 0, 0, 0, 0, 0, 0, 0, 0, 0, 0, 0, 0, 0, 0, 0, 0, 0, 0, 0, 0, 0, 0, 0, 0, 0, 0, 0, 0, 0, 0, 0, 0, 0, 0, 0, 0, 0, 0, 0, 0, 0, 0, 0, 0, 0, 0, 0, 0, 0, 0, 0, 0, -0.0031391783, -0.0030364352, -0.0026993004, -0.0022064834, -0.0020419196, -0.0018825124, -0.0018707576, -0.0018850457, -0.0018821921, -0.0017621202, -0.0014702586, -0.0012578741, -0.00072686543, -0.00011888914, 0.00018494927, 0.0007316496, 0.0011332409, 0.0012629487, 0.001368893, 0.001278225, 0.0010260333, 0.0008539398, 0.0004533615, 3.90964e-05, -0.00014443506, -0.0003934352, -0.0003843845, -1.8571885e-05, 0.0003132749, 0.0012592259, 0.0025004928, 0.0031866848, 0.0045821792, 0.005871321, 0.0064321198, 0.0073211244, 0.007844477, 0.007965977, 0.007872472, 0.0073869736, 0.0065491865, 0.0060263355, 0.004855922, 0.0036612262, 0.0026253117, 0.0022203575, 0.0017139913, 0.0016659615, 0.0018176773, 0.0024501828, 0.003466776, 0.0040932917, 0.005518049, 0.0070596146, 0.008549996, 0.009215542, 0.010268126, 0.010816026, 0.010870791, 0.010533514, 0.00966112, 0.008385892, 0.0076480084, 0.0060775275, 0.004511998, 0.0037762695, 0.0024863246, 0.0015432358, 0.0012379421, 0.00101344, 0.0013403066, 0.0021912346, 0.002780989, 0.0041804863, 0.0056911395, 0.006418581, 0.007693574, 0.008597082, 0.00902011, 0.009030232, 0.008635331, 0.00772139, 0.0071102255, 0.0057680393, 0.0047668023
0, 0, 0, 0, 0, 0, 0, 0, 0, 0, 0, 0, 0, 0, 0, 0, 0, 0, 0, 0, 0, 0, 0, 0, 0, 0, 0, 0, 0, 0, 0, 0, 0, 0, 0, 0, 0, 0, 0, 0, 0, 0, 0, 0, 0, 0, 0, 0, 0, 0, 0, 0, 0, 0, 0, 0, 0, 0, 0, 0, 0, 0, 0, 0, -0.0020392376, -0.0020601985, -0.0020157897, -0.0019640615, -0.0018676621, -0.001821606, -0.001754487, -0.0017205428, -0.0017087308, -0.0016661297, -0.0015535852, -0.0013247252, -0.0011592398, -0.000732732, -0.00021106542, 6.782524e-05, 0.00061922695, 0.0011082232, 0.0013129965, 0.001623468, 0.0017917842, 0.0018235312, 0.0017933218, 0.0016555409, 0.001443747, 0.0013254166, 0.001106472, 0.0009849009, 0.0010507532, 0.0011774052, 0.0016411253, 0.0023766183, 0.0028301945, 0.0038533132, 0.004939133, 0.0054709325, 0.0064439722, 0.00721718, 0.0077110752, 0.007833361, 0.0078044483, 0.00740827, 0.007083571, 0.0062321504, 0.0052139508, 0.004174796, 0.0036936956, 0.002884855, 0.0023508281, 0.0022025295, 0.0021550546, 0.0024390111, 0.0027024574, 0.0034562768, 0.0044695428, 0.005648668, 0.0062558656, 0.007396767, 0.008284496, 0.008583942, 0.008832303, 0.008594074, 0.007918606, 0.007448604, 0.006323267, 0.005057941, 0.004412052, 0.0031640283, 0.0020676265, 0.0016098112, 0.0009393946, 0.00066695065, 0.0008417581, 0.001094993, 0.0018923015, 0.002970298, 0.003565305, 0.004756913, 0.0058119553, 0.0065864976, 0.006831351, 0.006983755, 0.006662012, 0.006338315, 0.0055057523, 0.00485349
0, 0, 0, 0, 0, 0, 0, 0, 0, 0, 0, 0, 0, 0, 0, 0, 0, 0, 0, 0, 0, 0, 0, 0, 0, 0, 0, 0, 0, 0, 0, 0, 0, 0, 0, 0, 0, 0, 0, 0, 0, 0, 0, 0, 0, 0, 0, 0, 0, 0, 0, 0, 0, 0, 0, 0, 0, 0, 0, 0, 0, 0, 0, -0.0024013123, -0.0018220185, -0.0016417224, -0.0015191252, -0.0015440426, -0.001584566, -0.0015925097, -0.0015774181, -0.0015314292, -0.0015008503, -0.001425016, -0.0013126591, -0.0011356566, -0.0010132907, -0.0006928486, -0.00027655863, -4.050901e-05, 0.00046200168, 0.00096289156, 0.0011977601, 0.0016092437, 0.001923349, 0.0021297133, 0.0021929883, 0.0022449112, 0.0022110797, 0.0021695788, 0.0020595165, 0.0019532454, 0.001909886, 0.0019304672, 0.0020874587, 0.0024242713, 0.0026621278, 0.003264967, 0.003999549, 0.0043975706, 0.0052072257, 0.005964869, 0.0065814927, 0.0068091024, 0.007057744, 0.006991768, 0.0068377284, 0.006307543, 0.00554536, 0.0046560834, 0.0041994555, 0.0033264048, 0.002571139, 0.0022539943, 0.0017611231, 0.0014784808, 0.0014243242, 0.0015090263, 0.0018665376, 0.0024840597, 0.0028707478, 0.0037313623, 0.0045785424, 0.004946039, 0.005479446, 0.0056677964, 0.0054827305, 0.0052602314, 0.004600996, 0.003733606, 0.0032521824, 0.0022499808, 0.0012657495, 0.00080630183, 3.6983902e-06, -0.00057283865, -0.0008481247, -0.0008567874, -0.0006079662, -3.5238838e-05, 0.00034886462, 0.0012422674, 0.0021941084, 0.0030680595, 0.0034355738, 0.0039569307, 0.0041317595, 0.004083224, 0.0037856612, 0.003501341
0, 0, 0, 0, 0, 0, 0, 0, 0, 0, 0, 0, 0, 0, 0, 0, 0, 0, 0, 0, 0, 0, 0, 0, 0, 0, 0, 0, 0, 0, 0, 0, 0, 0, 0, 0, 0, 0, 0, 0, 0, 0, 0, 0, 0, 0, 0, 0, 0, 0, 0, 0, 0, 0, 0, 0, 0, 0, 0, 0, 0, 0, -0.0027766572, -0.002120442, -0.0016197601, -0.0014654637, -0.0013350089, -0.0013479153, -0.0013995481, -0.0014164149, -0.0014103571, -0.0013516676, -0.0013079956, -0.0012056482, -0.001089023, -0.0009470158, -0.00085957436, -0.0006340959, -0.00032731233, -0.00014172606, 0.00028244022, 0.00075015845, 0.000987313, 0.0014379491, 0.0018265496, 0.0021284346, 0.0022437235, 0.0024044153, 0.002482102, 0.0024953184, 0.0024846033, 0.0024465108, 0.0024104707, 0.002403567, 0.002431955, 0.0025411868, 0.0026335153, 0.0029013553, 0.0032825435, 0.0035122612, 0.004031584, 0.0045916685, 0.0051263506, 0.005358662, 0.005701454, 0.0058223843, 0.005784933, 0.005508707, 0.0049909297, 0.004296873, 0.0039098375, 0.0031070367, 0.0023201527, 0.001946206, 0.0012545061, 0.000655684, 0.0003997476, 1.3467286e-06, -0.00020383246, -0.0001737976, -6.727635e-05, 0.00030650478, 0.00082455535, 0.0011004873, 0.0016035475, 0.001942473, 0.002038026, 0.0019858629, 0.0016909378, 0.0011841365, 0.000871158, 0.00016879126, -0.00058452564, -0.00096165726, -0.0016820839, -0.0023036362, -0.0027601044, -0.0029065786, -0.0030069242, -0.0028336039, -0.0026474707, -0.0021037508, -0.0013937752, -0.00061324844, -0.0002299387, 0.0004554148, 0.0009544057, 0.0011148521, 0.0012628578, 0.0012853324
0, 0, 0, 0, 0, 0, 0, 0, 0, 0, 0, 0, 0, 0, 0, 0, 0, 0, 0, 0, 0, 0, 0, 0, 0, 0, 0, 0, 0, 0, 0, 0, 0, 0, 0, 0, 0, 0, 0, 0, 0, 0, 0, 0, 0, 0, 0, 0, 0, 0, 0, 0, 0, 0, 0, 0, 0, 0, 0, 0, -0.0037358992, -0.002966827, -0.002462518, -0.0018523188, -0.0014948006, -0.0013844795, -0.00127075, -0.0012599493, -0.0012906948, -0.00130288, -0.0012928433, -0.0012265379, -0.0011745613, -0.0010487762, -0.00091309357, -0.0007761551, -0.0007044438, -0.0005390157, -0.00031904143, -0.00018138111, 0.00015465727, 0.0005604619, 0.0007802943, 0.0012261498, 0.0016421311, 0.0019900878, 0.0021316335, 0.0023457787, 0.0024769315, 0.0025177547, 0.0025653841, 0.0025872812, 0.0026007292, 0.0026086606, 0.0026318256, 0.0026707074, 0.002699077, 0.0027824428, 0.0029158525, 0.0030062157, 0.003241711, 0.0035454708, 0.0038926306, 0.0040663793, 0.004371283, 0.0045569483, 0.004583865, 0.004478219, 0.004154618, 0.0036405346, 0.0033294845, 0.002640695, 0.0019121628, 0.0015463834, 0.0008268856, 0.00013160979, -0.00020290374, -0.00083135156, -0.0013704061, -0.0017675484, -0.0018977678, -0.0020069126, -0.0019264126, -0.0018305733, -0.0015803715, -0.0013356687, -0.00118776, -0.0011709596, -0.0012678419, -0.0015353799, -0.0017243637, -0.002186227, -0.0027229737, -0.0030062578, -0.0035744011, -0.0041093137, -0.0045619993, -0.004741784, -0.0049780905, -0.0050202315, -0.0049618934, -0.0046859034, -0.0042196373, -0.0036109586, -0.0032741823, -0.0025839393, -0.0019389595, -0.0016576258, -0.0012226145, -0.0010090168
0, 0, 0, 0, 0, 0, 0, 0, 0, 0, 0, 0, 0, 0, 0, 0, 0, 0, 0, 0, 0, 0, 0, 0, 0, 0, 0, 0, 0, 0, 0, 0, 0, 0, 0, 0, 0, 0, 0, 0, 0, 0, 0, 0, 0, 0, 0, 0, 0, 0, 0, 0, 0, 0, 0, 0, 0, 0, 0, 0, -0.0025370552, -0.0022204625, -0.0020027964, -0.0016544778, -0.0014225632, -0.0013406127, -0.0012382006, -0.0012075403, -0.0012199865, -0.0012287076, -0.0012231191, -0.0011623062, -0.0011093589, -0.00096754386, -0.0008018449, -0.00063708, -0.0005582548, -0.00040194858, -0.00022598582, -0.000121234516, 0.00013706347, 0.0004672821, 0.00065649167, 0.001062925, 0.0014719997, 0.0018380344, 0.0019941446, 0.0022406955, 0.002401979, 0.0024565784, 0.002531924, 0.0025875764, 0.0026449554, 0.0026769198, 0.0027458866, 0.0028119388, 0.0028397138, 0.0028816762, 0.0029118748, 0.0029283364, 0.0029817708, 0.0030836423, 0.0032455232, 0.0033453791, 0.0035575852, 0.003735981, 0.0037905704, 0.0037903087, 0.003611537, 0.0032480203, 0.003005232, 0.0024308087, 0.0017853576, 0.001451636, 0.0007818558, 0.00011702262, -0.00021359386, -0.0008711903, -0.001511984, -0.0021048286, -0.002369198, -0.002805168, -0.0030919632, -0.0031774475, -0.0032483495, -0.0032317578, -0.0031982453, -0.0031972781, -0.003259435, -0.0034290974, -0.003556122, -0.0038842733, -0.0042888266, -0.004509468, -0.0049642, -0.0054071527, -0.005801145, -0.0059679653, -0.0062198243, -0.006336513, -0.006336127, -0.0062081655, -0.0059095235, -0.005456444, -0.0051808944, -0.004561837, -0.0038984548, -0.0035740598, -0.0030151764, -0.002733211
0, 0, 0, 0, 0, 0, 0, 0, 0, 0, 0, 0, 0, 0, 0, 0, 0, 0, 0, 0, 0, 0, 0, 0, 0, 0, 0, 0, 0, 0, 0, 0, 0, 0, 0, 0, 0, 0, 0, 0, 0, 0, 0, 0, 0, 0, 0, 0, 0, 0, 0, 0, 0, 0, 0, 0, 0, 0, 0, -0.002322871, -0.0019369733, -0.0017530161, -0.0016742878, -0.00152513, -0.0013849429, -0.0013215772, -0.0012204247, -0.0011680013, -0.0011620857, -0.001167875, -0.0011700037, -0.0011269354, -0.0010803798, -0.0009374366, -0.00074642024, -0.00053909107, -0.00043796637, -0.00024939727, -7.254518e-05, 1.874963e-05, 0.00022521829, 0.00048374818, 0.00063682767, 0.0009835808, 0.0013618707, 0.0017314628, 0.0018997435, 0.0021830653, 0.002384923, 0.0024573104, 0.0025616775, 0.002640272, 0.0027235295, 0.0027727943, 0.0028863125, 0.003007357, 0.0030631418, 0.003150955, 0.0031962146, 0.0032041427, 0.0032049976, 0.003214574, 0.003265186, 0.003311857, 0.0034421894, 0.0035924474, 0.003657279, 0.0037255813, 0.0036624956, 0.003435006, 0.0032593939, 0.0028043592, 0.002254024, 0.001960067, 0.0013622725, 0.0007689708, 0.00047468932, -0.00011615276, -0.0007176853, -0.0013268363, -0.0016273462, -0.0021986202, -0.0026939274, -0.0029019609, -0.0032298153, -0.0034467499, -0.0035897733, -0.0036493852, -0.0037785324, -0.0039554476, -0.00407031, -0.00435678, -0.0047104526, -0.0049059624, -0.0053146337, -0.005719625, -0.006087166, -0.0062472136, -0.0065029142, -0.00665293, -0.0066819615, -0.0066369176, -0.0064469907, -0.006112307, -0.005894386, -0.0053693876, -0.004760227, -0.0044455305, -0.0038855358, -0.0036252392
0, 0, 0, 0, 0, 0, 0, 0, 0, 0, 0, 0, 0, 0, 0, 0, 0, 0, 0, 0, 0, 0, 0, 0, 0, 0, 0, 0, 0, 0, 0, 0, 0, 0, 0, 0, 0, 0, 0, 0, 0, 0, 0, 0, 0, 0, 0, 0, 0, 0, 0, 0, 0, 0, 0, 0, 0, -0.0022363593, -0.0020641673, -0.0017606064, -0.0015621067, -0.0014938404, -0.0014786557, -0.0014396308, -0.0013653822, -0.0013167966, -0.0012163982, -0.001139746, -0.0011039601, -0.0010991491, -0.0010949534, -0.0010643771, -0.0010276716, -0.00089918764, -0.0007028659, -0.00046628804, -0.00034434823, -0.000111920985, 9.3587994e-05, 0.00018750138, 0.00037237967, 0.00057885237, 0.00069909537, 0.0009834972, 0.001320428, 0.0016848027, 0.00186511, 0.0021962528, 0.0024631706, 0.0025684028, 0.0027293232, 0.0028462706, 0.0029530146, 0.0030120937, 0.0031507937, 0.0033136494, 0.0033975786, 0.0035539172, 0.003671357, 0.003711074, 0.0037555748, 0.0037729137, 0.0037985325, 0.0038247101, 0.003912986, 0.0040431125, 0.004113866, 0.0042332155, 0.0042732595, 0.00418531, 0.004085272, 0.0037776066, 0.0033546, 0.003114917, 0.0026091298, 0.0020960341, 0.0018415591, 0.0013335099, 0.00081363326, 0.00026968386, -1.1794182e-05, -0.0005831892, -0.0011396703, -0.0014007195, -0.001867182, -0.0022455272, -0.0025407635, -0.002665255, -0.0028918427, -0.003122518, -0.0032494122, -0.003540121, -0.003883077, -0.004071607, -0.0044708615, -0.004877276, -0.0052608936, -0.0054356013, -0.005734315, -0.005947682, -0.0060162963, -0.006066004, -0.005988771, -0.0057774256, -0.005621993, -0.00521745, -0.004714308, -0.0044459216, -0.003966305, -0.0037762832
0, 0, 0, 0, 0, 0, 0, 0, 0, 0, 0, 0, 0, 0, 0, 0, 0, 0, 0, 0, 0, 0, 0, 0, 0, 0, 0, 0, 0, 0, 0, 0, 0, 0, 0, 0, 0, 0, 0, 0, 0, 0, 0, 0, 0, 0, 0, 0, 0, 0, 0, 0, 0, 0, 0, 0, -0.0024852315, -0.0019106161, -0.0016853886, -0.0014132023, -0.0013082644, -0.0013086152, -0.0013253329, -0.0013501261, -0.0013292045, -0.0012983598, -0.001208764, -0.0011098214, -0.0010321185, -0.0010049997, -0.00096786814, -0.0009271448, -0.00089452404, -0.000784888, -0.00060647074, -0.0003720986, -0.00024282547, 1.6287275e-05, 0.00025295437, 0.00035849368, 0.0005487942, 0.000733221, 0.00083331193, 0.0010691306, 0.0013644793, 0.0017145437, 0.0019019054, 0.0022769708, 0.0026187191, 0.0027675226, 0.0030126157, 0.003196896, 0.0033458443, 0.0034175476, 0.00357354, 0.0037573758, 0.0038590129, 0.0040686224, 0.0042623035, 0.0043449323, 0.0044731395, 0.0045556496, 0.0046156254, 0.004647167, 0.004730297, 0.0048520295, 0.0049255625, 0.005080548, 0.005208143, 0.0052583907, 0.005241964, 0.005113846, 0.0048646224, 0.004703103, 0.004329475, 0.003919212, 0.0037083703, 0.003281115, 0.0028414116, 0.002378124, 0.0021345809, 0.0016253128, 0.0010988425, 0.0008365517, 0.00033455688, -0.00011723086, -0.0005064302, -0.0006786676, -0.0009900872, -0.0012810029, -0.0014269098, -0.0017347634, -0.0020739655, -0.0022564046, -0.0026438101, -0.0030491804, -0.0034540745, -0.003649919, -0.0040139505, -0.0043227994, -0.004449563, -0.004634496, -0.0047116387, -0.0046668835, -0.004596347, -0.0043619177, -0.004023873, -0.0038340308, -0.0034968182, -0.0034029635
0, 0, 0, 0, 0, 0, 0, 0, 0, 0, 0, 0, 0, 0, 0, 0, 0, 0, 0, 0, 0, 0, 0, 0, 0, 0, 0, 0, 0, 0, 0, 0, 0, 0, 0, 0, 0, 0, 0, 0, 0, 0, 0, 0, 0, 0, 0, 0, 0, 0, 0, 0, 0, 0, 0, -0.0027930369, -0.0021772105, -0.0016718982, -0.0014896431, -0.0012560426, -0.001159551, -0.001158431, -0.0011784593, -0.0012257077, -0.0012423315, -0.001229867, -0.001161365, -0.0010505269, -0.00092940923, -0.00087315094, -0.0007777012, -0.0006984187, -0.0006577841, -0.00055565924, -0.0004053947, -0.00020019687, -8.017776e-05, 0.00017748002, 0.00043296884, 0.0005526574, 0.0007691397, 0.0009654809, 0.001063104, 0.0012773151, 0.0015388259, 0.0018616415, 0.0020436714, 0.0024332055, 0.002825381, 0.003010581, 0.0033410056, 0.003608869, 0.003823077, 0.003918115, 0.0041033733, 0.0043044733, 0.004415549, 0.0046558445, 0.0049043754, 0.0050230427, 0.0052336995, 0.005398153, 0.005520499, 0.0055723395, 0.005674462, 0.005795606, 0.0058680368, 0.006036411, 0.006218155, 0.0063768523, 0.006434684, 0.006485353, 0.0064336634, 0.0063689994, 0.0061715306, 0.005904313, 0.005752508, 0.005425071, 0.0050723143, 0.004694583, 0.004495116, 0.0040729106, 0.0036228476, 0.0033907779, 0.002923829, 0.0024702116, 0.0020460642, 0.0018476448, 0.0014768532, 0.0011317884, 0.0009643366, 0.00063183386, 0.00029180167, 0.00011617004, -0.0002487349, -0.0006337574, -0.0010356102, -0.0012404369, -0.0016499204, -0.0020446526, -0.0022296137, -0.0025597082, -0.0028145944, -0.0029707772, -0.0030067123, -0.0029919124, -0.0028757285, -0.0027943368, -0.0026518495, -0.0026748634
0, 0, 0, 0, 0, 0, 0, 0, 0, 0, 0, 0, 0, 0, 0, 0, 0, 0, 0, 0, 0, 0, 0, 0, 0, 0, 0, 0, 0, 0, 0, 0, 0, 0, 0, 0, 0, 0, 0, 0, 0, 0, 0, 0, 0, 0, 0, 0, 0, 0, 0, 0, 0, 0, -0.00232292, -0.0021453071, -0.0018144371, -0.0015346477, -0.0014182602, -0.0012300056, -0.0011055846, -0.0010522674, -0.0010494358, -0.0010713572, -0.0010926817, -0.0010903084, -0.0010411434, -0.0009318404, -0.00077923015, -0.0006966295, -0.0005367036, -0.0003985456, -0.00033761957, -0.00022033864, -8.840301e-05, 8.099027e-05, 0.0001829191, 0.0004179866, 0.0006778516, 0.0008097189, 0.0010644915, 0.0013005869, 0.0014126396, 0.0016360811, 0.0018785269, 0.0021623254, 0.0023239157, 0.002682807, 0.0030722315, 0.0032689641, 0.003647045, 0.0039838366, 0.004269883, 0.004396378, 0.004629377, 0.0048574866, 0.004976801, 0.0052332156, 0.005509741, 0.0056501525, 0.0059200567, 0.0061569265, 0.0063490975, 0.0064295228, 0.0065695215, 0.006701655, 0.0067726537, 0.006934614, 0.0071262876, 0.0073344866, 0.007435864, 0.0076126214, 0.0077274987, 0.0077545014, 0.0077420594, 0.0076455455, 0.0075698025, 0.007375, 0.007135101, 0.0068613086, 0.0067133605, 0.0063963993, 0.0060507804, 0.0058675967, 0.0054834895, 0.0050831684, 0.0046773907, 0.004475589, 0.0040786373, 0.0036938053, 0.0035060528, 0.0031396635, 0.0027828277, 0.0026061959, 0.0022533173, 0.0018913614, 0.0015114378, 0.0013125542, 0.0008963815, 0.00046032446, 0.00023924319, -0.00019579413, -0.00059905223, -0.0009421901, -0.0010838198, -0.0012994877, -0.0014300974, -0.0014733479, -0.0015574701, -0.0017124312
0, 0, 0, 0, 0, 0, 0, 0, 0, 0, 0, 0, 0, 0, 0, 0, 0, 0, 0, 0, 0, 0, 0, 0, 0, 0, 0, 0, 0, 0, 0, 0, 0, 0, 0, 0, 0, 0, 0, 0, 0, 0, 0, 0, 0, 0, 0, 0, 0, 0, 0, 0, 0, -0.0023947612, -0.0018813756, -0.001738696, -0.001570245, -0.0014560896, -0.0013963559, -0.0012574547, -0.0011110137, -0.0009917275, -0.0009508743, -0.00090641907, -0.0008910113, -0.0008824512, -0.0008367211, -0.0007340495, -0.0005711235, -0.00047328844, -0.00026493357, -6.727267e-05, 2.1132495e-05, 0.00017545713, 0.0003136938, 0.00046252864, 0.00054910046, 0.00075619126, 0.0010083243, 0.001147057, 0.001435989, 0.0017209303, 0.0018563628, 0.0021112326, 0.002351941, 0.0025983027, 0.0027303803, 0.0030225965, 0.0033546144, 0.0035323456, 0.0038995526, 0.0042611607, 0.0045969123, 0.0047514145, 0.005034947, 0.005295485, 0.005422722, 0.005683552, 0.0059610135, 0.006105679, 0.006398858, 0.0066803303, 0.0069315354, 0.007042069, 0.007233729, 0.007395218, 0.0074705216, 0.007623822, 0.0077949753, 0.007991716, 0.008097977, 0.008314969, 0.00851487, 0.008599626, 0.008725137, 0.008781208, 0.00878206, 0.008733346, 0.008627469, 0.008476606, 0.008387981, 0.0081887655, 0.007961834, 0.0078373775, 0.0075648273, 0.0072585354, 0.0069205156, 0.006741098, 0.006366458, 0.005977909, 0.005781368, 0.005389528, 0.00500645, 0.00481956, 0.0044542416, 0.004094243, 0.0037278428, 0.0035379196, 0.0031376595, 0.0027045961, 0.002476152, 0.002001516, 0.0015195964, 0.0010535371, 0.0008335058, 0.00043097985, 8.047771e-05, -7.866638e-05, -0.000380538, -0.000662831
0, 0, 0, 0, 0, 0, 0, 0, 0, 0, 0, 0, 0, 0, 0, 0, 0, 0, 0, 0, 0, 0, 0, 0, 0, 0, 0, 0, 0, 0, 0, 0, 0, 0, 0, 0, 0, 0, 0, 0, 0, 0, 0, 0, 0, 0, 0, 0, 0, 0, 0, -0.0033259296, -0.0029680629, -0.0020978882, -0.0016351098, -0.0015166211, -0.0014133232, -0.0013759321, -0.0013511773, -0.0012596454, -0.0011130625, -0.0009446221, -0.0008664153, -0.00074025255, -0.0006556717, -0.0006232865, -0.00055546267, -0.0004539403, -0.0002972567, -0.00019788444, 2.970182e-05, 0.00026867658, 0.0003824694, 0.00058544753, 0.0007556421, 0.0009114142, 0.000992518, 0.0011791534, 0.0014131212, 0.0015485705, 0.0018475191, 0.0021627524, 0.0023171923, 0.0026052268, 0.0028573843, 0.0030808558, 0.0031881419, 0.0034099862, 0.0036598423, 0.0037990923, 0.0041061062, 0.00443962, 0.0047789947, 0.0049436167, 0.005252848, 0.005530847, 0.0056596776, 0.005906971, 0.0061558653, 0.0062850914, 0.006555355, 0.0068356134, 0.0071108206, 0.0072410535, 0.007478614, 0.007680402, 0.007768608, 0.0079267165, 0.008074695, 0.008229827, 0.008313811, 0.008495832, 0.008689373, 0.0087851845, 0.00896301, 0.009106032, 0.009159988, 0.009228602, 0.009244291, 0.009212124, 0.009180991, 0.009093632, 0.008977645, 0.008909213, 0.008749457, 0.008554309, 0.008318995, 0.008185479, 0.007887834, 0.0075530554, 0.0073742424, 0.0070005786, 0.0066155638, 0.006422545, 0.0060392576, 0.005662807, 0.005288807, 0.0050997986, 0.0047109732, 0.0042979363, 0.0040797233, 0.0036181791, 0.0031275507, 0.0026193217, 0.0023629332, 0.0018544587, 0.0013580836, 0.0011154852, 0.0006506321, 0.00027376198
0, 0, 0, 0, 0, 0, 0, 0, 0, 0, 0, 0, 0, 0, 0, 0, 0, 0, 0, 0, 0, 0, 0, 0, 0, 0, 0, 0, 0, 0, 0, 0, 0, 0, 0, 0, 0, 0, 0, 0, 0, 0, 0, 0, 0, 0, 0, 0, 0, 0, 0, -0.0023382115, -0.002173375, -0.0017452644, -0.0014398862, -0.0013486076, -0.0012611329, -0.0012398635, -0.0012294037, -0.0011718556, -0.0010450151, -0.0008603803, -0.0007585266, -0.0005622446, -0.0003988017, -0.00033161647, -0.00021627774, -0.00010031952, 4.793387e-05, 0.00014037343, 0.00036117618, 0.0006148673, 0.00074492034, 0.0009922886, 0.0012094429, 0.0013958771, 0.0014831879, 0.001663116, 0.0018711843, 0.0019913826, 0.0022647914, 0.0025689087, 0.0027246648, 0.003023841, 0.0032880565, 0.0035077257, 0.0036039823, 0.0037817082, 0.003963287, 0.004063335, 0.0042911298, 0.0045566414, 0.004848552, 0.0049974495, 0.005285666, 0.0055450434, 0.005661404, 0.0058704843, 0.0060618604, 0.006157541, 0.0063595097, 0.0065827444, 0.006824923, 0.006949384, 0.007193456, 0.0074170604, 0.0075168265, 0.007688414, 0.007827018, 0.007945497, 0.008002341, 0.008120493, 0.0082526095, 0.008324099, 0.008474111, 0.008623649, 0.008693747, 0.0088160625, 0.008905169, 0.008955446, 0.008965743, 0.008959645, 0.008922664, 0.00889425, 0.0088190725, 0.008718357, 0.008587971, 0.008509754, 0.008324337, 0.008097083, 0.007966984, 0.007675517, 0.007347378, 0.0071723824, 0.0068073175, 0.0064308816, 0.006049611, 0.005858062, 0.0054714903, 0.005074596, 0.004869963, 0.004442106, 0.003984214, 0.0034946084, 0.00323854, 0.0027068572, 0.0021541493, 0.001873376, 0.0013284195, 0.0009087581
0, 0, 0, 0, 0, 0, 0, 0, 0, 0, 0, 0, 0, 0, 0, 0, 0, 0, 0, 0, 0, 0, 0, 0, 0, 0, 0, 0, 0, 0, 0, 0, 0, 0, 0, 0, 0, 0, 0, 0, 0, 0, 0, 0, 0, 0, 0, 0, 0, 0, -0.0018979864, -0.0016919789, -0.0016035865, -0.0014141029, -0.0012382774, -0.0011683371, -0.001075265, -0.0010342237, -0.0010204662, -0.0009755655, -0.00087329565, -0.00069987477, -0.00059188117, -0.00035564354, -0.000126998, -2.398229e-05, 0.00015359602, 0.00030536088, 0.00045891321, 0.0005453827, 0.0007498894, 0.0009973075, 0.0011322575, 0.0014078171, 0.0016687207, 0.0018976151, 0.0019995165, 0.0021862632, 0.0023701107, 0.0024679548, 0.0026861946, 0.002937109, 0.0030718131, 0.0033453635, 0.0036039767, 0.0038278885, 0.003924467, 0.0040910407, 0.0042368732, 0.0043091476, 0.0044655832, 0.0046471334, 0.0048547466, 0.0049647065, 0.0051838355, 0.0053841406, 0.0054721637, 0.0056204023, 0.005737418, 0.0057896865, 0.0058947527, 0.006016776, 0.0061667613, 0.006252378, 0.0064383517, 0.006630136, 0.0067219855, 0.0068868194, 0.00701795, 0.0071153995, 0.007154407, 0.0072215297, 0.0072880033, 0.0073247515, 0.0074100685, 0.007511409, 0.0075663417, 0.0076775495, 0.007779295, 0.007858675, 0.007886895, 0.007918503, 0.007918778, 0.007909045, 0.007875231, 0.007827838, 0.007769499, 0.0077359136, 0.007655906, 0.0075504193, 0.007484353, 0.007319307, 0.007105635, 0.006980142, 0.006695016, 0.0063722143, 0.006023511, 0.005843143, 0.0054753684, 0.005101178, 0.0049111736, 0.0045207976, 0.0041092588, 0.0036670861, 0.0034323407, 0.0029330272, 0.002395765, 0.0021171044, 0.0015708609, 0.0011607085
0, 0, 0, 0, 0, 0, 0, 0, 0, 0, 0, 0, 0, 0, 0, 0, 0, 0, 0, 0, 0, 0, 0, 0, 0, 0, 0, 0, 0, 0, 0, 0, 0, 0, 0, 0, 0, 0, 0, 0, 0, 0, 0, 0, 0, 0, 0, 0, 0, -0.001492644, -0.0013927632, -0.0012792039, -0.0012393076, -0.0011562946, -0.0010462899, -0.0009845931, -0.00087100023, -0.0007874638, -0.00075638585, -0.0006968659, -0.00060648343, -0.00045503452, -0.00035353494, -0.000111238725, 0.0001556294, 0.00028636702, 0.00052617554, 0.0007299181, 0.00091032276, 0.0009999059, 0.0011955944, 0.0014282934, 0.0015593404, 0.0018421662, 0.002130486, 0.0023973277, 0.0025162708, 0.0027225642, 0.0028945894, 0.0029735372, 0.0031326616, 0.0033096576, 0.0034082034, 0.0036233016, 0.0038487304, 0.004063552, 0.0041611353, 0.004329241, 0.0044622985, 0.0045183506, 0.0046193944, 0.0047190366, 0.004827326, 0.0048855133, 0.005006569, 0.005121751, 0.0051720203, 0.0052502896, 0.0052954694, 0.005307172, 0.005317443, 0.00532601, 0.005350893, 0.005373523, 0.0054413755, 0.005535385, 0.005588458, 0.0056963214, 0.005792597, 0.0058659427, 0.005892847, 0.0059296754, 0.005952242, 0.0059622745, 0.0059873057, 0.006026464, 0.0060526147, 0.00611572, 0.0061862255, 0.006251437, 0.006277828, 0.006312361, 0.0063199815, 0.0063141934, 0.0062892176, 0.0062559475, 0.006224748, 0.006211965, 0.0061917226, 0.0061720284, 0.0061578667, 0.006110875, 0.006025528, 0.0059646703, 0.0058024973, 0.0055883187, 0.00533025, 0.0051880614, 0.004885768, 0.0045677274, 0.0044040224, 0.0040673045, 0.0037125824, 0.0033306044, 0.0031268878, 0.0026882242, 0.0022082424, 0.0019566051, 0.0014608104, 0.0010926607
0, 0, 0, 0, 0, 0, 0, 0, 0, 0, 0, 0, 0, 0, 0, 0, 0, 0, 0, 0, 0, 0, 0, 0, 0, 0, 0, 0, 0, 0, 0, 0, 0, 0, 0, 0, 0, 0, 0, 0, 0, 0, 0, 0, 0, 0, 0, 0, -0.0014766699, -0.0012101707, -0.0010477882, -0.0009847368, -0.0009713851, -0.00093633594, -0.0008561002, -0.0007970052, -0.0006602573, -0.0005286993, -0.00047179146, -0.00037445396, -0.0002749222, -0.00013909226, -4.9396855e-05, 0.00017663391, 0.00045033035, 0.0005951346, 0.0008801515, 0.0011374834, 0.0013608264, 0.0014631419, 0.0016660482, 0.0018865094, 0.0020092118, 0.0022795484, 0.0025710512, 0.002858116, 0.0029910866, 0.003222874, 0.0034028376, 0.0034757524, 0.0035996838, 0.0037157505, 0.0037787606, 0.0039231023, 0.004092554, 0.0042732223, 0.0043609883, 0.004517542, 0.004636362, 0.004679248, 0.0047354694, 0.0047624265, 0.0047760326, 0.0047824625, 0.0048004924, 0.0048248605, 0.0048369644, 0.004851976, 0.004843627, 0.0048276074, 0.004771977, 0.0046914225, 0.0046013244, 0.0045582145, 0.0044862228, 0.0044422247, 0.004432036, 0.0044317134, 0.0044488353, 0.00446925, 0.004476654, 0.004481173, 0.0044711125, 0.004461962, 0.004441185, 0.0044258074, 0.004423077, 0.0044299825, 0.004453104, 0.004485513, 0.004501676, 0.004526327, 0.004533193, 0.00452895, 0.004506149, 0.0044725314, 0.0044399095, 0.0044277124, 0.0044160737, 0.004421984, 0.0044292645, 0.0044442513, 0.004445402, 0.0044358894, 0.0043882127, 0.0042963712, 0.0041602063, 0.004077005, 0.0038857218, 0.0036675336, 0.0035502124, 0.003300307, 0.0030272685, 0.0027249556, 0.0025605538, 0.0022018857, 0.0018019961, 0.0015898818, 0.001168776, 0.000853454
0, 0, 0, 0, 0, 0, 0, 0, 0, 0, 0, 0, 0, 0, 0, 0, 0, 0, 0, 0, 0, 0, 0, 0, 0, 0, 0, 0, 0, 0, 0, 0, 0, 0, 0, 0, 0, 0, 0, 0, 0, 0, 0, 0, 0, 0, 0, -0.0010401325, -0.000990622, -0.00081987376, -0.00070016773, -0.0006654162, -0.0006651709, -0.00065844087, -0.00060351216, -0.0005512495, -0.00040787944, -0.00024305675, -0.00016319471, -2.0887974e-05, 0.00010407222, 0.00023707631, 0.00031653, 0.0005149824, 0.0007691964, 0.0009123429, 0.0012132208, 0.0015075158, 0.0017727016, 0.001892326, 0.0021133514, 0.0023280436, 0.0024403534, 0.002684124, 0.0029540265, 0.0032350763, 0.0033721926, 0.0036231128, 0.0038260904, 0.003906972, 0.0040317327, 0.0041237576, 0.0041655074, 0.0042547607, 0.004363946, 0.0044911033, 0.004556692, 0.004678004, 0.004767224, 0.004794405, 0.0048101656, 0.004779035, 0.0047168513, 0.004680729, 0.004610625, 0.004554266, 0.00453209, 0.004493832, 0.0044495226, 0.004419123, 0.0043325266, 0.004206497, 0.0040458385, 0.0039567663, 0.003774097, 0.0036030347, 0.003527579, 0.003402523, 0.0033121384, 0.0032476315, 0.0032209088, 0.0031697222, 0.0031136253, 0.0030822994, 0.0030148716, 0.0029476725, 0.0029173326, 0.002869184, 0.0028426887, 0.002837732, 0.0028414712, 0.0028548413, 0.0028651063, 0.0028660824, 0.002855851, 0.0028299699, 0.0027959668, 0.0027790924, 0.0027526196, 0.002742432, 0.002744331, 0.002759994, 0.002783546, 0.002794527, 0.0028076842, 0.0028006067, 0.0027671151, 0.0027401475, 0.0026654692, 0.0025650295, 0.002505504, 0.0023675498, 0.0022016712, 0.0020024711, 0.0018884867, 0.0016298078, 0.0013279368, 0.0011630873, 0.00082753116, 0.0005662739
0, 0, 0, 0, 0, 0, 0, 0, 0, 0, 0, 0, 0, 0, 0, 0, 0, 0, 0, 0, 0, 0, 0, 0, 0, 0, 0, 0, 0, 0, 0, 0, 0, 0, 0, 0, 0, 0, 0, 0, 0, 0, 0, 0, 0, 0, -0.0003981363, -0.00048983924, -0.0004499331, -0.00032729597, -0.00023824502, -0.00021487067, -0.00021984703, -0.0002328426, -0.0002091393, -0.00017323968, -5.157924e-05, 0.00011664342, 0.00020658069, 0.0003799644, 0.0005322845, 0.0006721793, 0.0007451669, 0.00091477623, 0.0011311739, 0.0012583712, 0.0015420762, 0.0018422585, 0.0021299296, 0.002262589, 0.0025018016, 0.002714989, 0.0028175297, 0.0030276745, 0.0032561528, 0.0035042136, 0.0036318102, 0.003881414, 0.004103483, 0.004198255, 0.004349848, 0.0044545922, 0.00449401, 0.00456017, 0.004625223, 0.004698712, 0.0047373874, 0.0048104627, 0.004861187, 0.004872103, 0.004857605, 0.00479284, 0.0046873745, 0.0046253344, 0.004497064, 0.004379017, 0.0043274625, 0.0042394837, 0.004161358, 0.004120222, 0.0040202863, 0.003883605, 0.0037033136, 0.003598209, 0.003366876, 0.00312521, 0.0030074404, 0.0027899428, 0.0026045851, 0.0024510997, 0.0023836696, 0.0022597893, 0.0021401301, 0.002079445, 0.0019553655, 0.0018311103, 0.0017717786, 0.0016661285, 0.001585622, 0.001535794, 0.001522266, 0.0015132037, 0.0015184967, 0.0015225087, 0.0015256169, 0.0015161914, 0.0014935045, 0.0014783407, 0.0014455058, 0.0014167879, 0.0014063981, 0.0013965379, 0.001401025, 0.0014072945, 0.0014246621, 0.0014433196, 0.0014577082, 0.0014622404, 0.0014633725, 0.0014518934, 0.0014403444, 0.001402857, 0.001341161, 0.0012488988, 0.001189176, 0.0010387489, 0.000843783, 0.0007301924, 0.00048521464, 0.00027869627
0, 0, 0, 0, 0, 0, 0, 0, 0, 0, 0, 0, 0, 0, 0, 0, 0, 0, 0, 0, 0, 0, 0, 0, 0, 0, 0, 0, 0, 0, 0, 0, 0, 0, 0, 0, 0, 0, 0, 0, 0, 0, 0, 0, 0, 0.0007091392, 0.00026336117, 9.993312e-05, 0.000122020676, 0.00022712418, 0.00032186473, 0.0003634831, 0.00036478954, 0.0003503245, 0.00034817864, 0.0003645576, 0.00044462748, 0.0005839703, 0.0006681379, 0.00084563723, 0.0010130164, 0.0011604843, 0.001229875, 0.0013738516, 0.001545451, 0.0016472383, 0.0018843691, 0.0021554425, 0.002435395, 0.0025701232, 0.002816929, 0.003028806, 0.0031240252, 0.0033032813, 0.003484558, 0.0036813933, 0.0037870589, 0.004007451, 0.0042258864, 0.0043279007, 0.004505491, 0.0046391157, 0.004689004, 0.004761067, 0.00480838, 0.0048459866, 0.0048634573, 0.0048955297, 0.004915946, 0.004917494, 0.0048952457, 0.00483179, 0.0047278446, 0.004663215, 0.0045188153, 0.004368837, 0.004296655, 0.004163095, 0.004043507, 0.003986343, 0.0038677256, 0.0037306913, 0.003562722, 0.0034654685, 0.0032470638, 0.0030058569, 0.0028816164, 0.0026364543, 0.002406106, 0.0021968735, 0.002099511, 0.0019158932, 0.0017397784, 0.0016524998, 0.0014777133, 0.001304013, 0.0012196111, 0.001061345, 0.00092554523, 0.00082081585, 0.00078104134, 0.0007255506, 0.0006965802, 0.00068906817, 0.0006810622, 0.00067440834, 0.0006621978, 0.0006530103, 0.0006290728, 0.0006010109, 0.0005871671, 0.000562284, 0.0005445758, 0.0005387407, 0.0005332084, 0.000535226, 0.00054382946, 0.000550349, 0.0005666609, 0.0005851142, 0.00059401145, 0.0006072977, 0.00060924934, 0.00059121195, 0.0005719939, 0.0005080209, 0.0004031702, 0.000334347, 0.00017043637, 1.4689395e-05
0, 0, 0, 0, 0, 0, 0, 0, 0, 0, 0, 0, 0, 0, 0, 0, 0, 0, 0, 0, 0, 0, 0, 0, 0, 0, 0, 0, 0, 0, 0, 0, 0, 0, 0, 0, 0, 0, 0, 0, 0, 0, 0, 0, 0.0012448779, 0.00096660975, 0.00068610575, 0.0006303522, 0.0006631232, 0.00077935954, 0.0009015144, 0.0009847354, 0.0010064612, 0.0010175888, 0.0010126471, 0.0010159689, 0.0010546406, 0.0011483708, 0.001214439, 0.0013692074, 0.0015312724, 0.0016790857, 0.0017453758, 0.0018687367, 0.001996941, 0.002070024, 0.0022441598, 0.0024574064, 0.0026975477, 0.0028202108, 0.003055582, 0.0032624423, 0.0033532255, 0.0035126912, 0.0036562334, 0.0038020166, 0.003880148, 0.0040508416, 0.004236611, 0.0043308274, 0.004510559, 0.0046628206, 0.0047242655, 0.004815599, 0.0048691356, 0.004897174, 0.0049057635, 0.004918658, 0.0049285167, 0.0049311016, 0.004926063, 0.0048982697, 0.0048387963, 0.0047956593, 0.004684277, 0.004546091, 0.004470764, 0.004315427, 0.0041621844, 0.0040879673, 0.00394468, 0.0038035873, 0.0036568725, 0.0035788314, 0.0034098504, 0.0032224166, 0.003122498, 0.0029140126, 0.002700583, 0.0024890183, 0.0023852529, 0.0021826716, 0.0019858773, 0.0018891463, 0.0016969661, 0.0015070111, 0.0014134228, 0.0012311307, 0.0010604234, 0.0009076982, 0.0008397341, 0.00072220544, 0.00063001533, 0.00059300975, 0.0005353561, 0.00049546466, 0.00046726168, 0.0004558079, 0.00043523253, 0.0004146168, 0.00040362828, 0.00037956622, 0.00035277285, 0.00033861984, 0.00030874583, 0.00027919872, 0.00025269875, 0.00024140466, 0.00022508038, 0.00021759124, 0.00021691118, 0.00021991205, 0.00022407349, 0.00022178693, 0.00021508889, 0.00018472678, 0.0001229476, 7.7673525e-05, -3.9606268e-05, -0.00016257388
0, 0, 0, 0, 0, 0, 0, 0, 0, 0, 0, 0, 0, 0, 0, 0, 0, 0, 0, 0, 0, 0, 0, 0, 0, 0, 0, 0, 0, 0, 0, 0, 0, 0, 0, 0, 0, 0, 0, 0, 0, 0, 0, 0.0013959949, 0.0011984473, 0.0011284588, 0.0010816782, 0.0011290536, 0.0011787727, 0.0013100101, 0.0014556238, 0.0015801651, 0.0016266428, 0.0016824212, 0.0016992902, 0.0017016802, 0.001716327, 0.0017658494, 0.0018079893, 0.0019219797, 0.0020588145, 0.0021936384, 0.002254469, 0.002360452, 0.0024527586, 0.0024995743, 0.0026077654, 0.0027478691, 0.0029228183, 0.0030196395, 0.003220063, 0.0034102846, 0.003496189, 0.0036458166, 0.0037688701, 0.0038786852, 0.0039336355, 0.004052252, 0.0041879937, 0.004261866, 0.004414894, 0.0045618475, 0.004627332, 0.0047350456, 0.0048073907, 0.0048488276, 0.0048616645, 0.004880259, 0.004898734, 0.004909947, 0.0049352916, 0.004957848, 0.004965132, 0.004958646, 0.004919483, 0.0048415903, 0.0047890204, 0.004662355, 0.0045178356, 0.0044435416, 0.0042986004, 0.004164844, 0.0040446483, 0.0039885184, 0.0038794917, 0.0037667681, 0.0037061686, 0.0035727704, 0.003422098, 0.0032570176, 0.0031711927, 0.0029966848, 0.0028237228, 0.0027390106, 0.0025735968, 0.0024123236, 0.0023323358, 0.0021719802, 0.002009727, 0.0018453855, 0.0017631906, 0.0016011472, 0.0014476912, 0.0013761173, 0.0012478906, 0.0011429075, 0.0010625771, 0.0010310407, 0.0009820955, 0.0009456433, 0.00092957815, 0.00089713896, 0.0008587453, 0.0008358896, 0.0007815231, 0.00071679923, 0.0006452224, 0.00060848484, 0.00053654733, 0.0004705933, 0.00044079497, 0.00038789792, 0.00034157844, 0.00029636096, 0.0002716498, 0.00021177503, 0.00013029556, 7.852494e-05, -4.4971763e-05, -0.0001666607
0, 0, 0, 0, 0, 0, 0, 0, 0, 0, 0, 0, 0, 0, 0, 0, 0, 0, 0, 0, 0, 0, 0, 0, 0, 0, 0, 0, 0, 0, 0, 0, 0, 0, 0, 0, 0, 0, 0, 0, 0, 0, 0.0025606158, 0.0018008128, 0.0014896885, 0.0014787487, 0.0015499705, 0.0016585964, 0.001718865, 0.0018527951, 0.0020012907, 0.0021464734, 0.0022100261, 0.002305441, 0.0023548144, 0.0023655095, 0.0023753745, 0.0023935346, 0.002412876, 0.0024785076, 0.0025732343, 0.0026787417, 0.0027288317, 0.0028143327, 0.0028774855, 0.002903283, 0.0029538823, 0.0030200232, 0.0031162724, 0.0031768745, 0.003317667, 0.00347054, 0.0035453653, 0.003681669, 0.0037943348, 0.0038854165, 0.0039260383, 0.0040058084, 0.0040939604, 0.0041438323, 0.0042554755, 0.0043775025, 0.0044386764, 0.0045523723, 0.004645344, 0.00471388, 0.0047401246, 0.0047823577, 0.004821961, 0.004843955, 0.0048967074, 0.004960475, 0.005027097, 0.005057642, 0.0051030614, 0.005117974, 0.0051117097, 0.0050723013, 0.005002595, 0.0049604075, 0.004870551, 0.0047850963, 0.0047136634, 0.0046844697, 0.004637371, 0.0045979666, 0.0045774085, 0.0045276475, 0.0044593713, 0.004370139, 0.004318934, 0.0042076255, 0.0040920675, 0.004035149, 0.0039263926, 0.0038241486, 0.003774154, 0.0036720557, 0.0035602779, 0.0034317705, 0.0033599823, 0.0032017187, 0.0030283574, 0.0029385483, 0.00276032, 0.0025928833, 0.002445236, 0.0023804542, 0.0022690294, 0.002177837, 0.0021374447, 0.0020608567, 0.0019818358, 0.0019388902, 0.0018432183, 0.0017329587, 0.0016096092, 0.0015444207, 0.0014101298, 0.0012749678, 0.0012084184, 0.0010784086, 0.0009520392, 0.0008252746, 0.0007600486, 0.0006209789, 0.0004644669, 0.00037832832, 0.00019639888, 4.300304e-05
0, 0, 0, 0, 0, 0, 0, 0, 0, 0, 0, 0, 0, 0, 0, 0, 0, 0, 0, 0, 0, 0, 0, 0, 0, 0, 0, 0, 0, 0, 0, 0, 0, 0, 0, 0, 0, 0, 0, 0, 0, 0.0027315945, 0.0022514416, 0.0019263029, 0.0018745391, 0.0019254222, 0.0020780398, 0.0022303825, 0.0022998187, 0.002432821, 0.0025696773, 0.0027093545, 0.0027763494, 0.0028902744, 0.0029649627, 0.0029859613, 0.0030028769, 0.003003821, 0.0030058776, 0.003024839, 0.0030677023, 0.0031277288, 0.0031592767, 0.0032143747, 0.0032492823, 0.003258056, 0.0032635985, 0.0032663818, 0.0032851438, 0.0033049728, 0.003368511, 0.0034590184, 0.0035103166, 0.0036142983, 0.0037082469, 0.003785024, 0.0038171418, 0.0038733028, 0.0039281743, 0.0039589433, 0.004032524, 0.00412457, 0.0041765515, 0.004286823, 0.00439584, 0.0044938773, 0.0045371577, 0.0046133995, 0.0046808324, 0.004714258, 0.0047870185, 0.0048738737, 0.00497641, 0.005032432, 0.0051472513, 0.0052562207, 0.005305028, 0.005386105, 0.0054425476, 0.0054621478, 0.0054879044, 0.005503758, 0.005519067, 0.005528796, 0.005554334, 0.005586228, 0.0056027644, 0.0056316317, 0.0056479196, 0.0056462064, 0.0056382422, 0.0056096436, 0.0055701826, 0.005548755, 0.0055066664, 0.005468264, 0.005450023, 0.005412868, 0.005366554, 0.005301279, 0.0052590105, 0.005151914, 0.005014012, 0.0049346755, 0.0047596437, 0.0045717466, 0.0043807817, 0.004287404, 0.0041080164, 0.003939884, 0.0038595623, 0.0037033346, 0.003547362, 0.0034674967, 0.0033014237, 0.003124603, 0.0029367867, 0.0028390596, 0.0026375628, 0.0024302877, 0.0023251667, 0.0021122403, 0.0018950849, 0.0016705834, 0.0015540867, 0.0013093913, 0.0010461306, 0.00090790825, 0.00063344336, 0.00042691085
0, 0, 0, 0, 0, 0, 0, 0, 0, 0, 0, 0, 0, 0, 0, 0, 0, 0, 0, 0, 0, 0, 0, 0, 0, 0, 0, 0, 0, 0, 0, 0, 0, 0, 0, 0, 0, 0, 0, 0, 0.0018421528, 0.0018718231, 0.0018685799, 0.0019607218, 0.002164876, 0.0022895737, 0.0025391702, 0.0027522992, 0.0028413488, 0.0029917837, 0.003123178, 0.0032491852, 0.0033103672, 0.003423166, 0.0035090675, 0.0035381215, 0.0035672567, 0.0035651033, 0.003557437, 0.0035406118, 0.003532534, 0.003538409, 0.0035446917, 0.003557244, 0.003558521, 0.0035519204, 0.0035230808, 0.003479207, 0.003434561, 0.003417222, 0.0034005607, 0.0034123, 0.0034282566, 0.0034743182, 0.0035279165, 0.0035787025, 0.0036006593, 0.0036381828, 0.003671761, 0.003689921, 0.0037361884, 0.0038024655, 0.0038444225, 0.0039447476, 0.004060307, 0.00418135, 0.0042404747, 0.0043521193, 0.004453548, 0.004501222, 0.004596133, 0.0046996996, 0.004821466, 0.0048911464, 0.0050488096, 0.0052270074, 0.005320953, 0.0055121845, 0.005699031, 0.005787813, 0.0059526386, 0.006099724, 0.0062308516, 0.0062921625, 0.00640913, 0.0065218834, 0.006577241, 0.0066855857, 0.0067876414, 0.0068782875, 0.0069179186, 0.006983563, 0.0070310184, 0.007048801, 0.007075128, 0.0070935152, 0.007100726, 0.0071119275, 0.007116527, 0.007108464, 0.0070975176, 0.0070568435, 0.006986407, 0.0069384924, 0.0068167113, 0.006661387, 0.006477218, 0.0063762334, 0.0061607175, 0.005932317, 0.0058148485, 0.0055747256, 0.00532872, 0.00520355, 0.0049484307, 0.004687115, 0.004419344, 0.004282805, 0.004004389, 0.0037184223, 0.0035723846, 0.0032732198, 0.0029623362, 0.0026366203, 0.0024668218, 0.0021108629, 0.0017323013, 0.0015369448, 0.0011594809, 0.0008944375
0, 0, 0, 0, 0, 0, 0, 0, 0, 0, 0, 0, 0, 0, 0, 0, 0, 0, 0, 0, 0, 0, 0, 0, 0, 0, 0, 0, 0, 0, 0, 0, 0, 0, 0, 0, 0, 0, 0, 0.0019511983, 0.0016005685, 0.0015309427, 0.0016388538, 0.0019187303, 0.0022690105, 0.0024495234, 0.0027906185, 0.0030797739, 0.0032004842, 0.003395757, 0.0035460626, 0.0036708198, 0.00372863, 0.0038359186, 0.003927412, 0.0039632153, 0.0040093604, 0.004018688, 0.0040114606, 0.003979288, 0.0039358805, 0.0038928578, 0.0038731005, 0.003836822, 0.0037993155, 0.003776885, 0.0037208581, 0.0036478152, 0.0035625743, 0.0035188429, 0.003437611, 0.003374196, 0.0033515168, 0.0033248584, 0.0033182653, 0.0033246411, 0.003330139, 0.0033428825, 0.0033570672, 0.0033657537, 0.003391369, 0.0034349838, 0.003466095, 0.0035484815, 0.0036569957, 0.003785787, 0.003854453, 0.003994557, 0.004132066, 0.004198468, 0.004328021, 0.0044594523, 0.0046033245, 0.0046835053, 0.00486615, 0.0050815386, 0.0052011195, 0.005459486, 0.00573451, 0.0058741183, 0.006149781, 0.006412802, 0.0066573527, 0.006772386, 0.0069898297, 0.0071951123, 0.007294822, 0.00749115, 0.0076843244, 0.007871474, 0.007961025, 0.008127264, 0.008270038, 0.008331354, 0.008432815, 0.008508665, 0.008538586, 0.008585956, 0.008621086, 0.008646856, 0.008655842, 0.008663406, 0.008651792, 0.008635994, 0.008579504, 0.008483782, 0.008344682, 0.008258377, 0.008053878, 0.0078113857, 0.007677804, 0.0073902663, 0.007081263, 0.0069205062, 0.0065892674, 0.0062473733, 0.0058966996, 0.0057182135, 0.0053549414, 0.004981696, 0.0047908826, 0.0043994156, 0.0039925086, 0.0035667112, 0.003345501, 0.0028840376, 0.0023969845, 0.0021480478, 0.0016744494, 0.0013569157
0, 0, 0, 0, 0, 0, 0, 0, 0, 0, 0, 0, 0, 0, 0, 0, 0, 0, 0, 0, 0, 0, 0, 0, 0, 0, 0, 0, 0, 0, 0, 0, 0, 0, 0, 0, 0, 0, 0, 0.0011145044, 0.0012013196, 0.0012552614, 0.0014707601, 0.0017994137, 0.002186739, 0.002386757, 0.002776489, 0.0031248345, 0.0032768012, 0.0035298488, 0.003720776, 0.0038673293, 0.003930233, 0.0040436448, 0.004144784, 0.004189262, 0.0042593423, 0.0042957724, 0.0042992756, 0.004278049, 0.004225841, 0.004154821, 0.00411629, 0.004038903, 0.0039638733, 0.0039265165, 0.0038485131, 0.003760792, 0.0036591303, 0.003603693, 0.0034873872, 0.0033730823, 0.0033199312, 0.00322765, 0.0031578606, 0.0031104963, 0.0030943605, 0.0030734665, 0.0030640443, 0.0030625525, 0.0030678234, 0.003087921, 0.0031054222, 0.00315961, 0.003243117, 0.0033568447, 0.0034240137, 0.0035742049, 0.0037386348, 0.0038236766, 0.003995795, 0.0041699773, 0.0043505616, 0.004445353, 0.0046505416, 0.0048827417, 0.0050106277, 0.0052894326, 0.005595377, 0.005755737, 0.006084379, 0.0064142514, 0.0067363954, 0.0068929563, 0.007196288, 0.0074887667, 0.0076321405, 0.007915845, 0.008197527, 0.008476292, 0.00861282, 0.008874869, 0.009113083, 0.009220352, 0.009406591, 0.009553034, 0.009612109, 0.009705095, 0.009771705, 0.009820515, 0.00984001, 0.009870278, 0.009886795, 0.0098882085, 0.009871335, 0.009820827, 0.009728334, 0.009664325, 0.009498695, 0.009283893, 0.009158897, 0.00887696, 0.008557813, 0.008386182, 0.008021697, 0.0076325894, 0.0072216215, 0.0070088273, 0.0065695355, 0.006112811, 0.0058779693, 0.005395383, 0.0048952373, 0.0043751923, 0.004106908, 0.0035512252, 0.002970055, 0.0026752509, 0.0021207456, 0.0017603427
0, 0, 0, 0, 0, 0, 0, 0, 0, 0, 0, 0, 0, 0, 0, 0, 0, 0, 0, 0, 0, 0, 0, 0, 0, 0, 0, 0, 0, 0, 0, 0, 0, 0, 0, 0, 0, 0.00028461125, 0.00034771962, 0.00061709865, 0.0008702487, 0.00100118, 0.0012878283, 0.0016146904, 0.0019758032, 0.002164905, 0.0025481833, 0.002915203, 0.0030845967, 0.0033831946, 0.0036208504, 0.0038042462, 0.0038807197, 0.0040145274, 0.004133532, 0.0041889274, 0.0042871106, 0.004359525, 0.004381938, 0.0043941555, 0.004363023, 0.004294969, 0.004251163, 0.0041537746, 0.004053712, 0.0040050773, 0.003911117, 0.0038180135, 0.0037177335, 0.0036631492, 0.0035432423, 0.0034116418, 0.003344297, 0.003213226, 0.003096594, 0.0030027204, 0.0029654268, 0.002908865, 0.0028730512, 0.0028609042, 0.0028459493, 0.0028419108, 0.002844847, 0.0028639177, 0.0029072608, 0.00298291, 0.0030344254, 0.0031653799, 0.0033303627, 0.0034234207, 0.0036248036, 0.0038391051, 0.0040603885, 0.004173194, 0.0044041728, 0.0046467828, 0.0047744815, 0.005046246, 0.005342597, 0.0054995953, 0.0058293915, 0.0061745252, 0.006527661, 0.006705131, 0.0070588845, 0.007409476, 0.0075835176, 0.007929753, 0.008274302, 0.008616849, 0.008786275, 0.009117368, 0.009430724, 0.0095773665, 0.009844559, 0.010071139, 0.010167773, 0.0103279855, 0.010447868, 0.010534061, 0.010566825, 0.010614426, 0.01064048, 0.010645294, 0.010636613, 0.010599364, 0.01052798, 0.010477962, 0.010346401, 0.010170642, 0.010065901, 0.009822897, 0.009536506, 0.009377437, 0.009028127, 0.008638402, 0.008209967, 0.007981995, 0.0075009367, 0.0069893063, 0.00672317, 0.006172891, 0.0056004426, 0.00500669, 0.0047013285, 0.004071694, 0.0034181161, 0.0030882042, 0.0024714665, 0.0020779804
0, 0, 0, 0, 0, 0, 0, 0, 0, 0, 0, 0, 0, 0, 0, 0, 0, 0, 0, 0, 0, 0, 0, 0, 0, 0, 0, 0, 0, 0, 0, 0, 0, 0, 0, 0, 0, -7.7126664e-05, 4.7007623e-05, 0.00032349868, 0.00062241225, 0.00077588286, 0.0010820593, 0.0013877722, 0.0017029232, 0.0018671557, 0.002208016, 0.0025558106, 0.0027263085, 0.003044872, 0.0033193373, 0.0035429008, 0.003637393, 0.0038000257, 0.0039407625, 0.004006533, 0.004129543, 0.0042358753, 0.0042785765, 0.0043361643, 0.004347803, 0.004312779, 0.004280058, 0.004192869, 0.0040903357, 0.004038078, 0.0039371513, 0.0038437014, 0.003752928, 0.0037056345, 0.003602534, 0.0034835828, 0.0034182, 0.0032809994, 0.003145376, 0.0030236987, 0.002971311, 0.0028864273, 0.002827259, 0.0028057161, 0.0027740707, 0.002752217, 0.0027437562, 0.002732567, 0.0027343582, 0.0027600392, 0.002785647, 0.002868276, 0.0029967949, 0.003078098, 0.0032706421, 0.0034935987, 0.003733766, 0.0038570387, 0.00410461, 0.004352722, 0.004477708, 0.0047339103, 0.005005296, 0.0051486343, 0.0054533114, 0.005781523, 0.0061296066, 0.0063089356, 0.006673967, 0.007041798, 0.0072252513, 0.0075894636, 0.0079492545, 0.008305466, 0.008482182, 0.008832163, 0.009174345, 0.00934056, 0.009658232, 0.00994821, 0.010079891, 0.010312699, 0.010501447, 0.010645141, 0.010700893, 0.010781789, 0.010825053, 0.010833727, 0.010826681, 0.010788468, 0.010719254, 0.010673131, 0.010556791, 0.01040656, 0.010318185, 0.010113355, 0.009869051, 0.009731013, 0.0094214715, 0.009064739, 0.008659751, 0.008439344, 0.007964252, 0.007447169, 0.007174485, 0.0066043525, 0.0060047805, 0.00537881, 0.0050557936, 0.0043888427, 0.0036962372, 0.0033466453, 0.00269386, 0.0022800455
0, 0, 0, 0, 0, 0, 0, 0, 0, 0, 0, 0, 0, 0, 0, 0, 0, 0, 0, 0, 0, 0, 0, 0, 0, 0, 0, 0, 0, 0, 0, 0, 0, 0, 0, 0, -0.0005649912, -0.00028726578, -0.00016758483, 9.306961e-05, 0.0003847682, 0.00053611456, 0.0008345174, 0.0011194154, 0.001396466, 0.0015372557, 0.0018311588, 0.0021430247, 0.0023037014, 0.0026222297, 0.0029197459, 0.0031786375, 0.0032916483, 0.0034865832, 0.0036500085, 0.0037243597, 0.0038645098, 0.0039946144, 0.0040542316, 0.0041543106, 0.0042188875, 0.0042385682, 0.004231124, 0.00418515, 0.0041090115, 0.004064877, 0.0039733537, 0.0038865106, 0.0038070637, 0.0037688324, 0.0036892076, 0.0035980106, 0.003545868, 0.0034286047, 0.0033006552, 0.0031733408, 0.0031140754, 0.003011744, 0.0029347457, 0.002905853, 0.0028632253, 0.002833437, 0.0028205498, 0.0027954082, 0.0027716397, 0.0027564808, 0.0027561176, 0.0027786703, 0.002842589, 0.0028926306, 0.0030297672, 0.003211073, 0.0034243662, 0.0035384654, 0.0037728595, 0.0040082512, 0.004125331, 0.0043598893, 0.004601873, 0.004728605, 0.004998826, 0.0052942266, 0.005614519, 0.0057820627, 0.00612612, 0.0064739482, 0.006646305, 0.0069841933, 0.0073113437, 0.0076296898, 0.0077866693, 0.008099586, 0.008413383, 0.008570818, 0.008884429, 0.00919004, 0.009336586, 0.009610451, 0.009849536, 0.010045787, 0.010126368, 0.010251403, 0.010329443, 0.010351797, 0.010365424, 0.010341099, 0.01028238, 0.010241082, 0.01013566, 0.00999949, 0.009920039, 0.009737112, 0.009520476, 0.00939865, 0.009125843, 0.0088105695, 0.008450323, 0.008252894, 0.007823312, 0.0073492234, 0.0070965057, 0.0065618395, 0.0059912144, 0.005387193, 0.0050727874, 0.0044185375, 0.0037330864, 0.0033854458, 0.0027334148, 0.0023185802
0, 0, 0, 0, 0, 0, 0, 0, 0, 0, 0, 0, 0, 0, 0, 0, 0, 0, 0, 0, 0, 0, 0, 0, 0, 0, 0, 0, 0, 0, 0, 0, 0, 0, 0, -0.0008830506, -0.0006473058, -0.0004431873, -0.00034744095, -0.00013506404, 0.0001156565, 0.00025101742, 0.00052694086, 0.0007936668, 0.0010488223, 0.0011751481, 0.0014354527, 0.00171579, 0.0018645499, 0.0021737283, 0.0024825581, 0.0027699932, 0.0029001182, 0.0031289908, 0.003319026, 0.003403202, 0.0035581049, 0.0037042676, 0.0037752897, 0.0039100545, 0.0040261536, 0.0041102716, 0.004137019, 0.0041573853, 0.004137553, 0.0041155363, 0.0040572523, 0.003992086, 0.0039303373, 0.0039019291, 0.003847306, 0.0037886156, 0.0037546442, 0.0036725572, 0.0035719825, 0.003458914, 0.0034014184, 0.0032932658, 0.0032039962, 0.0031686518, 0.0031165474, 0.003083747, 0.003071502, 0.0030489247, 0.0030226253, 0.002991702, 0.002976273, 0.0029523976, 0.0029504127, 0.0029617348, 0.0030155263, 0.0031136882, 0.0032520937, 0.0033334221, 0.0035115979, 0.0037014955, 0.0037980387, 0.0039932677, 0.004194009, 0.004298718, 0.004521781, 0.0047673527, 0.005037107, 0.0051795444, 0.0054739905, 0.005771398, 0.005917668, 0.006200235, 0.0064665205, 0.006717968, 0.00683995, 0.007081568, 0.0073256935, 0.0074505378, 0.007706903, 0.007968788, 0.008099591, 0.008354462, 0.008590298, 0.008797324, 0.008887485, 0.009038482, 0.00914926, 0.009189303, 0.009239992, 0.0092522735, 0.009227445, 0.009201378, 0.0091225, 0.009008243, 0.008938217, 0.0087731825, 0.008575578, 0.008464924, 0.008220357, 0.0079433685, 0.007632647, 0.007464101, 0.0070990976, 0.0066960594, 0.0064801327, 0.006019343, 0.0055208155, 0.004984949, 0.00470276, 0.004109038, 0.0034788353, 0.0031565484, 0.0025478331, 0.0021563352
0, 0, 0, 0, 0, 0, 0, 0, 0, 0, 0, 0, 0, 0, 0, 0, 0, 0, 0, 0, 0, 0, 0, 0, 0, 0, 0, 0, 0, 0, 0, 0, 0, 0, -0.0010008682, -0.0008947688, -0.00070491683, -0.0005622487, -0.0004960143, -0.00034623907, -0.00015625352, -4.6826426e-05, 0.00018925797, 0.00043185498, 0.0006699558, 0.0007878669, 0.0010270886, 0.0012837637, 0.0014214376, 0.0017154999, 0.0020251481, 0.0023308415, 0.002475503, 0.0027385138, 0.0029624512, 0.0030608892, 0.0032390438, 0.0034044473, 0.0034862491, 0.0036509566, 0.0038126777, 0.003959879, 0.004023386, 0.0041225185, 0.004179785, 0.004193023, 0.0041947532, 0.004175088, 0.0041483077, 0.004135419, 0.0041125175, 0.0040905727, 0.004077301, 0.0040394817, 0.003980642, 0.00389947, 0.0038525185, 0.0037536384, 0.0036602237, 0.003619724, 0.003556426, 0.0035168582, 0.0035044218, 0.0034874706, 0.0034710965, 0.003446037, 0.0034289195, 0.0033873725, 0.0033440103, 0.003325305, 0.0033030182, 0.0033097095, 0.0033509885, 0.0033845142, 0.0034729454, 0.0035831807, 0.0036436573, 0.0037712639, 0.0039062432, 0.003977133, 0.00412854, 0.0042969375, 0.004484952, 0.004585901, 0.004797875, 0.005015934, 0.005124147, 0.005333627, 0.005529501, 0.005710989, 0.005797482, 0.0059652883, 0.0061314576, 0.0062157647, 0.0063887625, 0.0065672356, 0.006657699, 0.0068372576, 0.007009674, 0.007168916, 0.007242266, 0.007374328, 0.007485728, 0.007533186, 0.0076096193, 0.0076591414, 0.007677164, 0.0076729856, 0.007636147, 0.0075598694, 0.007506921, 0.007373155, 0.007205414, 0.007110196, 0.006900114, 0.0066661476, 0.006408795, 0.0062710755, 0.005975598, 0.005650851, 0.005476593, 0.0051027597, 0.0046938313, 0.0042486386, 0.0040118494, 0.0035087804, 0.0029684885, 0.002689638, 0.0021586914, 0.0018115072
0, 0, 0, 0, 0, 0, 0, 0, 0, 0, 0, 0, 0, 0, 0, 0, 0, 0, 0, 0, 0, 0, 0, 0, 0, 0, 0, 0, 0, 0, 0, 0, 0, -0.0011058373, -0.00089088985, -0.000794316, -0.000660278, -0.00057644857, -0.0005402499, -0.000456926, -0.00033776285, -0.00026223625, -8.335703e-05, 0.0001195613, 0.00033194243, 0.00043931176, 0.0006583924, 0.00089076406, 0.001015543, 0.0012851722, 0.0015794117, 0.0018860409, 0.0020382165, 0.0023281067, 0.0025889992, 0.0027072958, 0.0029231, 0.0031212072, 0.0032181297, 0.0034146802, 0.0036165281, 0.0038177238, 0.0039138827, 0.004087883, 0.004227865, 0.0042827013, 0.0043636346, 0.00441343, 0.004444534, 0.0044569904, 0.004481396, 0.004506613, 0.004517943, 0.0045323996, 0.004527444, 0.0044955257, 0.0044692527, 0.004400338, 0.004319836, 0.00428, 0.004209784, 0.0041588144, 0.0041414057, 0.004119615, 0.0041062995, 0.0040894374, 0.0040763686, 0.004037672, 0.0039823414, 0.003950658, 0.0038851663, 0.0038265926, 0.0037853022, 0.0037731547, 0.003766542, 0.0037813163, 0.0037950564, 0.003831329, 0.0038756323, 0.00390005, 0.003953987, 0.004017495, 0.0040939306, 0.0041376785, 0.00423598, 0.0043462254, 0.004404271, 0.004522372, 0.0046392865, 0.0047518048, 0.0048061144, 0.004910778, 0.0050106845, 0.005059139, 0.005152978, 0.0052425037, 0.0052853134, 0.0053668004, 0.0054427707, 0.0055140625, 0.0055486215, 0.005616869, 0.0056853397, 0.0057194754, 0.005785132, 0.005842108, 0.005882006, 0.0058927326, 0.005891073, 0.005854524, 0.0058226, 0.0057323594, 0.005610594, 0.005539682, 0.0053812894, 0.005204247, 0.0050099785, 0.0049059573, 0.0046823984, 0.004434713, 0.0043008053, 0.004011277, 0.0036912765, 0.0033398492, 0.00315194, 0.0027505816, 0.0023157585, 0.0020896574, 0.0016542029, 0.0013611877
0, 0, 0, 0, 0, 0, 0, 0, 0, 0, 0, 0, 0, 0, 0, 0, 0, 0, 0, 0, 0, 0, 0, 0, 0, 0, 0, 0, 0, 0, 0, 0, 0, -0.0007068542, -0.00061316247, -0.00055745215, -0.00047655165, -0.00043529161, -0.0004221691, -0.00039313512, -0.00033953262, -0.0002982313, -0.0001832733, -3.2338754e-05, 0.00014234401, 0.00023494672, 0.00042647467, 0.00062907586, 0.0007365737, 0.00096950616, 0.001229196, 0.0015136603, 0.0016616866, 0.0019604033, 0.0022503445, 0.0023883907, 0.0026488097, 0.002891053, 0.0030080224, 0.003241141, 0.0034782782, 0.0037199196, 0.0038401324, 0.0040722447, 0.00428289, 0.004376938, 0.0045400304, 0.0046711555, 0.004777562, 0.004824698, 0.004912655, 0.0049963635, 0.0050366158, 0.005110777, 0.0051682265, 0.005199609, 0.0052036787, 0.005188352, 0.0051471335, 0.005120179, 0.005061675, 0.005007091, 0.004984002, 0.0049477583, 0.004922067, 0.0048987716, 0.0048849587, 0.0048479843, 0.0047943816, 0.0047611916, 0.004683713, 0.004597192, 0.0045088856, 0.004466156, 0.004386668, 0.004316288, 0.0042844512, 0.00422555, 0.0041702646, 0.0041432683, 0.004090441, 0.0040398827, 0.0039951475, 0.003976176, 0.0039472287, 0.0039322926, 0.003930383, 0.0039369795, 0.0039557726, 0.0039838334, 0.0040004086, 0.004035941, 0.0040710005, 0.004086899, 0.004112497, 0.004126807, 0.0041291523, 0.0041241725, 0.004109286, 0.0040896754, 0.0040802197, 0.004066301, 0.0040634456, 0.004066734, 0.0040820898, 0.0041044955, 0.004125783, 0.004133086, 0.0041357256, 0.0041172802, 0.0040994072, 0.004046058, 0.003971925, 0.003928244, 0.003830018, 0.003718762, 0.003594056, 0.0035257835, 0.0033750758, 0.0032022535, 0.0031066851, 0.0028964547, 0.0026611323, 0.0024010024, 0.0022617949, 0.0019637623, 0.0016385802, 0.0014675895, 0.0011311965, 0.00089187466
0, 0, 0, 0, 0, 0, 0, 0, 0, 0, 0, 0, 0, 0, 0, 0, 0, 0, 0, 0, 0, 0, 0, 0, 0, 0, 0, 0, 0, 0, 0, 0, -0.000189552, -0.00031140877, -0.0002720306, -0.0002381518, -0.0001836645, -0.00015844853, -0.00015501234, -0.00015466932, -0.00014433183, -0.00012892735, -6.8092675e-05, 3.3956556e-05, 0.00016966824, 0.00024587815, 0.00040853207, 0.0005802252, 0.0006698448, 0.00086064293, 0.0010744712, 0.0013171986, 0.0014496366, 0.0017326502, 0.0020306981, 0.0021808953, 0.0024769686, 0.0027615181, 0.0028992158, 0.0031685305, 0.0034347211, 0.0037024373, 0.0038369263, 0.0041045276, 0.0043640696, 0.004488105, 0.0047201766, 0.004928329, 0.005112804, 0.005197257, 0.0053545632, 0.00550087, 0.005570966, 0.0057041273, 0.005823625, 0.005922604, 0.0059620687, 0.0060176575, 0.0060412954, 0.0060417885, 0.006024739, 0.005991302, 0.005971304, 0.0059292167, 0.0058874297, 0.00584577, 0.005824051, 0.005775824, 0.0057175024, 0.0056835036, 0.005604698, 0.0055113803, 0.0054050516, 0.005347712, 0.0052264365, 0.0050981496, 0.005031932, 0.0048961947, 0.004756244, 0.0046849176, 0.004539876, 0.004392651, 0.0042449185, 0.0041718697, 0.0040296614, 0.0038958061, 0.0038331426, 0.0037181762, 0.0036187095, 0.003535135, 0.0034990388, 0.0034365526, 0.0033838917, 0.0033594822, 0.0033102962, 0.0032557554, 0.0032249885, 0.0031550238, 0.0030749883, 0.0029883808, 0.0029446844, 0.0028604786, 0.0027855842, 0.0027529567, 0.0026984115, 0.0026568181, 0.0026238505, 0.0026090026, 0.0025791011, 0.0025456615, 0.002527057, 0.0024860795, 0.00244083, 0.0024169842, 0.0023668916, 0.0023120823, 0.002248904, 0.0022127074, 0.0021280402, 0.0020241807, 0.001964514, 0.0018299747, 0.0016766861, 0.0015068579, 0.0014159475, 0.0012205142, 0.0010032005, 0.0008856763, 0.00064395374, 0.00045361402
0, 0, 0, 0, 0, 0, 0, 0, 0, 0, 0, 0, 0, 0, 0, 0, 0, 0, 0, 0, 0, 0, 0, 0, 0, 0, 0, 0, 0, 0, 0.00063847494, 0.00042543464, 0.00029090352, 0.0003203425, 0.0003919636, 0.0004300672, 0.0005002677, 0.00055249495, 0.0005698946, 0.000587319, 0.0005905181, 0.00059239485, 0.00060971925, 0.00065827585, 0.00074449886, 0.0008003755, 0.0009295858, 0.0010709375, 0.001142411, 0.001284848, 0.0014305599, 0.0015911998, 0.0016817591, 0.001889598, 0.0021371774, 0.002275114, 0.002571276, 0.0028814967, 0.0030373153, 0.0033434054, 0.0036387169, 0.0039258166, 0.0040685646, 0.0043574637, 0.004655593, 0.004808512, 0.0051191603, 0.0054295845, 0.00572889, 0.005871687, 0.0061395452, 0.006383318, 0.0064972434, 0.0067120073, 0.006914581, 0.007109065, 0.007203512, 0.007385094, 0.007550812, 0.0076250187, 0.00775007, 0.0078388015, 0.007868378, 0.007898625, 0.007894148, 0.0078620035, 0.007837656, 0.007776903, 0.007703229, 0.007662153, 0.007570672, 0.0074642836, 0.0073400955, 0.007270354, 0.0071147135, 0.0069373953, 0.0068408665, 0.0066339145, 0.0064120647, 0.006297034, 0.0060605207, 0.005817696, 0.005568173, 0.0054403837, 0.0051771603, 0.004901814, 0.0047593676, 0.0044652927, 0.0041615604, 0.0038531306, 0.0036992633, 0.0033972615, 0.0031087473, 0.002971559, 0.0027139613, 0.0024795008, 0.0023707673, 0.0021686826, 0.0019825555, 0.0018068809, 0.0017215274, 0.001553332, 0.0013865883, 0.001303517, 0.0011387595, 0.0009780325, 0.0008247193, 0.0007520136, 0.00061678304, 0.0004979773, 0.00044553375, 0.00035576028, 0.0002858794, 0.00025800805, 0.00021470017, 0.00018451306, 0.00016278008, 0.00015367215, 0.0001366387, 0.00011953307, 0.00011062839, 9.218303e-05, 7.330619e-05, 5.4084394e-05, 4.349465e-05, 1.637334e-05, -2.7900722e-05, -6.085142e-05, -0.00015501716, -0.00027252198
0, 0, 0, 0, 0, 0, 0, 0, 0, 0, 0, 0, 0, 0, 0, 0, 0, 0, 0, 0, 0, 0, 0, 0, 0, 0, 0, 0, 0, 0, 0.00046760502, 0.00046405938, 0.00051552244, 0.00061430415, 0.00071811874, 0.000767509, 0.0008571717, 0.00093224214, 0.0009622859, 0.0010057827, 0.0010296324, 0.0010374433, 0.0010570182, 0.0010957273, 0.0011655332, 0.0012132108, 0.0013293162, 0.0014628117, 0.0015318298, 0.001669663, 0.0018059429, 0.0019475712, 0.0020241833, 0.0021979476, 0.002406698, 0.0025251703, 0.0027879153, 0.0030744334, 0.003222509, 0.0035199593, 0.003812562, 0.004098931, 0.0042414246, 0.004530381, 0.0048310603, 0.0049871895, 0.005310454, 0.0056419424, 0.005970063, 0.006128995, 0.0064304126, 0.0067058406, 0.0068337955, 0.007072906, 0.0072963056, 0.007512018, 0.0076186038, 0.007830315, 0.0080366125, 0.008135187, 0.0083167665, 0.008468815, 0.008531218, 0.008625879, 0.008679904, 0.008696794, 0.008693074, 0.008665544, 0.008614978, 0.008582061, 0.00850121, 0.008399416, 0.008275058, 0.008204032, 0.008044256, 0.007861458, 0.0077620773, 0.0075489352, 0.007319335, 0.007199564, 0.0069516613, 0.006694428, 0.006428572, 0.006291847, 0.0060094944, 0.0057130414, 0.00555874, 0.0052367616, 0.004897367, 0.004542626, 0.004360916, 0.0039932257, 0.0036267233, 0.0034467578, 0.0030986967, 0.002772154, 0.0026186265, 0.0023318245, 0.002070998, 0.0018321499, 0.001719226, 0.0015028652, 0.0012949351, 0.0011930413, 0.000992678, 0.0007976654, 0.00061060715, 0.0005212117, 0.00035270792, 0.00020091429, 0.00013194529, 8.32071e-06, -9.615126e-05, -0.00014138891, -0.000218716, -0.0002793973, -0.00032479246, -0.0003422194, -0.00036721537, -0.0003800342, -0.0003823885, -0.0003799977, -0.000370056, -0.00035586374, -0.00034871208, -0.0003390504, -0.00034544995, -0.00035958062, -0.00042061295, -0.0005236368
0, 0, 0, 0, 0, 0, 0, 0, 0, 0, 0, 0, 0, 0, 0, 0, 0, 0, 0, 0, 0, 0, 0, 0, 0, 0, 0, 0, 0, 0.00080066576, 0.00060181355, 0.0006271009, 0.00076617603, 0.0009259545, 0.001067439, 0.00113001, 0.0012428763, 0.0013420822, 0.0013857494, 0.0014587714, 0.0015111591, 0.0015306366, 0.0015628722, 0.0015987514, 0.0016523078, 0.0016886067, 0.0017815311, 0.0018961141, 0.0019582815, 0.0020879216, 0.0022184695, 0.002350953, 0.0024199302, 0.0025695278, 0.0027429373, 0.002840723, 0.0030597332, 0.003305723, 0.0034367028, 0.0037074909, 0.0039838175, 0.0042614657, 0.0044010268, 0.004684854, 0.0049798717, 0.0051330463, 0.0054515023, 0.0057822657, 0.006116468, 0.0062812385, 0.0066001583, 0.0068982863, 0.0070384024, 0.007301253, 0.00754563, 0.0077779796, 0.00789165, 0.008116371, 0.008337272, 0.0084450925, 0.008651541, 0.008839335, 0.008923834, 0.009070254, 0.009183428, 0.009261758, 0.009288247, 0.009317244, 0.009315939, 0.0093041975, 0.009259226, 0.009185345, 0.009082643, 0.009020723, 0.008876998, 0.008708535, 0.00861579, 0.008414505, 0.008193788, 0.0080767255, 0.0078299185, 0.0075675636, 0.0072916467, 0.007149068, 0.006856026, 0.0065530315, 0.006397548, 0.0060784067, 0.0057464307, 0.0053998246, 0.0052208425, 0.00485207, 0.004471711, 0.004279043, 0.0038928762, 0.0035130328, 0.003328068, 0.0029718126, 0.0026374983, 0.0023263043, 0.0021789218, 0.0018988505, 0.0016361336, 0.0015103434, 0.0012693042, 0.0010419271, 0.00082942157, 0.0007291866, 0.00054108363, 0.00036961376, 0.0002898706, 0.00014102714, 5.601878e-06, -5.7292054e-05, -0.00017307975, -0.00027379594, -0.00035722487, -0.00039159763, -0.00044463694, -0.0004771379, -0.00048627035, -0.0004926797, -0.0004878073, -0.00047748254, -0.00047238191, -0.00046711095, -0.00047698553, -0.00049214106, -0.0005543461, -0.00066247286
0, 0, 0, 0, 0, 0, 0, 0, 0, 0, 0, 0, 0, 0, 0, 0, 0, 0, 0, 0, 0, 0, 0, 0, 0, 0, 0, 0, 0.0006545493, 0.0006843763, 0.0007617574, 0.0008419624, 0.0010441813, 0.0012468759, 0.0014225587, 0.001499538, 0.0016387295, 0.0017638083, 0.0018223583, 0.0019293511, 0.0020185555, 0.00205557, 0.00211476, 0.002160981, 0.0022057975, 0.0022315187, 0.0022961043, 0.0023797823, 0.0024287214, 0.0025373101, 0.002655057, 0.0027782908, 0.0028416705, 0.0029741682, 0.0031189213, 0.0031979072, 0.0033722827, 0.003570154, 0.0036774352, 0.0039069327, 0.004151747, 0.0044074673, 0.004538513, 0.0048064184, 0.0050840066, 0.0052268887, 0.0055218693, 0.0058280216, 0.006141431, 0.0062993965, 0.006613214, 0.0069188867, 0.0070672785, 0.00735249, 0.007621729, 0.007875758, 0.007997676, 0.00823212, 0.008454652, 0.00856167, 0.008766768, 0.008959176, 0.00905022, 0.009219952, 0.009370735, 0.009498903, 0.009553245, 0.009640451, 0.009696456, 0.009712032, 0.009717985, 0.009690265, 0.009630418, 0.009589243, 0.009486376, 0.009358336, 0.00928531, 0.009121588, 0.008933482, 0.008829786, 0.008602689, 0.008349968, 0.008074668, 0.007930423, 0.007633022, 0.0073293173, 0.007176619, 0.0068713697, 0.006564992, 0.006253802, 0.006094759, 0.0057662004, 0.0054209335, 0.0052417675, 0.0048719486, 0.004491665, 0.004299911, 0.0039180415, 0.0035442146, 0.0031835025, 0.0030090285, 0.0026730646, 0.0023550869, 0.002202999, 0.0019138878, 0.0016456845, 0.0014001166, 0.001286085, 0.001074849, 0.00088359904, 0.0007941441, 0.0006248424, 0.00046499717, 0.00038791852, 0.00024012326, 0.00010320936, -1.8292276e-05, -7.160196e-05, -0.00016128241, -0.00022771768, -0.00025282084, -0.0002897709, -0.0003153962, -0.0003373835, -0.00034936317, -0.000379383, -0.0004244634, -0.0004561398, -0.0005473273, -0.000676561
0, 0, 0, 0, 0, 0, 0, 0, 0, 0, 0, 0, 0, 0, 0, 0, 0, 0, 0, 0, 0, 0, 0, 0, 0, 0, 0, 0.0005537189, 0.0005536198, 0.00067777827, 0.0009010898, 0.0010279168, 0.0012845283, 0.0015204462, 0.001724046, 0.0018146357, 0.001980009, 0.0021334272, 0.0022079416, 0.0023523078, 0.0024855144, 0.0025453842, 0.0026472507, 0.002723424, 0.0027794642, 0.002803234, 0.00285056, 0.0029064547, 0.0029404506, 0.0030217203, 0.003119229, 0.003228333, 0.0032855012, 0.0034035803, 0.0035259146, 0.003589503, 0.0037245355, 0.003874324, 0.003956179, 0.0041350764, 0.0043347627, 0.0045528254, 0.004667407, 0.004904973, 0.005150453, 0.005275554, 0.005529972, 0.0057902914, 0.006058126, 0.006195355, 0.0064764447, 0.00676487, 0.0069106645, 0.007202704, 0.0074895085, 0.007764442, 0.007895637, 0.0081428, 0.008367969, 0.008472567, 0.008667629, 0.008848322, 0.008934936, 0.00910275, 0.009264042, 0.0094162235, 0.009487078, 0.009613697, 0.009714072, 0.009752575, 0.0098047275, 0.0098234285, 0.009811661, 0.0097957915, 0.009746531, 0.009676124, 0.009633078, 0.009529823, 0.009399801, 0.00932305, 0.009143575, 0.008928162, 0.008679616, 0.008545326, 0.0082631, 0.007972097, 0.007826425, 0.007538424, 0.0072567486, 0.006978318, 0.0068384535, 0.0065526804, 0.0062526814, 0.0060958643, 0.005768121, 0.005423394, 0.0052462914, 0.0048862672, 0.00452323, 0.0041616345, 0.003982432, 0.003628914, 0.003283585, 0.0031149893, 0.00278865, 0.0024802657, 0.0021948002, 0.0020615584, 0.0018149329, 0.0015925816, 0.0014890551, 0.0012936421, 0.0011087757, 0.0010190397, 0.00084435515, 0.0006775111, 0.00052286725, 0.00045183377, 0.00032501324, 0.00022014994, 0.00017547575, 9.847793e-05, 3.1463725e-05, -3.4189958e-05, -6.892148e-05, -0.00014607135, -0.00023897282, -0.0002939193, -0.00042709053, -0.0005844493
0, 0, 0, 0, 0, 0, 0, 0, 0, 0, 0, 0, 0, 0, 0, 0, 0, 0, 0, 0, 0, 0, 0, 0, 0, 0, 0, 0.0005857127, 0.00059083954, 0.0007548962, 0.0010203746, 0.0011636791, 0.0014438082, 0.0016983617, 0.0019213051, 0.0020223467, 0.0022104662, 0.0023894918, 0.0024786724, 0.0026572186, 0.0028325985, 0.0029159463, 0.0030668422, 0.0031885447, 0.003277819, 0.00331207, 0.0033670266, 0.0034157669, 0.0034421308, 0.0035053215, 0.003584931, 0.003679284, 0.0037300503, 0.0038346625, 0.003939444, 0.0039911275, 0.004094724, 0.004202955, 0.0042609414, 0.004389437, 0.0045381985, 0.004708404, 0.004800333, 0.004995032, 0.0051975236, 0.0052998806, 0.0055044545, 0.0057088644, 0.0059168804, 0.006024358, 0.006249776, 0.0064924145, 0.0066207093, 0.006889001, 0.007166425, 0.007442656, 0.0075765466, 0.007829979, 0.0080586905, 0.008163004, 0.008353037, 0.008524162, 0.008605078, 0.0087625915, 0.008917897, 0.009071449, 0.009146269, 0.009286639, 0.009407743, 0.009458543, 0.009538138, 0.009588304, 0.0096126925, 0.009617062, 0.009613747, 0.00959669, 0.009583129, 0.009543582, 0.009481555, 0.009439676, 0.00932943, 0.009180183, 0.008992359, 0.008885658, 0.008652538, 0.008402455, 0.008274285, 0.008016549, 0.0077602263, 0.0075047994, 0.00737636, 0.0071147964, 0.0068427552, 0.0067017875, 0.0064099506, 0.0061066756, 0.005951969, 0.0056386706, 0.0053222706, 0.005003409, 0.004842803, 0.004518333, 0.004189309, 0.0040236018, 0.003692071, 0.0033658221, 0.0030525213, 0.002902828, 0.0026207187, 0.002362451, 0.0022416387, 0.0020138472, 0.0017994768, 0.0016957541, 0.001493331, 0.0012976184, 0.0011114563, 0.0010234368, 0.00086033467, 0.0007163119, 0.00065140554, 0.0005330707, 0.00042430856, 0.0003167303, 0.00026079695, 0.00014069944, 4.1204444e-06, -7.266303e-05, -0.00024611593, -0.00042930027
0, 0, 0, 0, 0, 0, 0, 0, 0, 0, 0, 0, 0, 0, 0, 0, 0, 0, 0, 0, 0, 0, 0, 0, 0, 0, 0.0010539298, 0.0007138588, 0.00070724724, 0.0008624907, 0.0011164601, 0.001254225, 0.0015282276, 0.0017846078, 0.0020175187, 0.002125903, 0.002331261, 0.0025299103, 0.00262929, 0.0028311736, 0.0030349034, 0.003135015, 0.0033240954, 0.0034884643, 0.0036197496, 0.0036728156, 0.003757555, 0.0038244962, 0.0038554613, 0.0039204154, 0.0039953487, 0.0040814104, 0.004127374, 0.0042210934, 0.0043116985, 0.00435435, 0.004434901, 0.0045124246, 0.004552141, 0.004639055, 0.0047418866, 0.0048643164, 0.004932592, 0.005080466, 0.0052371253, 0.005316257, 0.005472929, 0.0056251306, 0.005776279, 0.0058535947, 0.006016219, 0.0061964514, 0.006294832, 0.006508001, 0.0067399424, 0.0069812904, 0.007102121, 0.00733719, 0.0075559863, 0.00765766, 0.007844926, 0.008013968, 0.008093225, 0.008245483, 0.008393133, 0.008538443, 0.008609483, 0.00874499, 0.008865845, 0.008918775, 0.009006621, 0.009070905, 0.009114442, 0.00913025, 0.009153654, 0.009169065, 0.0091742445, 0.009177714, 0.009167583, 0.009155126, 0.00911069, 0.009035353, 0.008927011, 0.008860575, 0.008706316, 0.0085284645, 0.00843252, 0.008229971, 0.0080149835, 0.0077886595, 0.007671045, 0.007426659, 0.007170362, 0.0070384396, 0.0067694746, 0.0064977985, 0.0063625784, 0.00609515, 0.00583186, 0.0055698175, 0.0054376223, 0.0051669357, 0.0048843026, 0.00473783, 0.0044352286, 0.0041243695, 0.0038131764, 0.0036601957, 0.003364288, 0.003085502, 0.0029530097, 0.0027002255, 0.0024602541, 0.002343589, 0.0021146573, 0.0018908482, 0.0016739758, 0.0015691712, 0.0013695844, 0.0011862197, 0.0011008017, 0.0009412662, 0.0007922851, 0.0006466503, 0.0005726431, 0.0004174788, 0.00024613805, 0.000152041, -5.379637e-05, -0.00025637177
0, 0, 0, 0, 0, 0, 0, 0, 0, 0, 0, 0, 0, 0, 0, 0, 0, 0, 0, 0, 0, 0, 0, 0, 0, 0, 0.00062452705, 0.0006692725, 0.0007365457, 0.00093751715, 0.0011835346, 0.0013124307, 0.0015710746, 0.0018222684, 0.002060795, 0.0021752003, 0.0023951267, 0.0026091763, 0.0027152202, 0.0029281257, 0.0031412388, 0.0032465558, 0.0034503657, 0.0036370612, 0.003799087, 0.0038695396, 0.0039904974, 0.004090247, 0.0041348664, 0.0042203087, 0.004305462, 0.00439323, 0.004437733, 0.004524679, 0.004604891, 0.0046415734, 0.0047070887, 0.00476561, 0.0047940332, 0.0048539876, 0.0049240515, 0.0050083944, 0.005056193, 0.00516197, 0.0052765673, 0.0053352183, 0.0054516974, 0.00556408, 0.005673002, 0.005727109, 0.005838348, 0.005959133, 0.0060248803, 0.0061690267, 0.0063298703, 0.0065041087, 0.0065943794, 0.006777289, 0.0069583463, 0.007046673, 0.007217292, 0.007378964, 0.0074565965, 0.0076056756, 0.0077476455, 0.0078826165, 0.007947158, 0.008068989, 0.008177987, 0.008226829, 0.008311786, 0.008379465, 0.008431794, 0.008453208, 0.008488598, 0.008516498, 0.008527997, 0.008546156, 0.008556118, 0.008557159, 0.008549205, 0.008524985, 0.00848204, 0.008453089, 0.008379802, 0.008285442, 0.0082302075, 0.008102975, 0.007952337, 0.007777631, 0.007681391, 0.0074726674, 0.0072460603, 0.0071279644, 0.0068869977, 0.006646142, 0.0065278085, 0.006297297, 0.0060750693, 0.005857709, 0.005748721, 0.00552585, 0.005291075, 0.005167865, 0.004909437, 0.004637146, 0.004356917, 0.004216254, 0.003937948, 0.0036677243, 0.0035364004, 0.0032809216, 0.0030328084, 0.002910388, 0.0026669549, 0.002424644, 0.0021847195, 0.0020665482, 0.0018363941, 0.0016176979, 0.0015133242, 0.0013145482, 0.001126485, 0.0009440187, 0.0008528677, 0.00066539674, 0.0004636142, 0.00035475902, 0.00012214434, -9.533698e-05
0, 0, 0, 0, 0, 0, 0, 0, 0, 0, 0, 0, 0, 0, 0, 0, 0, 0, 0, 0, 0, 0, 0, 0, 0, 0.0004974921, 0.0004845245, 0.00063830084, 0.00074617396, 0.0009838085, 0.0012295864, 0.0013529633, 0.0015995606, 0.0018458609, 0.0020903633, 0.0022110464, 0.0024481572, 0.0026781803, 0.0027905283, 0.0030094916, 0.0032207381, 0.0033231005, 0.0035210706, 0.0037071626, 0.003879236, 0.003959493, 0.004107578, 0.0042403135, 0.0043015876, 0.0044159247, 0.004521573, 0.004619622, 0.0046655918, 0.0047510643, 0.0048258696, 0.004859274, 0.004918103, 0.004969522, 0.0049939556, 0.005042545, 0.005095183, 0.0051549366, 0.0051877913, 0.0052592787, 0.005336723, 0.0053769876, 0.0054586977, 0.0055403, 0.0056205643, 0.005660094, 0.0057385177, 0.0058174357, 0.0058577647, 0.0059415596, 0.006031108, 0.006127617, 0.00617875, 0.006287061, 0.0064035812, 0.006464838, 0.0065925773, 0.006724777, 0.0067915088, 0.006923345, 0.0070498474, 0.0071674436, 0.007222201, 0.007323495, 0.0074136555, 0.007454984, 0.0075303125, 0.007596495, 0.0076535903, 0.007678874, 0.007721752, 0.007753923, 0.007765815, 0.007781237, 0.0077866595, 0.007786148, 0.0077800704, 0.007768781, 0.007753472, 0.0077441977, 0.007720949, 0.007688309, 0.0076668067, 0.0076098493, 0.0075300657, 0.0074239317, 0.00736066, 0.00721474, 0.007046753, 0.006956304, 0.006766835, 0.0065721315, 0.0064744246, 0.006280564, 0.006089428, 0.0058995127, 0.005803923, 0.005609076, 0.0054061436, 0.005300732, 0.00508193, 0.004852997, 0.0046171285, 0.0044977334, 0.0042581744, 0.0040196474, 0.003901157, 0.0036653925, 0.0034299404, 0.0033116292, 0.0030728576, 0.0028304812, 0.0025855266, 0.0024628423, 0.0022190383, 0.001980176, 0.0018634073, 0.0016359518, 0.0014160099, 0.0012007173, 0.0010934168, 0.0008750148, 0.00064419163, 0.00052160484, 0.00026491398, 3.4222852e-05
0, 0, 0, 0, 0, 0, 0, 0, 0, 0, 0, 0, 0, 0, 0, 0, 0, 0, 0, 0, 0, 0, 0, 0, 0.00030851335, 0.0003694636, 0.0004813019, 0.0006742607, 0.00078922405, 0.001028495, 0.0012649914, 0.0013817142, 0.0016155719, 0.0018552241, 0.0021023978, 0.002228363, 0.002481213, 0.0027297337, 0.0028499174, 0.003079541, 0.0032922083, 0.0033921872, 0.0035815127, 0.0037597397, 0.003930768, 0.0040147067, 0.0041789585, 0.0043376507, 0.0044138986, 0.004558003, 0.0046884953, 0.004802863, 0.0048538097, 0.0049436106, 0.005019445, 0.005053056, 0.0051141884, 0.0051699374, 0.0051965467, 0.0052483953, 0.005298607, 0.0053474335, 0.005370911, 0.005416089, 0.005460276, 0.005482534, 0.00552886, 0.0055790623, 0.0056334385, 0.0056617577, 0.005718981, 0.00577344, 0.005798741, 0.0058437875, 0.00588142, 0.0059145107, 0.005930589, 0.005965879, 0.0060098707, 0.0060366835, 0.006100606, 0.006177748, 0.0062201605, 0.0063085943, 0.0063963733, 0.006477692, 0.0065149507, 0.006582378, 0.006642563, 0.0066710683, 0.0067270026, 0.0067828507, 0.0068378993, 0.0068640998, 0.00691068, 0.0069452506, 0.0069567584, 0.006967063, 0.0069613047, 0.0069536753, 0.0069321655, 0.006907425, 0.0068848995, 0.006875263, 0.0068594757, 0.0068456484, 0.006838036, 0.0068175364, 0.006785091, 0.006736216, 0.006704796, 0.006627497, 0.006531882, 0.00647775, 0.0063580633, 0.0062252367, 0.0061544175, 0.006004885, 0.005845745, 0.0056777867, 0.005591083, 0.00541304, 0.0052300184, 0.005137036, 0.0049488866, 0.0047582607, 0.0045654387, 0.0044680634, 0.0042711534, 0.0040706773, 0.003969013, 0.0037621043, 0.0035505083, 0.0034428164, 0.0032235805, 0.002999215, 0.0027703126, 0.002654482, 0.0024210229, 0.0021862348, 0.0020688293, 0.0018343331, 0.0016005917, 0.0013666023, 0.0012487905, 0.001008539, 0.00075626286, 0.0006237201, 0.0003496887, 0.00010954613
0, 0, 0, 0, 0, 0, 0, 0, 0, 0, 0, 0, 0, 0, 0, 0, 0, 0, 0, 0, 0, 0, 0, 0.00033521655, 0.0003097829, 0.00037622536, 0.00053624494, 0.0007398004, 0.0008494887, 0.0010711593, 0.0012880309, 0.0013946187, 0.0016089863, 0.0018324563, 0.0020703648, 0.0021951504, 0.0024532788, 0.0027143708, 0.0028425583, 0.0030885732, 0.0033144117, 0.0034191548, 0.0036143877, 0.0037963272, 0.003972818, 0.004060979, 0.0042397636, 0.004420777, 0.004510509, 0.004683351, 0.00484124, 0.0049779834, 0.005037866, 0.005141015, 0.0052272365, 0.005265787, 0.0053382847, 0.00540822, 0.0054426575, 0.005509753, 0.005571412, 0.005622899, 0.0056435787, 0.0056741103, 0.005692762, 0.0056989915, 0.0057098353, 0.005724265, 0.0057469425, 0.0057617496, 0.005796252, 0.005831943, 0.0058478694, 0.005871392, 0.0058801384, 0.005874693, 0.005867922, 0.005850442, 0.005834848, 0.005829956, 0.005828866, 0.005840308, 0.0058501773, 0.005875093, 0.0059020994, 0.005925964, 0.0059358026, 0.0059516234, 0.005965172, 0.005972667, 0.00599173, 0.0060185916, 0.0060528857, 0.006071362, 0.0061068544, 0.006134485, 0.0061431318, 0.006147596, 0.0061340723, 0.006121416, 0.0060869595, 0.0060459697, 0.0060044294, 0.005984885, 0.005949466, 0.0059187766, 0.0059047234, 0.0058777384, 0.0058499007, 0.005819358, 0.0058026765, 0.005765525, 0.005721504, 0.005696315, 0.0056372634, 0.005563276, 0.005519728, 0.0054177586, 0.0052959784, 0.0051564374, 0.005081525, 0.0049250214, 0.0047644344, 0.004684077, 0.004524926, 0.004368375, 0.004212554, 0.0041339747, 0.0039731036, 0.0038049992, 0.0037177296, 0.003537035, 0.00334952, 0.0032538774, 0.003059954, 0.002863662, 0.0026652296, 0.0025650638, 0.0023619689, 0.0021539817, 0.0020479239, 0.0018308988, 0.001607301, 0.0013771633, 0.0012594182, 0.0010171154, 0.000761637, 0.0006276019, 0.00035170699, 0.0001112805
0, 0, 0, 0, 0, 0, 0, 0, 0, 0, 0, 0, 0, 0, 0, 0, 0, 0, 0, 0, 0, 0, 0.0007691119, 0.00051522587, 0.00044369817, 0.00047780594, 0.000624215, 0.0008099236, 0.00090782973, 0.0011049784, 0.0012982031, 0.0013930558, 0.0015828998, 0.001780634, 0.0019948184, 0.0021096813, 0.0023543998, 0.0026128455, 0.0027437268, 0.0030025602, 0.003248175, 0.0033642643, 0.0035825083, 0.0037861234, 0.0039829724, 0.0040809787, 0.0042804508, 0.004484408, 0.0045870882, 0.004788245, 0.0049763555, 0.005142893, 0.0052168407, 0.0053457413, 0.005454908, 0.00550425, 0.0055976855, 0.005689527, 0.005735431, 0.005825728, 0.005908816, 0.0059769526, 0.0060030282, 0.00603704, 0.0060478803, 0.006045976, 0.0060334485, 0.0060175727, 0.0060073966, 0.006006199, 0.006011441, 0.006023227, 0.0060290243, 0.006034618, 0.0060262713, 0.006000583, 0.0059815487, 0.0059345984, 0.005881296, 0.0058544287, 0.0058035864, 0.0057584425, 0.005737974, 0.0056996336, 0.005661574, 0.0056204116, 0.0055982806, 0.0055519105, 0.0055057667, 0.0054843496, 0.005447942, 0.0054230797, 0.005409849, 0.005406787, 0.005404446, 0.00540187, 0.005398507, 0.0053846096, 0.005359195, 0.0053421464, 0.005300586, 0.005251656, 0.0051981304, 0.005170335, 0.0051132482, 0.005054602, 0.0050248606, 0.004965239, 0.0049071447, 0.0048533008, 0.004828797, 0.0047853678, 0.0047483803, 0.0047313906, 0.004696449, 0.004654304, 0.004628277, 0.004562724, 0.0044771647, 0.004372508, 0.0043144594, 0.0041908226, 0.004062995, 0.003999174, 0.0038733366, 0.0037501066, 0.0036264085, 0.0035630204, 0.0034301807, 0.0032869256, 0.0032111034, 0.0030520083, 0.0028864685, 0.002802522, 0.0026349572, 0.0024695906, 0.0023064914, 0.0022250507, 0.0020604033, 0.0018902753, 0.0018021034, 0.0016182208, 0.0014234827, 0.0012182437, 0.0011117555, 0.0008903131, 0.0006545478, 0.00053008023, 0.00027172882, 4.2676875e-05
0, 0, 0, 0, 0, 0, 0, 0, 0, 0, 0, 0, 0, 0, 0, 0, 0, 0, 0, 0, 0, 0, 0.00043243918, 0.00045893333, 0.0004768642, 0.0005666542, 0.00070737634, 0.000872028, 0.0009586274, 0.0011344085, 0.0013089533, 0.0013949587, 0.001565159, 0.001738856, 0.00192456, 0.002024714, 0.0022417791, 0.0024805714, 0.0026061742, 0.002864194, 0.0031225178, 0.003249338, 0.003494598, 0.003728048, 0.0039534112, 0.0040647727, 0.0042885607, 0.004515216, 0.0046295677, 0.0048565394, 0.005074863, 0.005276131, 0.0053684623, 0.0055349953, 0.0056799613, 0.00574582, 0.005869674, 0.0059883515, 0.0060469774, 0.006162408, 0.0062710084, 0.0063653514, 0.006404344, 0.006462171, 0.0064909253, 0.0064949393, 0.0064865653, 0.006463667, 0.0064359964, 0.0064229094, 0.006401318, 0.006385233, 0.0063780565, 0.0063611837, 0.0063348557, 0.006294077, 0.0062676365, 0.006204049, 0.0061296206, 0.0060897553, 0.006007628, 0.005924218, 0.00588231, 0.005797156, 0.0057083224, 0.005614031, 0.005564673, 0.005462553, 0.005358655, 0.0053072264, 0.005208308, 0.0051177014, 0.0050369534, 0.0050002504, 0.0049332576, 0.004872376, 0.0048433035, 0.0047865584, 0.004729864, 0.004701323, 0.0046438733, 0.0045850934, 0.0045234463, 0.004490852, 0.0044203917, 0.0043414254, 0.0042985324, 0.004206917, 0.0041107945, 0.0040158452, 0.003970773, 0.003888499, 0.003818878, 0.0037887492, 0.0037354175, 0.0036866858, 0.003661835, 0.0036072275, 0.0035427122, 0.0034671118, 0.0034257108, 0.0033377674, 0.0032468257, 0.0032011408, 0.0031099156, 0.0030178125, 0.0029216798, 0.0028707334, 0.0027608012, 0.0026392713, 0.0025741751, 0.0024373897, 0.0022958403, 0.0022248873, 0.00208543, 0.0019509287, 0.0018209544, 0.001756745, 0.0016271562, 0.0014923994, 0.0014219017, 0.0012733332, 0.0011142781, 0.00094520755, 0.00085706415, 0.000672613, 0.00047383312, 0.00036725888, 0.00014096656, -6.851611e-05
0, 0, 0, 0, 0, 0, 0, 0, 0, 0, 0, 0, 0, 0, 0, 0, 0, 0, 0, 0, 0, 0.00014412074, 0.00023848534, 0.00038327646, 0.0004608936, 0.0006163591, 0.0007719416, 0.0009302341, 0.0010107431, 0.0011750333, 0.0013414744, 0.0014244382, 0.0015889959, 0.0017525807, 0.0019217812, 0.002010499, 0.0022016051, 0.002414478, 0.0025290635, 0.0027722307, 0.0030283714, 0.0031587442, 0.0034192156, 0.003674838, 0.0039241686, 0.004046904, 0.0042904974, 0.0045342916, 0.0046567447, 0.004902215, 0.005144815, 0.005377929, 0.005489223, 0.0056976, 0.0058856853, 0.0059725083, 0.0061333673, 0.006282069, 0.0063532884, 0.0064915, 0.0066230544, 0.0067440616, 0.0067988085, 0.006892105, 0.006960006, 0.006983623, 0.0070102746, 0.0070127295, 0.006997284, 0.006984859, 0.0069543994, 0.0069196965, 0.0069013136, 0.006861244, 0.0068142433, 0.0067567416, 0.006723252, 0.006646427, 0.006557515, 0.006509363, 0.0064072395, 0.0062994314, 0.0062438385, 0.0061290036, 0.006008504, 0.0058811973, 0.005814635, 0.0056760227, 0.0055312305, 0.0054571303, 0.005306862, 0.005156317, 0.0050080754, 0.004935314, 0.0047940193, 0.0046591777, 0.004594657, 0.004472073, 0.004359002, 0.0043062875, 0.0042083557, 0.0041189343, 0.0040345034, 0.003992692, 0.003906225, 0.0038123224, 0.0037614706, 0.0036511843, 0.0035311012, 0.0034055628, 0.0033425959, 0.0032201307, 0.0031066025, 0.003054272, 0.0029590216, 0.0028750126, 0.0028364742, 0.0027636944, 0.002694475, 0.0026266123, 0.0025928027, 0.0025255766, 0.0024590804, 0.0024259519, 0.0023590305, 0.002288827, 0.0022125563, 0.0021711371, 0.00208114, 0.0019816223, 0.0019287622, 0.0018189092, 0.0017071265, 0.0016516952, 0.0015435327, 0.0014394155, 0.0013381222, 0.0012876466, 0.0011846019, 0.0010761385, 0.0010191633, 0.00089963333, 0.0007732979, 0.0006409902, 0.0005725794, 0.00042972248, 0.0002736281, 0.00018777845, -1.9635352e-06, -0.00019030993
0, 0, 0, 0, 0, 0, 0, 0, 0, 0, 0, 0, 0, 0, 0, 0, 0, 0, 0, 0, 0, 9.4455136e-05, 0.00019678395, 0.00038413715, 0.00048387152, 0.00067362277, 0.0008446381, 0.0010040749, 0.0010826439, 0.0012425776, 0.0014083761, 0.0014930228, 0.0016646319, 0.0018362661, 0.0020088018, 0.0020964528, 0.002278309, 0.0024742694, 0.0025791144, 0.0028033676, 0.0030458802, 0.0031722123, 0.0034315793, 0.003694198, 0.0039549083, 0.0040836968, 0.004338421, 0.0045909723, 0.0047174217, 0.004971589, 0.0052274372, 0.005482668, 0.0056085233, 0.0058525624, 0.006081769, 0.0061892048, 0.006388988, 0.0065693944, 0.0066533824, 0.0068117343, 0.006960573, 0.0071014874, 0.0071686883, 0.007294853, 0.007404875, 0.0074524577, 0.0075293723, 0.0075799148, 0.007603432, 0.007605626, 0.0075930045, 0.0075621307, 0.007541237, 0.0074906163, 0.0074297744, 0.0073589473, 0.0073194928, 0.0072319875, 0.0071320524, 0.007077603, 0.0069605685, 0.006834519, 0.006768581, 0.006631942, 0.0064897244, 0.006341541, 0.00626508, 0.0061066034, 0.0059401332, 0.0058535305, 0.005673811, 0.0054858704, 0.00529106, 0.005191913, 0.0049918327, 0.0047922577, 0.004693818, 0.0045023067, 0.0043207975, 0.004234773, 0.0040733754, 0.0039261295, 0.0037914922, 0.0037278666, 0.0036050847, 0.0034844843, 0.0034236119, 0.003298268, 0.0031664958, 0.0030285304, 0.0029577615, 0.0028146612, 0.0026725435, 0.0026030438, 0.002469466, 0.002344983, 0.0022867983, 0.0021789258, 0.0020821579, 0.0019956187, 0.0019558028, 0.0018817891, 0.0018135369, 0.0017806955, 0.0017159859, 0.0016500466, 0.0015806877, 0.001544254, 0.0014682638, 0.0013890633, 0.0013487305, 0.0012679888, 0.0011885071, 0.0011495798, 0.0010732224, 0.0009977802, 0.00092108257, 0.00088139187, 0.0007980851, 0.0007087519, 0.0006619021, 0.00056484196, 0.00046536606, 0.00036461017, 0.00031355707, 0.00020780499, 8.9897636e-05, 2.262016e-05, -0.00013467524, -0.0003051565
0, 0, 0, 0, 0, 0, 0, 0, 0, 0, 0, 0, 0, 0, 0, 0, 0, 0, 0, 0, 0.00063813565, 0.0004281049, 0.00036126823, 0.00050328067, 0.00059648114, 0.00078496983, 0.00095806125, 0.001116846, 0.0011941802, 0.00134974, 0.0015141086, 0.0016006995, 0.0017817367, 0.0019695384, 0.0021598234, 0.0022550244, 0.002446503, 0.002642171, 0.002743428, 0.0029555329, 0.0031829984, 0.0033024573, 0.0035516974, 0.0038102074, 0.0040723775, 0.00420337, 0.0044632405, 0.0047199414, 0.0048477384, 0.0051042195, 0.005364232, 0.0056284335, 0.0057615796, 0.0060270852, 0.0062852423, 0.006409289, 0.00664301, 0.0068546077, 0.006951858, 0.0071314317, 0.0072954246, 0.0074490337, 0.0075234734, 0.007668104, 0.007805538, 0.007870399, 0.0079882, 0.008084574, 0.008153991, 0.008177435, 0.008201495, 0.008197181, 0.008185578, 0.008146623, 0.008090736, 0.008020889, 0.007981318, 0.007892425, 0.007789474, 0.007732309, 0.00760709, 0.007468057, 0.00739406, 0.0072389985, 0.007076624, 0.0069091786, 0.0068237795, 0.006649595, 0.006469542, 0.0063766707, 0.0061842026, 0.0059811343, 0.0057673147, 0.0056566778, 0.0054287543, 0.0051942146, 0.0050755213, 0.004837457, 0.004601493, 0.004485616, 0.004259874, 0.0040445975, 0.0038416826, 0.0037452348, 0.0035624122, 0.0033923052, 0.0033113633, 0.0031557702, 0.003005492, 0.0028571119, 0.002782706, 0.0026323604, 0.002479431, 0.0024022823, 0.002247812, 0.0020958127, 0.0020218599, 0.0018802946, 0.0017490289, 0.0016292065, 0.0015736199, 0.001470355, 0.0013758652, 0.0013312204, 0.0012458233, 0.0011643034, 0.001085774, 0.0010477095, 0.00097443117, 0.0009060124, 0.000873973, 0.00081415486, 0.0007590569, 0.0007327928, 0.0006809961, 0.000627844, 0.00057070685, 0.00053997716, 0.00047374633, 0.00040169136, 0.00036416753, 0.0002876534, 0.00021135449, 0.00013657528, 9.9326426e-05, 2.2156024e-05, -6.690288e-05, -0.000120184224, -0.00025293507, -0.00041040132
0, 0, 0, 0, 0, 0, 0, 0, 0, 0, 0, 0, 0, 0, 0, 0, 0, 0, 0, 0.00054061675, 0.00049932906, 0.0004769968, 0.00052944076, 0.00067927275, 0.00076935656, 0.00095346296, 0.0011267717, 0.0012855021, 0.0013611619, 0.001512193, 0.0016716261, 0.0017568783, 0.0019402546, 0.00213819, 0.0023445922, 0.002448817, 0.002656371, 0.002862222, 0.0029652056, 0.0031741671, 0.0033920642, 0.0035056914, 0.0037437736, 0.003995119, 0.004255616, 0.004387555, 0.0046514594, 0.004912732, 0.005042186, 0.00529933, 0.0055575105, 0.005819797, 0.0059529557, 0.0062225033, 0.006492321, 0.006625065, 0.0068813046, 0.0071189757, 0.0072292625, 0.0074322694, 0.0076139825, 0.0077796113, 0.007858055, 0.008009564, 0.008155532, 0.008226291, 0.008360613, 0.008480707, 0.008580319, 0.008620746, 0.008680625, 0.0087116975, 0.008716863, 0.008708214, 0.008677614, 0.008628463, 0.008597569, 0.0085232025, 0.008431324, 0.008378396, 0.008258002, 0.008118391, 0.008041949, 0.007877801, 0.0077015786, 0.0075172875, 0.00742321, 0.0072320085, 0.00703713, 0.0069380323, 0.006735697, 0.0065262266, 0.0063088643, 0.0061969236, 0.0059666266, 0.0057278937, 0.0056055435, 0.0053552845, 0.0050984873, 0.0049681873, 0.0047049, 0.004440902, 0.0041800733, 0.0040523647, 0.0038056532, 0.0035737718, 0.0034643477, 0.003258784, 0.0030696504, 0.0028934323, 0.0028087206, 0.0026431647, 0.0024791239, 0.0023967423, 0.0022306712, 0.0020634644, 0.0019801334, 0.0018161485, 0.0016581181, 0.001508191, 0.0014365986, 0.0013001899, 0.0011722943, 0.0011114421, 0.0009956681, 0.00088774384, 0.00078847783, 0.0007423311, 0.00065781316, 0.00058437523, 0.00055171043, 0.0004938381, 0.00044377282, 0.00042071802, 0.0003765357, 0.00033227433, 0.0002855078, 0.00026083222, 0.0002087167, 0.00015376211, 0.00012570732, 6.97202e-05, 1.4708223e-05, -3.9085746e-05, -6.616319e-05, -0.00012380288, -0.00019408106, -0.00023835264, -0.0003550481, -0.0005039714
0, 0, 0, 0, 0, 0, 0, 0, 0, 0, 0, 0, 0, 0, 0, 0, 0, 0, 0, 0.00029822643, 0.00039649944, 0.0004759653, 0.0006632521, 0.0008664501, 0.00096893864, 0.0011686425, 0.0013541728, 0.0015233317, 0.0016026171, 0.0017564216, 0.0019130098, 0.0019956233, 0.0021732016, 0.0023688583, 0.0025781353, 0.0026855003, 0.0029012733, 0.0031140882, 0.0032189752, 0.0034265867, 0.0036373294, 0.0037460132, 0.0039730673, 0.0042158263, 0.00447199, 0.0046036025, 0.0048695398, 0.0051343604, 0.0052649514, 0.005521487, 0.005773817, 0.006025531, 0.0061524357, 0.006409891, 0.006672169, 0.0068039685, 0.0070651127, 0.0073168054, 0.007436538, 0.0076608746, 0.0078628855, 0.008043765, 0.008127445, 0.008284066, 0.008429659, 0.0084990775, 0.008631127, 0.008752071, 0.008859089, 0.008906056, 0.008985262, 0.009042889, 0.009063369, 0.009087737, 0.009090863, 0.009074112, 0.0090585165, 0.00901259, 0.008946204, 0.008904835, 0.008805152, 0.008682607, 0.008613093, 0.008458832, 0.008287141, 0.0081020035, 0.008005494, 0.0078061866, 0.0076004406, 0.007495529, 0.0072820666, 0.0070642494, 0.0068426155, 0.0067305295, 0.006503701, 0.006273298, 0.006156269, 0.0059176325, 0.005670782, 0.005543526, 0.00528059, 0.005006604, 0.004724265, 0.0045813937, 0.004296433, 0.0040183174, 0.0038839448, 0.0036273284, 0.0033888335, 0.0031684106, 0.003064079, 0.0028646428, 0.0026736562, 0.002580145, 0.002395056, 0.0022116476, 0.0021206832, 0.001940994, 0.001765997, 0.0015972577, 0.0015155191, 0.0013573501, 0.0012065234, 0.0011339044, 0.0009945929, 0.00086378073, 0.00074269465, 0.0006860991, 0.00058151816, 0.00048880436, 0.00044671295, 0.0003704261, 0.00030312917, 0.00027219576, 0.00021448948, 0.00016111151, 0.000110733505, 8.659243e-05, 4.021663e-05, -3.4263333e-06, -2.4376977e-05, -6.491743e-05, -0.0001044513, -0.00014498639, -0.00016644917, -0.00021482845, -0.00027733203, -0.00031798257, -0.00042775928, -0.0005726123
0, 0, 0, 0, 0, 0, 0, 0, 0, 0, 0, 0, 0, 0, 0, 0, 0, 0, 0, 0.0004730853, 0.00053021015, 0.00062712486, 0.0008621242, 0.0011033523, 0.0012204024, 0.001445259, 0.0016553939, 0.0018488273, 0.0019393291, 0.002110713, 0.0022760904, 0.002359247, 0.0025328102, 0.0027190396, 0.0029182702, 0.0030216197, 0.0032307894, 0.0034386117, 0.0035408074, 0.0037414886, 0.0039413646, 0.004042952, 0.0042542038, 0.004480328, 0.0047223433, 0.0048480746, 0.0051053665, 0.005363506, 0.005490836, 0.0057393545, 0.005978792, 0.0062117223, 0.0063270847, 0.006559376, 0.006796789, 0.0069177942, 0.0071633346, 0.0074089854, 0.0075298105, 0.00776247, 0.0079781925, 0.00817367, 0.008263457, 0.008428443, 0.008576259, 0.008644697, 0.008771382, 0.008885533, 0.008987355, 0.009033396, 0.009115049, 0.009182409, 0.009210463, 0.00925491, 0.00928331, 0.009295061, 0.009294287, 0.009278683, 0.009242661, 0.0092166, 0.009147872, 0.009056379, 0.009002355, 0.00887849, 0.008735215, 0.008574637, 0.008488364, 0.0083049275, 0.00810838, 0.008005523, 0.007791917, 0.0075697876, 0.0073421835, 0.00722743, 0.006997768, 0.006769987, 0.006656957, 0.0064315023, 0.006204347, 0.006088712, 0.00585047, 0.0056000454, 0.0053357445, 0.005198741, 0.004917391, 0.0046309307, 0.0044878903, 0.004205988, 0.0039341324, 0.0036754345, 0.0035513132, 0.0033129908, 0.003085957, 0.0029759775, 0.0027618473, 0.0025546255, 0.0024534743, 0.0022564747, 0.0020670933, 0.0018859104, 0.0017985482, 0.0016298554, 0.0014689787, 0.0013912563, 0.0012409297, 0.0010975043, 0.0009612925, 0.0008960061, 0.00077140756, 0.0006549386, 0.0005997205, 0.00049531314, 0.00039862236, 0.00035312885, 0.00026812608, 0.00019147985, 0.00012365397, 9.3161645e-05, 3.8820082e-05, -7.662466e-06, -2.8589633e-05, -6.783455e-05, -0.000106130516, -0.0001471438, -0.0001697816, -0.00022205127, -0.00028968288, -0.00033277858, -0.00044637432, -0.0005932958
0, 0, 0, 0, 0, 0, 0, 0, 0, 0, 0, 0, 0, 0, 0, 0, 0, 0, 0.0010458494, 0.00080456096, 0.00087248714, 0.0009689542, 0.001205862, 0.001455416, 0.0015790585, 0.0018210806, 0.0020550156, 0.0022775363, 0.0023834659, 0.002584175, 0.0027722372, 0.0028629329, 0.0030418679, 0.00322267, 0.0034093172, 0.0035047454, 0.0036982659, 0.0038911556, 0.003986337, 0.0041728695, 0.004355771, 0.004447283, 0.004634334, 0.0048318887, 0.005042706, 0.0051530534, 0.0053807776, 0.005612782, 0.0057279933, 0.0059527936, 0.0061680614, 0.006373468, 0.006473706, 0.0066721146, 0.0068727485, 0.006975264, 0.0071852766, 0.0074016955, 0.007510803, 0.007727527, 0.0079366295, 0.008132365, 0.008224007, 0.00839377, 0.0085456725, 0.008615305, 0.0087426985, 0.008855035, 0.008953464, 0.008997577, 0.009075748, 0.00914166, 0.009170022, 0.0092181, 0.00925465, 0.009279136, 0.00928633, 0.009289772, 0.009276953, 0.009263987, 0.009224286, 0.009166304, 0.009130537, 0.009046199, 0.00894531, 0.008828602, 0.008764169, 0.008622498, 0.008463002, 0.008376111, 0.008188382, 0.007983166, 0.0077640745, 0.0076508857, 0.007421199, 0.007191831, 0.0070787696, 0.0068574487, 0.006641995, 0.0065357336, 0.006322999, 0.006105583, 0.005878596, 0.0057604676, 0.0055142883, 0.005256059, 0.0051234695, 0.0048542926, 0.0045841825, 0.0043171197, 0.0041857753, 0.003928593, 0.0036792136, 0.003557505, 0.00332017, 0.0030914014, 0.002980398, 0.0027654606, 0.0025608954, 0.0023670488, 0.0022742709, 0.0020965773, 0.0019282699, 0.0018471902, 0.0016901202, 0.0015386763, 0.0013919926, 0.0013203536, 0.0011801512, 0.0010443045, 0.0009780832, 0.0008494471, 0.00072647334, 0.0006675366, 0.0005555949, 0.0004529274, 0.00036087327, 0.00031896867, 0.00024322195, 0.00017692287, 0.00014654257, 8.907322e-05, 3.273299e-05, -2.625769e-05, -5.7942696e-05, -0.0001283145, -0.00021369234, -0.00026520726, -0.00039345297, -0.00054886483
0, 0, 0, 0, 0, 0, 0, 0, 0, 0, 0, 0, 0, 0, 0, 0, 0, 0.0015068499, 0.001317058, 0.001206171, 0.001345403, 0.0014551391, 0.0016987417, 0.0019481461, 0.002072167, 0.0023189841, 0.002564778, 0.0028074915, 0.0029262896, 0.0031553924, 0.0033702194, 0.0034719752, 0.0036654924, 0.0038494351, 0.0040287324, 0.004117881, 0.00429562, 0.0044718534, 0.0045588575, 0.0047289645, 0.0048934873, 0.00497387, 0.0051327455, 0.005293426, 0.005459356, 0.005545321, 0.005723208, 0.005906813, 0.005999499, 0.0061830888, 0.00636142, 0.0065322313, 0.006614905, 0.0067763277, 0.006935638, 0.007015569, 0.0071778465, 0.0073448564, 0.0074299467, 0.0076028714, 0.0077760085, 0.007945238, 0.0080272835, 0.008184033, 0.008329503, 0.008397616, 0.008524161, 0.008637184, 0.008735981, 0.00877976, 0.008856255, 0.008918519, 0.008944528, 0.008987703, 0.009020226, 0.009043264, 0.0090511935, 0.009059378, 0.009056465, 0.009050487, 0.009028902, 0.008994643, 0.008972977, 0.008921132, 0.008858573, 0.008785824, 0.00874531, 0.008654525, 0.008548039, 0.008487783, 0.008351202, 0.008191812, 0.008010475, 0.0079125045, 0.0077056494, 0.0074903066, 0.0073817256, 0.0071669295, 0.0069584814, 0.0068571186, 0.0066591925, 0.006464852, 0.0062695383, 0.006169915, 0.005964627, 0.0057491967, 0.005637546, 0.0054074856, 0.005170602, 0.004929727, 0.004808594, 0.004566292, 0.004325104, 0.0042053307, 0.003968306, 0.003735822, 0.0036217347, 0.0033988035, 0.0031840636, 0.0029790266, 0.0028803635, 0.0026910028, 0.0025109977, 0.002424153, 0.002255512, 0.0020921528, 0.001933005, 0.0018548056, 0.00170099, 0.0015507645, 0.0014772073, 0.0013335745, 0.0011951586, 0.0011281731, 0.0009992098, 0.00087732135, 0.00076271413, 0.0007082318, 0.0006045399, 0.00050717086, 0.00046039102, 0.00036939784, 0.0002799526, 0.00018980658, 0.00014345821, 4.5496192e-05, -6.534551e-05, -0.00012886013, -0.00027847587, -0.0004462704
0, 0, 0, 0, 0, 0, 0, 0, 0, 0, 0, 0, 0, 0, 0, 0, 0, 0.0016892886, 0.0015858387, 0.0016479816, 0.0018840653, 0.0020205255, 0.002293002, 0.002552271, 0.0026773354, 0.0029231552, 0.00316832, 0.0034149536, 0.003537994, 0.003780697, 0.004012551, 0.004122978, 0.0043303594, 0.004520907, 0.0046982216, 0.004783312, 0.004949129, 0.0051111067, 0.0051907273, 0.0053463406, 0.005495105, 0.005565987, 0.0057008443, 0.0058267536, 0.005946725, 0.0060059116, 0.006125404, 0.006248778, 0.006312242, 0.0064417855, 0.0065733264, 0.0067035886, 0.0067674965, 0.006891738, 0.0070106518, 0.0070681735, 0.0071798717, 0.0072890073, 0.0073434147, 0.0074533224, 0.0075657982, 0.0076812543, 0.007739772, 0.007857302, 0.007973758, 0.008030664, 0.008140418, 0.008242411, 0.008333769, 0.0083747385, 0.008446382, 0.008503793, 0.008527323, 0.008564972, 0.008591795, 0.008609921, 0.008615985, 0.008622511, 0.008621167, 0.008617351, 0.0086029265, 0.008579507, 0.0085647, 0.008529313, 0.008487876, 0.008442044, 0.008417448, 0.008364466, 0.008303957, 0.00826955, 0.008189616, 0.008090964, 0.00797055, 0.007901899, 0.007748786, 0.0075783753, 0.007488396, 0.007303155, 0.0071157543, 0.0070226775, 0.0068392535, 0.006659813, 0.006483429, 0.00639544, 0.006218686, 0.006038517, 0.00594665, 0.0057591726, 0.005566907, 0.0053705093, 0.005270907, 0.0050687552, 0.0048627644, 0.004758456, 0.004547272, 0.0043338574, 0.0042267805, 0.0040129884, 0.0038014199, 0.0035945259, 0.0034933467, 0.0032962176, 0.0031058625, 0.0030129962, 0.002831032, 0.002653229, 0.0024790342, 0.0023933614, 0.0022251566, 0.0020620152, 0.0019826854, 0.0018288626, 0.0016818562, 0.001610848, 0.001472793, 0.0013386812, 0.0012068361, 0.0011413421, 0.0010107574, 0.00088069594, 0.00081601145, 0.0006877007, 0.00056137366, 0.0004368499, 0.0003747873, 0.0002481158, 0.000111254674, 3.5536832e-05, -0.00013572343, -0.0003154199
0, 0, 0, 0, 0, 0, 0, 0, 0, 0, 0, 0, 0, 0, 0, 0, 0.0022370624, 0.0019024545, 0.0019008513, 0.0021132727, 0.0024374414, 0.0026039272, 0.0029176248, 0.00320005, 0.0033312633, 0.003580402, 0.0038207767, 0.00405949, 0.0041791904, 0.004417667, 0.004650308, 0.004762312, 0.0049736593, 0.005165944, 0.0053401915, 0.0054215416, 0.0055762683, 0.0057235085, 0.0057954635, 0.005936121, 0.0060703065, 0.0061337617, 0.0062503004, 0.0063512535, 0.0064362036, 0.0064739278, 0.006542942, 0.006609359, 0.0066434816, 0.0067159827, 0.006795006, 0.0068793795, 0.0069225864, 0.007007518, 0.00708695, 0.007123394, 0.0071882796, 0.007243103, 0.0072674975, 0.0073127463, 0.0073574344, 0.00740581, 0.007432447, 0.0074908435, 0.0075559653, 0.007590258, 0.007660133, 0.007728854, 0.007793074, 0.007822671, 0.00787527, 0.007918822, 0.007937072, 0.0079672, 0.007989787, 0.008006029, 0.008011855, 0.0080191735, 0.008020064, 0.008017677, 0.0080068875, 0.00798752, 0.007974841, 0.007943959, 0.007908055, 0.007869932, 0.007850658, 0.007812859, 0.0077753738, 0.0077563017, 0.0077153067, 0.007666759, 0.007606061, 0.0075699813, 0.007484864, 0.0073816595, 0.0073236115, 0.007196394, 0.007056955, 0.0069838264, 0.0068328865, 0.006678088, 0.0065213707, 0.006442828, 0.0062857335, 0.006129097, 0.006051088, 0.0058958908, 0.0057413764, 0.0055870567, 0.0055095865, 0.0053525306, 0.005190664, 0.005107371, 0.004935193, 0.004755248, 0.0046626613, 0.00447322, 0.0042802044, 0.0040864022, 0.0039899326, 0.003798728, 0.003610467, 0.0035172084, 0.0033318526, 0.0031475718, 0.0029641476, 0.0028731348, 0.0026933106, 0.0025182702, 0.0024332013, 0.0022687763, 0.0021126536, 0.002037312, 0.0018904059, 0.0017456295, 0.0015993488, 0.0015248535, 0.0013722463, 0.0012153594, 0.0011358208, 0.0009764278, 0.0008191191, 0.0006653504, 0.0005896509, 0.00043787438, 0.00027789967, 0.00019127948, 8.1667065e-07, -0.00018851155
0, 0, 0, 0, 0, 0, 0, 0, 0, 0, 0, 0, 0, 0, 0, 0, 0.0023323218, 0.0021832131, 0.002263895, 0.0025800946, 0.0029624188, 0.0031508547, 0.003502117, 0.0038140146, 0.0039561456, 0.0042181783, 0.0044604084, 0.004692657, 0.0048070275, 0.005034396, 0.0052570216, 0.005365098, 0.0055702203, 0.005756697, 0.005922901, 0.005998941, 0.0061393096, 0.0062685534, 0.006330685, 0.006451131, 0.0065663587, 0.006620817, 0.0067205983, 0.006803681, 0.0068666292, 0.0068906546, 0.006926226, 0.006950479, 0.00696082, 0.006982373, 0.0070092026, 0.0070426827, 0.007061503, 0.0071002757, 0.0071357824, 0.0071505615, 0.007172039, 0.0071808333, 0.0071808575, 0.007174005, 0.007162209, 0.0071506286, 0.007146593, 0.007143902, 0.007149158, 0.0071544596, 0.0071687996, 0.007185869, 0.0072030034, 0.0072113737, 0.007226689, 0.007240624, 0.0072471965, 0.0072601545, 0.0072729085, 0.0072850683, 0.007290571, 0.0072995857, 0.0073041148, 0.007304033, 0.007298093, 0.007283482, 0.007272842, 0.0072454773, 0.007211753, 0.0071744034, 0.007155422, 0.0071185357, 0.0070849, 0.007069537, 0.0070417086, 0.007016395, 0.0069910795, 0.006977379, 0.006945457, 0.006904311, 0.0068795104, 0.0068198754, 0.006745831, 0.006703315, 0.0066078315, 0.0064992504, 0.0063799554, 0.006317277, 0.0061879554, 0.0060561826, 0.0059903157, 0.0058602383, 0.005733238, 0.0056096623, 0.0055487147, 0.005426683, 0.005301963, 0.0052374816, 0.0051026195, 0.0049586073, 0.0048831264, 0.0047259307, 0.004562498, 0.0043953266, 0.004311139, 0.004142337, 0.003973361, 0.003888494, 0.0037172562, 0.0035427073, 0.0033644426, 0.003274075, 0.0030920662, 0.0029107747, 0.0028213423, 0.0026466344, 0.0024788121, 0.0023973829, 0.0022380555, 0.0020804312, 0.001920424, 0.0018384755, 0.0016696971, 0.0014945242, 0.00140512, 0.001224807, 0.0010454351, 0.0008691763, 0.00078216166, 0.000607745, 0.00042537638, 0.0003279215, 0.00011844055, -8.01609e-05
0, 0, 0, 0, 0, 0, 0, 0, 0, 0, 0, 0, 0, 0, 0, 0.0028473597, 0.0024442652, 0.0024948462, 0.0026342575, 0.0030090464, 0.0034166602, 0.003615081, 0.00398878, 0.0043256003, 0.0044799135, 0.0047635497, 0.0050193025, 0.005256373, 0.005370387, 0.005592456, 0.0058073406, 0.0059112045, 0.0061085136, 0.00628785, 0.0064454423, 0.0065158196, 0.0066417065, 0.0067518894, 0.006802757, 0.006898933, 0.0069892495, 0.007031901, 0.0071103033, 0.0071751806, 0.0072219246, 0.0072376127, 0.007253499, 0.007251892, 0.007246151, 0.007229396, 0.007210226, 0.0071929134, 0.007185123, 0.007170794, 0.007155025, 0.0071455985, 0.007121518, 0.007089078, 0.0070696874, 0.0070250724, 0.006974916, 0.006922629, 0.0068967147, 0.006846995, 0.0068009165, 0.0067793312, 0.0067383875, 0.006699653, 0.006662729, 0.0066450736, 0.006612428, 0.00658476, 0.0065732035, 0.0065555023, 0.0065447763, 0.006540096, 0.0065393895, 0.006539505, 0.0065393103, 0.0065382286, 0.0065329634, 0.0065225186, 0.006515093, 0.0064956225, 0.00647053, 0.0064408705, 0.0064247716, 0.006391229, 0.0063575944, 0.006341341, 0.006311547, 0.006286798, 0.006267925, 0.006260697, 0.0062498515, 0.006241593, 0.0062374957, 0.00622679, 0.0062093437, 0.0061968807, 0.006162358, 0.006113287, 0.0060490165, 0.006011699, 0.005927864, 0.0058348128, 0.0057860515, 0.005686403, 0.0055862367, 0.005487431, 0.0054385867, 0.0053412733, 0.0052428413, 0.0051922323, 0.0050866297, 0.0049736444, 0.004914181, 0.0047898954, 0.0046597, 0.004525738, 0.0044579213, 0.0043213004, 0.0041830973, 0.0041130097, 0.003969344, 0.0038189546, 0.0036602027, 0.0035775162, 0.0034061328, 0.0032290388, 0.0031393105, 0.002960091, 0.0027832524, 0.0026962222, 0.002524606, 0.0023546484, 0.0021832734, 0.0020961063, 0.001917468, 0.0017325758, 0.0016380736, 0.0014461812, 0.0012524645, 0.0010587797, 0.0009617596, 0.00076507835, 0.0005587832, 0.00044934842, 0.00021879148, 9.166234e-06
0, 0, 0, 0, 0, 0, 0, 0, 0, 0, 0, 0, 0, 0, 0, 0.0027112535, 0.0025504448, 0.002764008, 0.0029414133, 0.0033449999, 0.0037556484, 0.003954561, 0.0043341992, 0.004685637, 0.004850196, 0.0051560155, 0.0054333196, 0.005686889, 0.005806704, 0.0060357335, 0.0062523894, 0.0063562244, 0.006552614, 0.0067304284, 0.00688578, 0.00695436, 0.0070740115, 0.007172943, 0.0072160517, 0.0072927265, 0.007359632, 0.0073899864, 0.0074446183, 0.007488307, 0.0075180465, 0.0075264825, 0.007529182, 0.007513039, 0.0074982084, 0.007457707, 0.007406266, 0.0073477854, 0.007316689, 0.007252134, 0.007184572, 0.00714977, 0.0070780516, 0.0070042536, 0.0069665755, 0.0068903314, 0.006813206, 0.0067354254, 0.0066962955, 0.006617303, 0.006536979, 0.0064961007, 0.0064130253, 0.006328768, 0.006245134, 0.006204277, 0.006126599, 0.006056323, 0.006024568, 0.0059685633, 0.0059223603, 0.0058848574, 0.005868834, 0.0058408934, 0.005816942, 0.00580608, 0.005786312, 0.0057691075, 0.0057613184, 0.0057471204, 0.0057334034, 0.005718557, 0.0057100886, 0.005690161, 0.0056656217, 0.0056517404, 0.005621937, 0.005591838, 0.0055648573, 0.005553692, 0.0055373046, 0.005529939, 0.0055294656, 0.0055337446, 0.005542391, 0.005546865, 0.0055533177, 0.005552589, 0.0055410983, 0.005530548, 0.005499645, 0.0054562087, 0.00543036, 0.005371968, 0.0053067966, 0.0052373214, 0.005201413, 0.005127881, 0.005051754, 0.0050123343, 0.0049302983, 0.004842845, 0.004796999, 0.0047012703, 0.0046009417, 0.0044975867, 0.004445127, 0.0043390873, 0.004231067, 0.004175869, 0.00406155, 0.003939503, 0.0038069591, 0.0037362017, 0.0035855398, 0.0034239204, 0.0033397204, 0.0031669696, 0.0029910407, 0.0029027995, 0.002726743, 0.0025512667, 0.0023752043, 0.0022863136, 0.0021051825, 0.0019185487, 0.0018229081, 0.0016270392, 0.0014259131, 0.0012197504, 0.0011145473, 0.00089826074, 0.0006694787, 0.00054861844, 0.00029759933, 7.654642e-05
0, 0, 0, 0, 0, 0, 0, 0, 0, 0, 0, 0, 0, 0, 0.0028014316, 0.002502053, 0.0025773125, 0.0029085637, 0.0031119003, 0.003532004, 0.0039397054, 0.0041355374, 0.004511793, 0.004867278, 0.005037001, 0.005358963, 0.0056563653, 0.005929829, 0.006058258, 0.006300725, 0.006526539, 0.0066335555, 0.0068353186, 0.007018938, 0.0071813986, 0.007253888, 0.0073805475, 0.0074837403, 0.0075273314, 0.0076001664, 0.007657168, 0.0076807854, 0.0077188094, 0.0077454112, 0.0077596894, 0.0077616414, 0.007754167, 0.0077302502, 0.0077119246, 0.0076625333, 0.0075973277, 0.007518236, 0.0074741966, 0.0073780813, 0.007273489, 0.007219045, 0.007107459, 0.0069952933, 0.006939888, 0.006831946, 0.0067285933, 0.0066285958, 0.0065792724, 0.0064799106, 0.0063775904, 0.006324604, 0.0062146015, 0.006100446, 0.0059848814, 0.0059277783, 0.005816991, 0.0057131, 0.0056642573, 0.005573014, 0.00548976, 0.005412983, 0.0053765904, 0.0053073387, 0.005242971, 0.0052131596, 0.0051596463, 0.0051163966, 0.0050992155, 0.005073826, 0.005059117, 0.005051825, 0.0050494815, 0.0050441795, 0.0050344905, 0.0050270394, 0.0050061806, 0.0049786763, 0.0049475944, 0.004932089, 0.00490398, 0.0048830067, 0.004875939, 0.0048696063, 0.0048731095, 0.004877914, 0.004892009, 0.0049085077, 0.0049235076, 0.0049292687, 0.004935681, 0.0049334955, 0.0049287947, 0.0049121296, 0.0048862156, 0.004851961, 0.0048320363, 0.0047875578, 0.0047372077, 0.0047098906, 0.0046513183, 0.004587097, 0.004552938, 0.004480628, 0.0044035437, 0.0043224976, 0.004280783, 0.0041953423, 0.0041071083, 0.0040618395, 0.0039677727, 0.0038671806, 0.0037575157, 0.0036986468, 0.003571803, 0.0034330355, 0.0033594845, 0.0032051618, 0.0030434844, 0.002960751, 0.0027929784, 0.0026234216, 0.0024522461, 0.0023657803, 0.0021898781, 0.0020083573, 0.0019150258, 0.0017223036, 0.0015209401, 0.0013103423, 0.0012013187, 0.0009741691, 0.0007316643, 0.0006036719, 0.00033992867, 0.000111465786
0, 0, 0, 0, 0, 0, 0, 0, 0, 0, 0, 0, 0, 0.0024428852, 0.0022862665, 0.002195384, 0.0024591882, 0.0028783188, 0.003102258, 0.0035393904, 0.0039481954, 0.004142025, 0.004512913, 0.004865984, 0.0050365566, 0.005365044, 0.0056741307, 0.0059615127, 0.006096707, 0.006350487, 0.0065841377, 0.0066940365, 0.006901464, 0.007092652, 0.007266497, 0.007346263, 0.0074904794, 0.00761282, 0.007665658, 0.0077543724, 0.007822177, 0.007848678, 0.007888204, 0.00791141, 0.007920148, 0.007919473, 0.007908345, 0.007884331, 0.007867354, 0.007822608, 0.0077631655, 0.007688104, 0.00764461, 0.007546088, 0.007433268, 0.007372268, 0.007243128, 0.0071084592, 0.0070404666, 0.0069060805, 0.006775929, 0.0066510034, 0.0065900353, 0.006469442, 0.0063477824, 0.0062854867, 0.0061575547, 0.006025147, 0.005890467, 0.0058234856, 0.005691918, 0.005565785, 0.0055051227, 0.005388662, 0.0052772174, 0.0051687206, 0.005115033, 0.005008438, 0.0049037947, 0.0048531215, 0.004757928, 0.0046749576, 0.0046393652, 0.0045815855, 0.004542089, 0.0045185066, 0.0045112334, 0.0045022415, 0.004495666, 0.004491546, 0.0044793095, 0.0044601574, 0.004434667, 0.004420291, 0.004390401, 0.004361503, 0.004348464, 0.0043268055, 0.0043122056, 0.0043077893, 0.0043044733, 0.004307847, 0.0043162894, 0.00432174, 0.004333766, 0.00434516, 0.0043499977, 0.0043565566, 0.004357782, 0.0043523014, 0.004346895, 0.0043306653, 0.0043071928, 0.004292712, 0.004258442, 0.004216992, 0.004193545, 0.004141526, 0.004082603, 0.0040169843, 0.003981891, 0.0039075287, 0.0038283602, 0.0037872023, 0.0037016468, 0.0036114203, 0.0035154785, 0.0034650113, 0.0033580712, 0.003242524, 0.0031812966, 0.0030520433, 0.0029141684, 0.0028423397, 0.0026938827, 0.0025403688, 0.0023825557, 0.0023019896, 0.0021370882, 0.0019658788, 0.0018774627, 0.0016940838, 0.0015008862, 0.0012968188, 0.0011902074, 0.0009662791, 0.0007252632, 0.0005976319, 0.0003342925, 0.00010646653
0, 0, 0, 0, 0, 0, 0, 0, 0, 0, 0, 0, 0, 0.0015434474, 0.0015689456, 0.001801855, 0.002219316, 0.0026974177, 0.0029340156, 0.0033824334, 0.0037928724, 0.0039854515, 0.004351702, 0.0046994574, 0.004867938, 0.005195102, 0.0055071265, 0.00580044, 0.0059390063, 0.0061988435, 0.006436395, 0.0065477584, 0.00675741, 0.0069525563, 0.0071352343, 0.0072219316, 0.007384841, 0.0075316643, 0.007598136, 0.007715441, 0.0078103803, 0.007849282, 0.007909814, 0.007948729, 0.007968693, 0.007972598, 0.007969869, 0.007956125, 0.007945342, 0.007916504, 0.007876883, 0.007824674, 0.0077931597, 0.007718232, 0.0076261074, 0.0075736414, 0.0074566985, 0.007325976, 0.0072568688, 0.007113783, 0.0069683795, 0.006823615, 0.0067521115, 0.006610714, 0.006470044, 0.006399447, 0.006256947, 0.006111906, 0.0059652044, 0.0058919047, 0.0057468447, 0.0056059146, 0.005537469, 0.005404826, 0.0052764714, 0.0051505207, 0.0050876047, 0.0049610212, 0.0048332335, 0.0047695218, 0.0046442067, 0.0045259283, 0.0044708108, 0.0043716244, 0.004289158, 0.004224453, 0.0041982904, 0.004156814, 0.004126275, 0.0041138087, 0.0040917783, 0.004070826, 0.004048904, 0.0040373383, 0.004012685, 0.0039862776, 0.0039726035, 0.0039449516, 0.003917591, 0.0039042772, 0.0038791662, 0.0038573076, 0.0038399035, 0.0038331745, 0.003823626, 0.0038193115, 0.0038188908, 0.0038202552, 0.00382311, 0.003825203, 0.0038253171, 0.0038225283, 0.0038146933, 0.0038085922, 0.0037915003, 0.0037675004, 0.0037526994, 0.0037173277, 0.0036735798, 0.0036211617, 0.003591695, 0.003526374, 0.0034534014, 0.0034144113, 0.0033324219, 0.003246207, 0.003156618, 0.0031106519, 0.0030162933, 0.0029179074, 0.0028668705, 0.0027602084, 0.0026463233, 0.002586371, 0.0024604697, 0.0023266287, 0.002185514, 0.002112337, 0.0019609176, 0.0018026095, 0.0017207374, 0.0015513193, 0.0013735164, 0.0011859839, 0.0010879501, 0.00088120543, 0.0006568432, 0.00053699774, 0.00028724023, 6.7913796e-05
0, 0, 0, 0, 0, 0, 0, 0, 0, 0, 0, 0, 0, 0.0012886772, 0.0012975353, 0.0015600806, 0.001988858, 0.00245584, 0.0026845902, 0.0031185953, 0.0035186429, 0.0037068361, 0.004065361, 0.004405945, 0.0045714225, 0.0048943, 0.0052053244, 0.0055008302, 0.0056415107, 0.0059061777, 0.006148444, 0.0062615033, 0.0064739916, 0.0066720275, 0.0068597244, 0.0069505996, 0.0071264296, 0.007292997, 0.007371637, 0.0075171436, 0.0076438207, 0.0076989527, 0.0077920305, 0.00786144, 0.007908843, 0.007925115, 0.007945533, 0.0079531595, 0.007953207, 0.007947587, 0.007933974, 0.007911603, 0.007896374, 0.007856022, 0.0078000966, 0.007765593, 0.0076824566, 0.007580872, 0.007523644, 0.0073981634, 0.0072613866, 0.007117197, 0.007043574, 0.0068948655, 0.0067451894, 0.006670147, 0.006519189, 0.006366648, 0.006212522, 0.0061350195, 0.005980536, 0.0058285114, 0.005754106, 0.005609354, 0.0054702316, 0.005335992, 0.005270038, 0.005139164, 0.005007994, 0.004941887, 0.004808438, 0.0046746265, 0.0046082446, 0.0044787927, 0.0043566856, 0.0042449688, 0.0041937856, 0.00410173, 0.0040237345, 0.0039899074, 0.0039317003, 0.0038847355, 0.0038466568, 0.003830075, 0.0038002513, 0.0037725111, 0.0037586733, 0.0037293632, 0.0036966654, 0.003678745, 0.0036399185, 0.0035982693, 0.0035560136, 0.0035354602, 0.0034969957, 0.0034639367, 0.0034497639, 0.0034262685, 0.003408464, 0.0033945227, 0.0033884023, 0.0033763705, 0.0033630698, 0.0033555585, 0.003338127, 0.0033168583, 0.0033045933, 0.003276185, 0.0032418258, 0.0032005191, 0.0031769145, 0.003123298, 0.003060818, 0.003026371, 0.002951999, 0.0028717788, 0.0027874943, 0.0027444093, 0.0026568712, 0.0025677835, 0.0025224853, 0.0024294779, 0.002331641, 0.0022802933, 0.0021717171, 0.0020544361, 0.0019282454, 0.0018620316, 0.0017239565, 0.0015790445, 0.0015043232, 0.0013508365, 0.0011916674, 0.0010254987, 0.0009391042, 0.000756891, 0.0005572126, 0.00044914414, 0.0002199533, 1.2711415e-05
0, 0, 0, 0, 0, 0, 0, 0, 0, 0, 0, 0, 0.00143853, 0.0012356249, 0.001248668, 0.001470879, 0.0018306699, 0.002231315, 0.0024321377, 0.002822633, 0.0031933377, 0.0033711628, 0.003714292, 0.004044569, 0.0042062947, 0.0045240745, 0.004833531, 0.005131616, 0.0052751377, 0.0055481535, 0.005800414, 0.005918846, 0.0061409506, 0.0063471356, 0.006541854, 0.0066361963, 0.006820399, 0.006998401, 0.007084658, 0.0072491784, 0.007400389, 0.0074698627, 0.00759469, 0.007699155, 0.0077826646, 0.007817035, 0.007871736, 0.007910985, 0.0079258485, 0.007947795, 0.007960809, 0.007965493, 0.0079645375, 0.007955087, 0.007933452, 0.007917349, 0.007873158, 0.0078117703, 0.00777446, 0.0076869386, 0.007583545, 0.0074667484, 0.007404353, 0.0072732014, 0.007135827, 0.007065292, 0.0069208294, 0.00677222, 0.006619355, 0.0065415013, 0.0063837743, 0.006225363, 0.006146654, 0.0059922365, 0.0058434503, 0.005701458, 0.0056331237, 0.005500757, 0.0053723548, 0.0053086313, 0.005180286, 0.0050488487, 0.004981591, 0.0048440173, 0.0047036675, 0.0045629763, 0.0044934764, 0.0043587275, 0.0042325202, 0.0041735903, 0.004065618, 0.0039721597, 0.0038932622, 0.0038589549, 0.0037992527, 0.0037488593, 0.0037260284, 0.0036826616, 0.0036391807, 0.0036163437, 0.0035675385, 0.0035137823, 0.0034561907, 0.0034264873, 0.0033670526, 0.0033097055, 0.0032825314, 0.0032321857, 0.0031869381, 0.0031461678, 0.0031269162, 0.0030898869, 0.0030533697, 0.003035039, 0.0029982582, 0.0029612049, 0.0029427025, 0.0029057285, 0.002868448, 0.0028298236, 0.0028094947, 0.0027654888, 0.002715147, 0.0026871203, 0.0026249758, 0.00255519, 0.0024788266, 0.0024387455, 0.0023558945, 0.0022706175, 0.0022272342, 0.002139111, 0.0020480126, 0.0020008471, 0.0019020757, 0.0017960105, 0.0016818404, 0.0016217761, 0.0014963312, 0.0013647521, 0.0012971943, 0.0011591819, 0.0010174154, 0.000871065, 0.0007953103, 0.00063571153, 0.0004590657, 0.0003620389, 0.00015192982, -4.457441e-05
0, 0, 0, 0, 0, 0, 0, 0, 0, 0, 0, 0, 0.0012589097, 0.0011612179, 0.0012104809, 0.0014300729, 0.0017323237, 0.002063359, 0.0022320228, 0.0025679383, 0.0028978507, 0.003060025, 0.0033791885, 0.0036931902, 0.0038488053, 0.0041578854, 0.0044628815, 0.004760915, 0.0049061812, 0.005187132, 0.005451972, 0.005577748, 0.0058164885, 0.00603882, 0.006247508, 0.0063477466, 0.0065419497, 0.0067284494, 0.006819033, 0.006993834, 0.0071589174, 0.0072373706, 0.0073851338, 0.0075191795, 0.007638103, 0.0076915002, 0.0077858106, 0.007863326, 0.007896078, 0.007950146, 0.007990352, 0.008018633, 0.008028688, 0.008041459, 0.008044411, 0.008042109, 0.008029199, 0.008004511, 0.007987251, 0.007942538, 0.0078839045, 0.0078112003, 0.0077698575, 0.007677384, 0.0075735096, 0.0075176097, 0.007398614, 0.0072705057, 0.0071335575, 0.0070620966, 0.0069136634, 0.0067596813, 0.0066813533, 0.0065241116, 0.0063685714, 0.006217667, 0.006144632, 0.006003817, 0.005869768, 0.0058046533, 0.0056767045, 0.0055489647, 0.0054842336, 0.0053515593, 0.0052134497, 0.0050697154, 0.004995891, 0.004845636, 0.0046941442, 0.004619028, 0.0044723502, 0.0043333406, 0.004204989, 0.0041454504, 0.004036195, 0.003940215, 0.0038966914, 0.003817298, 0.003745076, 0.0037105544, 0.0036424017, 0.0035736093, 0.0035026853, 0.0034664727, 0.003393006, 0.003319686, 0.0032835861, 0.0032133542, 0.003146023, 0.0030811161, 0.0030492202, 0.0029857438, 0.0029218388, 0.0028896239, 0.002825187, 0.0027617146, 0.002730799, 0.00267169, 0.0026170337, 0.0025669802, 0.0025433272, 0.0024971063, 0.0024497223, 0.0024245554, 0.0023697598, 0.0023076227, 0.00223768, 0.0022000307, 0.002120362, 0.0020362518, 0.0019931602, 0.0019054628, 0.0018160468, 0.0017705926, 0.001677311, 0.0015795524, 0.0014762635, 0.0014223653, 0.0013101374, 0.0011925042, 0.001131961, 0.0010080494, 0.0008803876, 0.00074838847, 0.00067997875, 0.0005354145, 0.00037427942, 0.00028479262, 8.788512e-05, -0.000101885606
0, 0, 0, 0, 0, 0, 0, 0, 0, 0, 0, 0, 0.0009162659, 0.0010433657, 0.0011522784, 0.0014140464, 0.0016975523, 0.0019864072, 0.0021312989, 0.0024212287, 0.0027108137, 0.002855434, 0.0031447124, 0.0034349072, 0.0035805253, 0.0038722383, 0.0041637667, 0.0044523226, 0.0045944327, 0.004872986, 0.0051417993, 0.005272114, 0.0055234027, 0.0057622213, 0.0059887674, 0.006097547, 0.006306669, 0.0065049706, 0.0066001457, 0.006783003, 0.0069562406, 0.0070394957, 0.007200122, 0.0073532737, 0.007498532, 0.0075678662, 0.007697962, 0.007814067, 0.0078660445, 0.00795645, 0.008028321, 0.008082786, 0.008104052, 0.008136824, 0.008158884, 0.008166701, 0.0081766, 0.008179188, 0.008177749, 0.008168348, 0.008149258, 0.008118927, 0.008099023, 0.008049135, 0.0079857595, 0.00794906, 0.007866205, 0.0077710645, 0.007664325, 0.007606803, 0.007483538, 0.0073501756, 0.0072801756, 0.007134497, 0.0069834245, 0.00682974, 0.0067528225, 0.006600579, 0.0064520547, 0.0063795997, 0.006238433, 0.0061017633, 0.006034741, 0.005902016, 0.0057694456, 0.0056345444, 0.0055654524, 0.0054226723, 0.005273145, 0.0051959376, 0.0050372793, 0.0048750225, 0.004712545, 0.0046324553, 0.0044770828, 0.004331313, 0.004262732, 0.00413496, 0.0040191174, 0.0039651114, 0.0038630965, 0.003766717, 0.003673389, 0.0036273894, 0.003535972, 0.0034456945, 0.0034010408, 0.0033132625, 0.0032276215, 0.0031437438, 0.0031021081, 0.003018457, 0.0029334477, 0.002890271, 0.0028027468, 0.0027147103, 0.002671115, 0.002586332, 0.0025064661, 0.0024331524, 0.002398971, 0.0023346855, 0.0022735817, 0.00224327, 0.0021811146, 0.0021146284, 0.0020423972, 0.0020040271, 0.0019230862, 0.0018377401, 0.0017940811, 0.0017057105, 0.0016169037, 0.0015725415, 0.0014834212, 0.0013930151, 0.0012999814, 0.0012521382, 0.0011532785, 0.0010496547, 0.0009959132, 0.0008847226, 0.0007683105, 0.0006460483, 0.00058214116, 0.00044621693, 0.0002939465, 0.00020907928, 2.0723135e-05, -0.00016487748
0, 0, 0, 0, 0, 0, 0, 0, 0, 0, 0, 0.0011044624, 0.0009401073, 0.0010832425, 0.0012095012, 0.0014911268, 0.0017716138, 0.0020411676, 0.002172487, 0.0024313154, 0.002688155, 0.0028166154, 0.0030751682, 0.0033366112, 0.0034684797, 0.0037346077, 0.004002094, 0.0042683035, 0.004400309, 0.0046607493, 0.004916105, 0.005041968, 0.005289751, 0.0055321082, 0.0057683834, 0.0058836266, 0.006107136, 0.0063194893, 0.006421014, 0.0066144112, 0.0067954883, 0.0068819206, 0.007048763, 0.007210261, 0.0073684533, 0.0074466304, 0.0075997952, 0.007745573, 0.007814153, 0.007939801, 0.008046711, 0.00813318, 0.00816901, 0.008227567, 0.008271946, 0.008290319, 0.008320888, 0.008345417, 0.00835574, 0.0083715245, 0.008379889, 0.008378501, 0.008373609, 0.00835421, 0.008321776, 0.008300785, 0.00824974, 0.008187545, 0.008114892, 0.008074781, 0.0079867365, 0.007887573, 0.007833567, 0.0077164993, 0.0075872745, 0.007446767, 0.0073728976, 0.007219676, 0.0070618065, 0.006982231, 0.0068241344, 0.006669951, 0.006595049, 0.0064500817, 0.006311429, 0.0061773853, 0.0061110808, 0.005977626, 0.005839725, 0.005768037, 0.0056176158, 0.0054572904, 0.005288001, 0.0052008326, 0.005024195, 0.0048484514, 0.0047624055, 0.0045962185, 0.004439807, 0.0043655, 0.0042244666, 0.004091891, 0.003965872, 0.0039047112, 0.0037853934, 0.0036692172, 0.0036122734, 0.003500958, 0.0033932943, 0.0032890914, 0.003238049, 0.0031370297, 0.0030361523, 0.0029853364, 0.0028824212, 0.0027779134, 0.00272527, 0.0026202598, 0.0025172257, 0.0024181851, 0.002370445, 0.0022788604, 0.0021918386, 0.0021495312, 0.0020661715, 0.0019826263, 0.0018976089, 0.0018542785, 0.0017657916, 0.001675566, 0.0016301952, 0.0015395914, 0.0014500249, 0.001405827, 0.0013185061, 0.001232058, 0.0011453652, 0.001101527, 0.001011989, 0.0009187152, 0.00087024184, 0.00076914334, 0.0006617357, 0.00054719613, 0.0004867564, 0.0003575285, 0.00021211781, 0.00013092694, -5.0004688e-05, -0.00023139705
0, 0, 0, 0, 0, 0, 0, 0, 0, 0, 0.001468674, 0.0012609087, 0.0011272002, 0.0012933353, 0.0014246389, 0.0017106212, 0.0019898538, 0.0022510625, 0.0023756782, 0.0026161713, 0.0028498832, 0.0029656177, 0.0031973335, 0.0034312068, 0.003549368, 0.003787724, 0.004026971, 0.004264809, 0.0043824273, 0.0046139034, 0.0048411395, 0.0049536233, 0.0051781298, 0.0054036127, 0.0056306655, 0.0057443148, 0.0059697707, 0.006189203, 0.00629523, 0.0064977347, 0.006686041, 0.006774971, 0.0069439663, 0.0071046418, 0.007261941, 0.0073404405, 0.0074979635, 0.007654752, 0.007731929, 0.007880155, 0.008015267, 0.008132722, 0.008184214, 0.008272711, 0.00834432, 0.00837499, 0.008428407, 0.008473789, 0.008493976, 0.008528896, 0.008555461, 0.008571516, 0.008574991, 0.008572204, 0.008556507, 0.008544153, 0.008511698, 0.008471071, 0.008423907, 0.008398111, 0.008341991, 0.008278178, 0.0082425615, 0.008162281, 0.0080678, 0.007957437, 0.007896158, 0.0077620726, 0.00761475, 0.007537272, 0.0073775565, 0.0072152717, 0.0071345447, 0.0069759805, 0.006823121, 0.0066767707, 0.0066058827, 0.006467147, 0.0063298796, 0.00626061, 0.0061186966, 0.005969528, 0.0058116587, 0.0057293368, 0.005558737, 0.005382545, 0.0052933684, 0.0051149786, 0.004939084, 0.004852782, 0.0046841186, 0.0045210416, 0.004363294, 0.0042861877, 0.004135321, 0.003988574, 0.0039167125, 0.0037765193, 0.003641721, 0.0035125266, 0.0034500218, 0.003328556, 0.0032105437, 0.003152305, 0.0030362918, 0.0029199158, 0.0028613238, 0.0027431746, 0.002624137, 0.0025052663, 0.0024463737, 0.0023303558, 0.0022173885, 0.0021622244, 0.002054441, 0.0019496855, 0.0018472691, 0.0017968009, 0.0016970078, 0.0015987059, 0.0015501413, 0.0014541345, 0.0013599959, 0.001313686, 0.0012223881, 0.0011326976, 0.0010439617, 0.0009996283, 0.0009103756, 0.0008191295, 0.0007723097, 0.0006754382, 0.00057327753, 0.00046446637, 0.00040704448, 0.00028401014, 0.00014530608, 6.7757974e-05, -0.00010613001, -0.00028331493
0, 0, 0, 0, 0, 0, 0, 0, 0, 0, 0.0012514488, 0.0012376963, 0.001355616, 0.0016173393, 0.0017678051, 0.0020686376, 0.0023509774, 0.0026100369, 0.0027317416, 0.0029626053, 0.0031821367, 0.003289447, 0.0035020453, 0.0037154525, 0.0038227716, 0.004039211, 0.0042557786, 0.0044695204, 0.004574182, 0.0047780327, 0.004974578, 0.005070786, 0.0052618426, 0.005454831, 0.005653239, 0.0057549356, 0.0059624594, 0.0061714766, 0.0062747654, 0.0064751245, 0.006663004, 0.0067513115, 0.0069165975, 0.0070693875, 0.007214471, 0.0072859195, 0.00742941, 0.0075752432, 0.0076490287, 0.007796519, 0.007939183, 0.008071727, 0.00813274, 0.008242614, 0.008336348, 0.008377689, 0.008450996, 0.008514208, 0.008542595, 0.00859275, 0.008633299, 0.008662296, 0.008671898, 0.008680146, 0.008674579, 0.008666986, 0.008643919, 0.008613255, 0.008578346, 0.008559942, 0.00852155, 0.00848016, 0.008457501, 0.008406421, 0.008344664, 0.008269086, 0.008225366, 0.008125558, 0.008009631, 0.007946169, 0.007809864, 0.0076635326, 0.007587534, 0.0074319956, 0.007274028, 0.0071161226, 0.0070379, 0.006883884, 0.006733432, 0.0066594477, 0.0065130205, 0.0063673193, 0.0062203337, 0.0061456473, 0.0059928074, 0.005834421, 0.00575305, 0.0055863685, 0.005415209, 0.005328487, 0.0051536444, 0.0049783564, 0.004803657, 0.004716904, 0.0045450204, 0.0043757306, 0.004292256, 0.004128331, 0.0039692037, 0.0038157166, 0.0037412704, 0.0035970747, 0.0034587844, 0.0033915439, 0.003259936, 0.0031310488, 0.003067119, 0.0029392077, 0.0028105292, 0.0026806416, 0.0026154222, 0.0024851991, 0.0023560976, 0.002292445, 0.0021675248, 0.0020465578, 0.0019297139, 0.0018728195, 0.0017619554, 0.0016542487, 0.0016012983, 0.001496866, 0.0013938695, 0.0013427923, 0.0012412907, 0.001140726, 0.001041002, 0.000991381, 0.00089252804, 0.0007935936, 0.0007439544, 0.00064343645, 0.00054023735, 0.00043274503, 0.0003765882, 0.0002568423, 0.00012227842, 4.6780046e-05, -0.00012354995, -0.0002990358
0, 0, 0, 0, 0, 0, 0, 0, 0, 0, 0.0018022356, 0.0016722048, 0.0017777043, 0.0020716905, 0.002232537, 0.002544735, 0.002831332, 0.0030919749, 0.0032135665, 0.0034419894, 0.0036554688, 0.003758519, 0.0039603957, 0.0041605695, 0.004260991, 0.004462889, 0.0046649296, 0.0048635635, 0.004960295, 0.0051463293, 0.005321207, 0.0054046107, 0.0055658813, 0.0057242936, 0.005885423, 0.005968549, 0.0061408035, 0.0063195224, 0.0064100935, 0.006589339, 0.0067613586, 0.006842775, 0.0069947327, 0.0071322103, 0.007258135, 0.007318261, 0.0074364096, 0.0075551006, 0.007615457, 0.0077384175, 0.007862208, 0.007983018, 0.0080408715, 0.008149147, 0.008245813, 0.008289613, 0.008368975, 0.008438909, 0.008470788, 0.008528703, 0.008578194, 0.008617461, 0.008632568, 0.008652733, 0.008658628, 0.008656384, 0.008642737, 0.00861928, 0.008589576, 0.008573317, 0.008539166, 0.008503237, 0.008484324, 0.008443736, 0.008397823, 0.008344404, 0.008314312, 0.008246202, 0.008166863, 0.008122789, 0.008025616, 0.007916036, 0.007856513, 0.007727882, 0.0075871088, 0.0074361362, 0.0073576956, 0.0071974606, 0.00703587, 0.006955661, 0.0067984695, 0.006646876, 0.006501026, 0.0064296983, 0.0062887073, 0.0061469334, 0.0060747983, 0.005926465, 0.0057718605, 0.0056920745, 0.005528152, 0.005359682, 0.005188092, 0.0051017664, 0.004928608, 0.004755725, 0.0046695056, 0.004497958, 0.0043279775, 0.004160427, 0.004077912, 0.003916098, 0.003759457, 0.003683201, 0.0035349699, 0.003392114, 0.003322347, 0.0031851802, 0.003049898, 0.0029151186, 0.002847723, 0.002712814, 0.002578229, 0.0025113442, 0.0023789725, 0.002249606, 0.002123759, 0.0020623042, 0.0019421875, 0.0018251267, 0.0017673637, 0.0016528729, 0.0015388698, 0.0014818405, 0.001367592, 0.001253068, 0.0011386895, 0.0010816933, 0.00096835324, 0.00085626374, 0.0008007065, 0.0006903834, 0.00057998067, 0.0004677663, 0.00040994625, 0.00028794486, 0.00015159359, 7.506288e-05, -9.777926e-05, -0.00027593863
0, 0, 0, 0, 0, 0, 0, 0, 0, 0.0029707784, 0.002310595, 0.002213105, 0.002335633, 0.002631122, 0.002792454, 0.003106353, 0.0033968121, 0.0036625953, 0.003786795, 0.004019608, 0.004234599, 0.004336895, 0.0045339167, 0.0047255675, 0.0048207007, 0.005010495, 0.005200098, 0.0053870934, 0.005478496, 0.0056539443, 0.005816821, 0.005892986, 0.0060353125, 0.0061676735, 0.0062953513, 0.006359394, 0.006490343, 0.0066267373, 0.0066967467, 0.006838128, 0.0069771814, 0.007044282, 0.007170566, 0.007284896, 0.0073872344, 0.007434831, 0.007524829, 0.007611226, 0.007654117, 0.0077400515, 0.007826824, 0.007912823, 0.007954832, 0.008035239, 0.008109311, 0.008143696, 0.008207548, 0.008265804, 0.008293202, 0.008344867, 0.008392062, 0.00843333, 0.008451102, 0.008479163, 0.00849588, 0.0084996205, 0.008497785, 0.008484266, 0.008461141, 0.008446662, 0.008413108, 0.0083743045, 0.0083532445, 0.008308177, 0.008259619, 0.008208245, 0.008181571, 0.008126431, 0.008068678, 0.00803852, 0.007974533, 0.007903161, 0.007863597, 0.007774474, 0.0076697664, 0.007548459, 0.007481846, 0.0073387814, 0.007186232, 0.007108051, 0.0069513065, 0.0067977984, 0.006650346, 0.0065790573, 0.006440332, 0.0063044117, 0.0062364973, 0.0060987435, 0.0059569236, 0.005884163, 0.005735188, 0.005582331, 0.005426781, 0.005348472, 0.0051913126, 0.0050333627, 0.0049539623, 0.004793773, 0.0046311207, 0.0044660354, 0.004382907, 0.0042161695, 0.0040508066, 0.00396923, 0.0038093745, 0.00365508, 0.003580097, 0.0034342797, 0.0032931305, 0.0031551989, 0.0030869697, 0.0029512004, 0.002816111, 0.002748704, 0.002614436, 0.002481485, 0.0023502794, 0.002285482, 0.0021575133, 0.0020315794, 0.0019691347, 0.0018448636, 0.0017207569, 0.0016586168, 0.0015338177, 0.001408411, 0.0012826585, 0.0012198294, 0.0010945565, 0.0009704718, 0.0009090214, 0.00078732, 0.0006665678, 0.00054510124, 0.00048306765, 0.00035327196, 0.00020916549, 0.0001287242, -5.1839037e-05, -0.00023576374
0, 0, 0, 0, 0, 0, 0, 0, 0, 0.0030590456, 0.0026459056, 0.002651402, 0.002877406, 0.0032056244, 0.0033740504, 0.0036974433, 0.0039970996, 0.0042737187, 0.0044036782, 0.004647982, 0.004871629, 0.0049762325, 0.005173898, 0.0053591714, 0.0054486576, 0.005623787, 0.005796141, 0.005965933, 0.006049343, 0.006210948, 0.006362415, 0.0064331903, 0.006563489, 0.0066790427, 0.0067829723, 0.00683199, 0.0069269435, 0.007020905, 0.007068392, 0.0071642864, 0.00725996, 0.0073069613, 0.007397069, 0.007480117, 0.007554722, 0.007588971, 0.0076520913, 0.0077092336, 0.0077359085, 0.0077864868, 0.007833448, 0.0078770565, 0.007897521, 0.007935568, 0.007969722, 0.007985503, 0.008015472, 0.008044245, 0.008058627, 0.008087821, 0.00811718, 0.008145487, 0.008158542, 0.008181152, 0.008197595, 0.008202877, 0.0082066525, 0.008200841, 0.008185414, 0.008174281, 0.008145241, 0.008107488, 0.008085463, 0.0080354735, 0.007979006, 0.007918571, 0.007887682, 0.007826487, 0.0077678654, 0.0077398573, 0.0076861973, 0.0076338234, 0.007606902, 0.0075487047, 0.007480358, 0.007397896, 0.0073506273, 0.0072443797, 0.0071239537, 0.0070595713, 0.006925216, 0.0067873746, 0.006649665, 0.0065813977, 0.00644657, 0.006313043, 0.0062462576, 0.006111759, 0.0059752045, 0.005906182, 0.0057670944, 0.005627557, 0.00548882, 0.005420043, 0.0052837944, 0.0051482716, 0.0050803176, 0.0049424404, 0.0048000277, 0.0046519237, 0.0045757187, 0.004419477, 0.0042597833, 0.004179491, 0.0040194746, 0.0038621465, 0.0037850176, 0.0036343806, 0.003488766, 0.0033471433, 0.003277564, 0.003140122, 0.003003918, 0.002935988, 0.0028003189, 0.0026648648, 0.0025295687, 0.002462099, 0.0023277581, 0.0021942619, 0.002127938, 0.0019959642, 0.0018648177, 0.0017994596, 0.0016689961, 0.0015387438, 0.0014083172, 0.001343035, 0.001212299, 0.0010816231, 0.001016344, 0.000885791, 0.0007551116, 0.0006228367, 0.000555345, 0.00041461532, 0.00025974857, 0.00017416418, -1.5666554e-05, -0.00020541255
0, 0, 0, 0, 0, 0, 0, 0, 0, 0.00266171, 0.002768772, 0.0029201244, 0.0033050007, 0.0037027309, 0.0038907838, 0.0042412253, 0.0045605255, 0.0048545473, 0.004993078, 0.005253759, 0.005492118, 0.005602615, 0.0058070305, 0.0059911176, 0.0060766633, 0.0062378636, 0.006389674, 0.006535337, 0.006606429, 0.0067449706, 0.006876783, 0.006939265, 0.0070550027, 0.00715693, 0.0072446405, 0.007283287, 0.007352294, 0.0074129947, 0.007441252, 0.007495162, 0.0075469743, 0.00757218, 0.007620928, 0.007666609, 0.007708385, 0.007727641, 0.0077625504, 0.007792653, 0.0078057037, 0.0078273, 0.007842172, 0.007850003, 0.007851348, 0.007849519, 0.007842881, 0.007838413, 0.007828829, 0.007820144, 0.007816797, 0.0078124553, 0.007811078, 0.0078112935, 0.0078115687, 0.007811114, 0.0078086085, 0.0078062536, 0.007798876, 0.0077876467, 0.007772234, 0.0077626887, 0.007739385, 0.007708901, 0.007690381, 0.0076460205, 0.0075916615, 0.0075283386, 0.0074942484, 0.0074233916, 0.0073525454, 0.0073184073, 0.00725447, 0.0071971165, 0.00717061, 0.007120349, 0.00707004, 0.0070149894, 0.006984435, 0.006915344, 0.0068347175, 0.006790081, 0.0066932198, 0.006587847, 0.0064763273, 0.00641893, 0.0063013886, 0.006180403, 0.0061186715, 0.0059925807, 0.0058636535, 0.0057984362, 0.0056676157, 0.005537741, 0.005410711, 0.0053485697, 0.0052271984, 0.005108825, 0.005050145, 0.0049320757, 0.004810848, 0.004684465, 0.00461897, 0.004483248, 0.0043418603, 0.0042695566, 0.0041228966, 0.0039748154, 0.0039008665, 0.0037539944, 0.0036090773, 0.0034662485, 0.003395589, 0.0032557284, 0.0031170787, 0.0030480758, 0.0029102927, 0.0027725303, 0.0026345241, 0.002565417, 0.0024272522, 0.0022893443, 0.002220679, 0.0020843013, 0.0019495331, 0.0018827942, 0.0017505188, 0.0016194986, 0.0014889897, 0.0014236745, 0.0012923952, 0.0011596531, 0.0010925764, 0.0009567289, 0.00081839605, 0.0006764608, 0.00060369476, 0.00045206575, 0.00028674462, 0.00019636936, -1.3370479e-06, -0.00019521304
0, 0, 0, 0, 0, 0, 0, 0, 0.0033485605, 0.0028036474, 0.0029468164, 0.0031448319, 0.0036086289, 0.0040617283, 0.0042715124, 0.0046558995, 0.0050009526, 0.0053157047, 0.0054636425, 0.0057428605, 0.0059992955, 0.006118644, 0.006338168, 0.006531852, 0.0066195, 0.0067778407, 0.006917068, 0.0070423307, 0.007101052, 0.0072131553, 0.0073190895, 0.007369801, 0.0074653924, 0.007551262, 0.007624857, 0.0076565007, 0.007709002, 0.007748171, 0.007763285, 0.00778624, 0.0078020194, 0.00780798, 0.007817525, 0.007824295, 0.007829229, 0.007831057, 0.007833418, 0.007833533, 0.007832465, 0.007826823, 0.007815194, 0.007795952, 0.0077834935, 0.007753037, 0.007716416, 0.0076964716, 0.007654968, 0.0076133707, 0.0075933835, 0.0075550727, 0.007519293, 0.007484939, 0.007467761, 0.0074328617, 0.007397112, 0.007379027, 0.0073432187, 0.007309038, 0.0072777444, 0.0072632395, 0.007236265, 0.007209769, 0.0071956716, 0.007163135, 0.0071220826, 0.0070699896, 0.0070396913, 0.0069715595, 0.0068964665, 0.0068577123, 0.0067809448, 0.0067087677, 0.006675296, 0.006614167, 0.0065599983, 0.006510173, 0.00648572, 0.006435562, 0.006381394, 0.006352047, 0.006288093, 0.006216702, 0.0061381324, 0.006096356, 0.006008177, 0.0059139337, 0.0058646076, 0.005761476, 0.005653036, 0.0055971295, 0.0054828622, 0.0053669945, 0.005251351, 0.005194159, 0.0050814697, 0.0049712462, 0.0049168286, 0.004808561, 0.004700022, 0.0045895823, 0.0045333114, 0.004418044, 0.004298793, 0.0042376374, 0.0041124425, 0.003983718, 0.0039181793, 0.003785126, 0.0036497782, 0.0035127886, 0.003443905, 0.003305696, 0.0031675384, 0.0030985652, 0.0029609764, 0.0028237097, 0.0026865306, 0.00261788, 0.0024804056, 0.0023427573, 0.0022739642, 0.0021369408, 0.0020012246, 0.0019339899, 0.0018007518, 0.001668967, 0.0015380505, 0.0014726005, 0.001340972, 0.0012072765, 0.0011392775, 0.0010005046, 0.0008571968, 0.00070882926, 0.00063224847, 0.0004725083, 0.00029919654, 0.00020522054, 1.8224202e-06, -0.0001948592
0, 0, 0, 0, 0, 0, 0, 0, 0.0032776876, 0.002847992, 0.0030454644, 0.0032584928, 0.003750129, 0.0042344606, 0.0044601704, 0.0048746574, 0.005244661, 0.005579103, 0.0057356316, 0.0060314056, 0.006305981, 0.0064353026, 0.0066764406, 0.006891987, 0.0069892793, 0.0071630697, 0.0073095527, 0.0074323784, 0.0074864137, 0.0075834934, 0.0076699588, 0.00771021, 0.007785958, 0.007854904, 0.007915145, 0.00794116, 0.00798346, 0.008011084, 0.008019197, 0.008024445, 0.008016943, 0.008009433, 0.00798871, 0.007962224, 0.007932275, 0.007916441, 0.007883523, 0.007849587, 0.007832163, 0.007795743, 0.007756183, 0.007712227, 0.0076883095, 0.007636525, 0.0075799185, 0.0075500654, 0.007488055, 0.00742437, 0.007392321, 0.0073284563, 0.007264791, 0.0072005317, 0.007167697, 0.007100364, 0.0070309825, 0.006995829, 0.0069261114, 0.0068596676, 0.006799582, 0.0067727705, 0.0067263353, 0.006688904, 0.0066726934, 0.006642643, 0.006611462, 0.0065740705, 0.006551817, 0.0064990763, 0.006435439, 0.006400137, 0.006325088, 0.0062478865, 0.0062097996, 0.006137016, 0.0060702497, 0.006010047, 0.005982079, 0.0059291846, 0.005878658, 0.00585365, 0.005802813, 0.0057499805, 0.00569423, 0.005665111, 0.005604422, 0.005539953, 0.005505995, 0.0054342356, 0.005356631, 0.005315518, 0.005228645, 0.00513605, 0.005038834, 0.0049888957, 0.0048871418, 0.0047838273, 0.004731911, 0.0046282117, 0.00452502, 0.0044224393, 0.004371297, 0.004269078, 0.004166336, 0.0041144574, 0.004009153, 0.0039009335, 0.0038454863, 0.0037311777, 0.003612256, 0.0034888324, 0.003425594, 0.00329689, 0.0031662686, 0.0031006373, 0.0029692051, 0.002838111, 0.0027072658, 0.0026418848, 0.0025107434, 0.002378681, 0.0023122274, 0.002178546, 0.0020440975, 0.001976801, 0.0018420885, 0.0017076016, 0.0015733981, 0.0015063647, 0.0013719765, 0.0012361535, 0.0011673496, 0.0010271296, 0.000882361, 0.0007319334, 0.00065400585, 0.00049082283, 0.00031346286, 0.00021742149, 1.0195788e-05, -0.00018889105
0, 0, 0, 0, 0, 0, 0, 0, 0.0017698014, 0.0021094545, 0.002636994, 0.0029209505, 0.0034784894, 0.003996936, 0.0042381813, 0.0046848026, 0.005085686, 0.005447259, 0.0056157787, 0.005933899, 0.006232413, 0.0063758334, 0.0066523207, 0.00691318, 0.007036707, 0.007266726, 0.007469622, 0.007642489, 0.007717458, 0.007845936, 0.007949409, 0.007993425, 0.008068468, 0.008129976, 0.008180038, 0.008201194, 0.008235686, 0.008258674, 0.008265129, 0.008267018, 0.008253847, 0.008241584, 0.008206755, 0.008159473, 0.008101075, 0.008068249, 0.007996224, 0.00791718, 0.007875566, 0.007789157, 0.0076995054, 0.0076080835, 0.007562132, 0.007470201, 0.0073785763, 0.0073329206, 0.0072415434, 0.0071497876, 0.0071037593, 0.0070116958, 0.006919479, 0.006827145, 0.0067808283, 0.006687373, 0.006592071, 0.006543555, 0.0064444924, 0.006343041, 0.006240394, 0.0061892276, 0.006089228, 0.0059948578, 0.0059506716, 0.005869589, 0.0057990164, 0.005738481, 0.0057114637, 0.0056620124, 0.005616087, 0.005593329, 0.005546428, 0.0054957876, 0.0054686693, 0.0054106307, 0.0053477497, 0.0052809217, 0.0052463803, 0.0051760464, 0.0051052924, 0.0050701895, 0.005001525, 0.004936007, 0.0048747812, 0.0048459624, 0.0047918577, 0.0047420384, 0.004718463, 0.00467296, 0.004627907, 0.0046048686, 0.0045567043, 0.004504473, 0.0044470713, 0.004416291, 0.0043504764, 0.0042793155, 0.004241807, 0.0041633314, 0.004080762, 0.0039948113, 0.003950764, 0.00386113, 0.0037701319, 0.0037243874, 0.00363275, 0.0035410062, 0.0034949975, 0.0034024164, 0.0033083188, 0.0032117306, 0.0031623929, 0.0030613628, 0.002957131, 0.002903909, 0.002795864, 0.0026864777, 0.002576526, 0.0025214162, 0.0024105909, 0.0022981146, 0.0022408501, 0.0021234483, 0.0020015116, 0.0019386885, 0.0018095649, 0.0016767717, 0.0015416307, 0.0014736999, 0.0013379478, 0.001203103, 0.0011360048, 0.0010018054, 0.00086592697, 0.0007256902, 0.00065286, 0.00049869606, 0.00032784388, 0.00023381453, 2.7939133e-05, -0.00017285514
0, 0, 0, 0, 0, 0, 0, 0.0019986539, 0.0017328148, 0.0019768048, 0.0024498967, 0.0027102109, 0.003227044, 0.0037164956, 0.003947845, 0.0043831, 0.00478209, 0.0051473635, 0.005318857, 0.005642799, 0.005945831, 0.006091069, 0.0063705686, 0.006636117, 0.006763265, 0.007004278, 0.007224154, 0.0074193277, 0.0075071817, 0.007662842, 0.0077934647, 0.007850105, 0.007947846, 0.008026729, 0.008089105, 0.008114844, 0.008156173, 0.008184908, 0.00819457, 0.008204741, 0.008202785, 0.008197297, 0.008177755, 0.008146536, 0.0081037115, 0.008078005, 0.008018039, 0.007947477, 0.007908542, 0.00782444, 0.007733563, 0.0076377764, 0.007588729, 0.0074892333, 0.007388607, 0.0073381267, 0.007236552, 0.0071342587, 0.007082983, 0.0069805584, 0.0068791364, 0.006779982, 0.006731405, 0.0066363513, 0.0065436102, 0.0064976322, 0.006405028, 0.006309719, 0.0062098806, 0.0061579836, 0.006050654, 0.005940122, 0.0058846427, 0.005775841, 0.0056730886, 0.0055795214, 0.0055369767, 0.0054605277, 0.0053949673, 0.005365594, 0.005311773, 0.0052615195, 0.0052366476, 0.005185727, 0.005131264, 0.0050720666, 0.0050405306, 0.004973908, 0.0049033584, 0.004867046, 0.004793556, 0.0047202217, 0.004648762, 0.0046140035, 0.0045468453, 0.0044830223, 0.0044522453, 0.004392613, 0.0043346016, 0.0043059853, 0.0042489204, 0.0041915937, 0.0041336804, 0.0041043973, 0.004045093, 0.0039842394, 0.003953027, 0.0038881924, 0.0038191117, 0.0037447864, 0.0037054312, 0.003622527, 0.0035346383, 0.0034893302, 0.0033969951, 0.003303757, 0.003257141, 0.0031643969, 0.0030722485, 0.0029800208, 0.002933509, 0.0028389746, 0.0027415566, 0.0026916566, 0.0025895431, 0.0024852299, 0.0023798058, 0.0023270184, 0.0022214262, 0.0021154764, 0.002062136, 0.0019537865, 0.0018421845, 0.0017848604, 0.0016669023, 0.0015449555, 0.0014200432, 0.0013568947, 0.0012303003, 0.001104223, 0.0010414957, 0.00091620063, 0.0007896698, 0.0006592395, 0.00059145753, 0.00044737002, 0.00028607747, 0.0001965028, -1.8346233e-06, -0.00019871509
0, 0, 0, 0, 0, 0, 0.002275747, 0.0020070365, 0.0017773927, 0.0019663593, 0.0023446488, 0.002558451, 0.0029955402, 0.0034250251, 0.003633756, 0.004036918, 0.0044184555, 0.0047769914, 0.004947689, 0.005272212, 0.005575858, 0.0057203434, 0.0059959763, 0.0062549356, 0.0063784467, 0.006613276, 0.006831585, 0.0070320363, 0.007125388, 0.007297757, 0.007451323, 0.0075210147, 0.0076462, 0.007752174, 0.007838779, 0.007874963, 0.007934029, 0.0079769, 0.00799308, 0.008016756, 0.008030504, 0.008034346, 0.008036442, 0.0080308365, 0.008016427, 0.008005198, 0.007974452, 0.007931298, 0.007905228, 0.007844388, 0.007773473, 0.007694526, 0.0076527996, 0.007565679, 0.0074743954, 0.0074273935, 0.007330476, 0.0072295815, 0.0071777566, 0.0070720706, 0.0069653154, 0.006859837, 0.006808421, 0.006709571, 0.00661666, 0.0065721716, 0.0064859358, 0.0064007626, 0.006312769, 0.0062667173, 0.006168945, 0.0060630743, 0.006007481, 0.0058925203, 0.0057756337, 0.0056610117, 0.0056058313, 0.005501698, 0.0054073213, 0.0053640716, 0.0052848994, 0.005213997, 0.0051808213, 0.005117523, 0.005056301, 0.0049947742, 0.0049634776, 0.0048989994, 0.0048315567, 0.004796697, 0.004724896, 0.0046506533, 0.0045746053, 0.0045360923, 0.004458422, 0.004380149, 0.0043408317, 0.004262117, 0.0041833115, 0.00414406, 0.0040660994, 0.0039894287, 0.003915001, 0.0038788137, 0.0038088723, 0.003741787, 0.0037090236, 0.0036436962, 0.0035766966, 0.003505767, 0.0034681747, 0.0033880556, 0.0033016067, 0.003256331, 0.0031628797, 0.0030674532, 0.0030196542, 0.0029248307, 0.002831289, 0.0027387307, 0.0026923378, 0.0025982466, 0.0025013653, 0.002451562, 0.0023494032, 0.0022444702, 0.0021381564, 0.0020850515, 0.0019796647, 0.0018759471, 0.0018246467, 0.0017226638, 0.0016203762, 0.0015686498, 0.0014634337, 0.0013553869, 0.0012446993, 0.0011885981, 0.0010754647, 0.0009616668, 0.0009046538, 0.0007900825, 0.0006736186, 0.0005532432, 0.00049054367, 0.0003571821, 0.00020730971, 0.00012354618, -6.3854895e-05, -0.0002539392
0, 0, 0, 0, 0, 0, 0.0016082443, 0.0015783794, 0.0016501289, 0.0019023295, 0.0022393907, 0.0024194175, 0.002785274, 0.0031505679, 0.0033317178, 0.0036896798, 0.0040392405, 0.0043779337, 0.0045422595, 0.0048592486, 0.0051587913, 0.0053014574, 0.005571837, 0.0058227153, 0.005941027, 0.0061647133, 0.0063729803, 0.0065676384, 0.006660508, 0.006837968, 0.007004749, 0.007083996, 0.0072329827, 0.007367099, 0.0074836486, 0.007534606, 0.007621225, 0.0076883747, 0.007715551, 0.007759253, 0.007792793, 0.0078069987, 0.007831626, 0.007852177, 0.007867442, 0.007872462, 0.007875371, 0.007866843, 0.007857874, 0.007830503, 0.007791875, 0.0077439463, 0.0077172755, 0.0076594106, 0.0075960685, 0.007562342, 0.0074898996, 0.0074100154, 0.007366924, 0.007274687, 0.0071754893, 0.007072098, 0.0070201517, 0.006918067, 0.006821008, 0.0067749196, 0.006687883, 0.0066062724, 0.0065271533, 0.006487337, 0.0064047365, 0.0063160607, 0.006268911, 0.006168751, 0.006061684, 0.0059497273, 0.005892826, 0.0057787397, 0.0056664157, 0.0056116623, 0.005505874, 0.00540569, 0.005357718, 0.005266267, 0.005180248, 0.0050989524, 0.0050597605, 0.0049835336, 0.004909037, 0.004871895, 0.0047969837, 0.004720148, 0.0046404917, 0.004599435, 0.0045146914, 0.0044264086, 0.0043810005, 0.00428793, 0.004192227, 0.004143689, 0.0040457495, 0.0039477437, 0.003851206, 0.0038039165, 0.0037120439, 0.0036243177, 0.0035819442, 0.0034994434, 0.0034184286, 0.0033368117, 0.0032950847, 0.0032087, 0.0031180035, 0.0030710394, 0.0029746923, 0.0028765446, 0.0028273824, 0.0027297307, 0.0026333856, 0.0025379113, 0.0024901123, 0.0023934296, 0.0022941972, 0.002243346, 0.002139242, 0.0020324928, 0.0019245927, 0.0018707518, 0.0017643797, 0.0016607341, 0.001610137, 0.001511161, 0.0014142717, 0.0013661421, 0.0012696799, 0.0011721131, 0.0010729741, 0.0010228296, 0.0009213728, 0.0008185623, 0.0007666816, 0.00066164084, 0.000554069, 0.00044229717, 0.00038403532, 0.00026020236, 0.00012104252, 4.2972726e-05, -0.00013350554, -0.00031669848
0, 0, 0, 0, 0, 0, 0.0014363015, 0.0013633836, 0.0014835056, 0.0017731875, 0.0021024318, 0.0022671225, 0.0025903475, 0.0029059555, 0.0030620494, 0.0033722166, 0.003680554, 0.0039866003, 0.0041379803, 0.0044359975, 0.004724108, 0.0048631113, 0.005128894, 0.0053765015, 0.0054931897, 0.005712824, 0.005916453, 0.006107561, 0.0061995904, 0.006378495, 0.006552085, 0.00663704, 0.0068022497, 0.0069589214, 0.0071030143, 0.007169052, 0.0072871093, 0.0073855384, 0.0074277883, 0.0074997353, 0.007559011, 0.007585195, 0.0076331524, 0.00767716, 0.007717535, 0.007735905, 0.0077673625, 0.0077894055, 0.0077963276, 0.0078013213, 0.0077953143, 0.0077806166, 0.0077707376, 0.007747319, 0.00771967, 0.007704173, 0.007668767, 0.007625461, 0.0076000495, 0.0075403834, 0.0074684126, 0.007385285, 0.007340577, 0.0072471923, 0.0071524363, 0.007105742, 0.0070156464, 0.0069312793, 0.0068524666, 0.0068145944, 0.0067404136, 0.006665741, 0.006627321, 0.006547005, 0.0064607114, 0.006367434, 0.006318115, 0.0062142797, 0.0061041117, 0.006047126, 0.005930254, 0.0058113034, 0.005751682, 0.005633507, 0.005518377, 0.005408022, 0.005354904, 0.005252868, 0.00515596, 0.0051089, 0.005016547, 0.0049250037, 0.0048325597, 0.0047856946, 0.0046900944, 0.004591637, 0.0045412024, 0.0044379635, 0.0043317215, 0.0042773834, 0.0041666096, 0.0040534246, 0.0039385506, 0.003880939, 0.0037661423, 0.003653104, 0.0035975755, 0.0034888214, 0.0033830996, 0.0032798285, 0.0032287354, 0.0031269584, 0.0030247327, 0.0029732517, 0.0028696079, 0.0027655622, 0.0027135948, 0.0026102127, 0.0025080137, 0.0024065832, 0.0023559716, 0.0022543976, 0.0021516068, 0.00209962, 0.0019944378, 0.0018880313, 0.0017812669, 0.0017280461, 0.0016228092, 0.0015199243, 0.0014695857, 0.0013710937, 0.0012751097, 0.0012277473, 0.0011337696, 0.0010399757, 0.0009460109, 0.00089883874, 0.0008040708, 0.0007084416, 0.0006601532, 0.00056228443, 0.00046193026, 0.00035755982, 0.00030316567, 0.00018747535, 5.716467e-05, -1.6339558e-05, -0.00018434758, -0.00036281472
0, 0, 0, 0, 0, 0, 0.0010168685, 0.001058736, 0.0012984817, 0.0016316172, 0.0019694732, 0.0021303706, 0.002434184, 0.0027184582, 0.0028554578, 0.0031239893, 0.0033891995, 0.003654824, 0.0037881774, 0.0040557995, 0.004322246, 0.00445398, 0.0047115656, 0.0049578543, 0.0050756047, 0.0052993074, 0.0055079064, 0.005703622, 0.0057977783, 0.0059811254, 0.0061599067, 0.0062481356, 0.0064222394, 0.0065923114, 0.0067553683, 0.0068330183, 0.006978439, 0.0071081733, 0.0071668467, 0.0072718323, 0.007362556, 0.0074033607, 0.007478427, 0.0075464607, 0.0076093567, 0.007638865, 0.007693369, 0.0077398904, 0.007759736, 0.0077914917, 0.007813455, 0.0078271935, 0.007831839, 0.0078380685, 0.007841621, 0.007842581, 0.00784232, 0.00783722, 0.007831879, 0.007813481, 0.0077823955, 0.007737169, 0.007709328, 0.0076444317, 0.0075698, 0.0075299772, 0.007447758, 0.007365118, 0.0072845467, 0.0072455844, 0.007170016, 0.007097146, 0.0070611285, 0.00698921, 0.0069155, 0.006837789, 0.0067966944, 0.006709144, 0.006612844, 0.0065611717, 0.0064508445, 0.0063320408, 0.006269944, 0.0061416696, 0.00601022, 0.0058782133, 0.0058127237, 0.005683703, 0.0055579497, 0.005496263, 0.005374997, 0.0052557723, 0.005137872, 0.0050792606, 0.0049623786, 0.0048458655, 0.004787681, 0.0046710386, 0.0045537325, 0.004494456, 0.0043741683, 0.0042507066, 0.004123329, 0.0040582987, 0.0039259437, 0.003791617, 0.0037242803, 0.0035903477, 0.0034588955, 0.0033310296, 0.0032685627, 0.0031464868, 0.0030274356, 0.00296875, 0.0028525237, 0.002737376, 0.0026800928, 0.002566117, 0.002453008, 0.0023409547, 0.002285379, 0.0021752215, 0.002066294, 0.0020123047, 0.001905297, 0.0017994983, 0.0016948752, 0.001642982, 0.0015401085, 0.0014384944, 0.0013882511, 0.0012888003, 0.0011907662, 0.0011422737, 0.0010462301, 0.00095129054, 0.0008576203, 0.00081127003, 0.00071929797, 0.0006280302, 0.0005824125, 0.0004906727, 0.00039720745, 0.00030038873, 0.00024995033, 0.00014235775, 2.005318e-05, -4.9627764e-05, -0.00021123166, -0.0003870021
0, 0, 0, 0, 0, 0, 0.0008395133, 0.0009312401, 0.0012302774, 0.0015797968, 0.0019160459, 0.0020730153, 0.0023637642, 0.002628173, 0.0027525497, 0.002990273, 0.0032194203, 0.0034464537, 0.0035605656, 0.0037918198, 0.0040277643, 0.004147049, 0.004386733, 0.004624171, 0.004740556, 0.004966123, 0.005180305, 0.005382934, 0.0054804175, 0.005669286, 0.005851861, 0.005941549, 0.0061186855, 0.006293348, 0.006464769, 0.0065486315, 0.006710977, 0.006863746, 0.006935878, 0.0070707635, 0.0071931966, 0.0072499523, 0.007355453, 0.0074514085, 0.007539533, 0.007580996, 0.0076586497, 0.0077286935, 0.007760505, 0.007817182, 0.007864606, 0.007903725, 0.007920685, 0.007950783, 0.007977358, 0.00798986, 0.00801379, 0.008035676, 0.008045377, 0.008060635, 0.00806766, 0.008063761, 0.008057031, 0.008033361, 0.007996074, 0.007972615, 0.007916931, 0.007851825, 0.007780159, 0.007742642, 0.0076657543, 0.007587767, 0.0075486363, 0.007470631, 0.0073928633, 0.0073148473, 0.007275141, 0.007193303, 0.0071062697, 0.0070601595, 0.006961671, 0.0068541253, 0.0067967814, 0.006675159, 0.006545227, 0.00640853, 0.006338255, 0.0061949585, 0.00604908, 0.005975525, 0.0058277375, 0.005679601, 0.00553183, 0.005458338, 0.005312612, 0.0051692366, 0.005098632, 0.0049595847, 0.0048233327, 0.0047558313, 0.004621246, 0.0044855317, 0.0043469835, 0.0042762565, 0.00413152, 0.0039828788, 0.003907488, 0.0037557948, 0.0036046477, 0.0034560896, 0.0033832812, 0.0032409672, 0.0031030818, 0.0030355495, 0.0029026903, 0.0027718602, 0.00270688, 0.0025776746, 0.0024492752, 0.0023223285, 0.0022597197, 0.0021369092, 0.0020178119, 0.0019598147, 0.0018469541, 0.0017378586, 0.0016320354, 0.0015800379, 0.0014770947, 0.0013750081, 0.0013241305, 0.0012226315, 0.0011216303, 0.0010714951, 0.0009723152, 0.00087519, 0.00078074663, 0.0007346017, 0.0006444683, 0.00055670785, 0.00051351235, 0.00042765733, 0.00034132035, 0.00025248967, 0.00020623559, 0.000107197375, -6.8429385e-06, -7.274549e-05, -0.00022826658, -0.00040130748
0, 0, 0, 0, 0, 0.001490451, 0.0011484732, 0.0011683775, 0.001393314, 0.0016979915, 0.002001694, 0.0021458762, 0.002415904, 0.0026629057, 0.002778622, 0.0029972326, 0.0032034018, 0.0034029507, 0.0035019387, 0.003700908, 0.0039041373, 0.0040079174, 0.0042196685, 0.004435224, 0.0045431857, 0.004757177, 0.004965728, 0.0051665725, 0.005263958, 0.0054529314, 0.005635134, 0.0057242345, 0.00589958, 0.0060722884, 0.006243199, 0.006327842, 0.006495048, 0.0066580647, 0.006737332, 0.0068907593, 0.007036414, 0.0071061333, 0.0072389687, 0.0073629143, 0.0074785138, 0.0075333947, 0.007637318, 0.0077334493, 0.007778464, 0.0078618415, 0.007936208, 0.00800155, 0.008031039, 0.008084108, 0.008130316, 0.00815136, 0.008190495, 0.00822657, 0.008243637, 0.008275967, 0.00830466, 0.008328312, 0.00833759, 0.0083496645, 0.008351217, 0.008347297, 0.008329125, 0.00829664, 0.008249911, 0.008221493, 0.00815565, 0.008079718, 0.008038808, 0.0079529155, 0.0078638755, 0.0077737495, 0.0077286502, 0.0076384735, 0.007547708, 0.0075016404, 0.007406858, 0.0073068836, 0.0072543737, 0.007143107, 0.007022757, 0.006893078, 0.0068249363, 0.0066824956, 0.006532585, 0.0064551304, 0.006295962, 0.0061321417, 0.0059647025, 0.0058800797, 0.0057099494, 0.0055400664, 0.0054556876, 0.005289178, 0.005126383, 0.0050464836, 0.00488933, 0.0047345445, 0.0045805993, 0.0045034024, 0.0043475493, 0.0041891835, 0.0041089957, 0.003947075, 0.0037841098, 0.0036217584, 0.003541248, 0.0033824327, 0.003227066, 0.0031506931, 0.0030002773, 0.0028521628, 0.002778794, 0.0026330892, 0.002488597, 0.0023461557, 0.0022761638, 0.0021392459, 0.0020074118, 0.0019436327, 0.0018204539, 0.001702906, 0.0015902361, 0.0015352961, 0.0014274903, 0.001321455, 0.0012687941, 0.0011639445, 0.0010601517, 0.0010088147, 0.0009078185, 0.0008097704, 0.00071537425, 0.000669666, 0.0005810755, 0.0004958582, 0.0004542503, 0.00037234576, 0.00029086863, 0.00020775353, 0.00016457682, 7.218214e-05, -3.501651e-05, -9.7612996e-05, -0.00024729478, -0.00041696112
0, 0, 0, 0, 0, 0.0018228863, 0.0015204397, 0.001531391, 0.0017089106, 0.001959939, 0.0022184998, 0.0023444223, 0.0025864362, 0.0028146552, 0.0029234313, 0.003131244, 0.0033274726, 0.0035147774, 0.0036060817, 0.003785863, 0.003964713, 0.0040545105, 0.004236484, 0.0044217263, 0.004515459, 0.004703834, 0.0048921006, 0.0050780047, 0.005169747, 0.005350245, 0.0055262055, 0.0056126467, 0.0057827043, 0.005949904, 0.0061152177, 0.006197304, 0.0063601835, 0.00652144, 0.006601106, 0.0067586093, 0.006912983, 0.0069888164, 0.007136925, 0.007279712, 0.007416542, 0.007482637, 0.007609884, 0.0077301306, 0.0077874884, 0.00789625, 0.007996626, 0.008088276, 0.0081305625, 0.008207894, 0.008275125, 0.008305061, 0.008358199, 0.008403678, 0.008424063, 0.008461232, 0.008494846, 0.008525824, 0.008540498, 0.008567811, 0.0085908435, 0.008599968, 0.008611517, 0.00861128, 0.008596134, 0.008582328, 0.008541553, 0.008483444, 0.008448456, 0.008368312, 0.008277736, 0.0081804935, 0.008130502, 0.00802936, 0.007928, 0.0078773545, 0.007775828, 0.007672468, 0.0076194797, 0.007509569, 0.0073928586, 0.0072684065, 0.0072031976, 0.0070667863, 0.006922542, 0.0068476144, 0.0066925236, 0.006530419, 0.006361564, 0.00627469, 0.0060963226, 0.005913145, 0.0058202334, 0.0056332783, 0.005446914, 0.0053546247, 0.005172873, 0.0049954373, 0.004822218, 0.004736965, 0.0045682085, 0.004400393, 0.004316387, 0.0041476926, 0.0039778715, 0.0038073834, 0.0037220898, 0.0035520128, 0.0033836197, 0.0033003273, 0.0031356998, 0.002973695, 0.002893644, 0.0027351927, 0.002578944, 0.002425396, 0.0023499136, 0.0022021155, 0.0020592222, 0.0019898545, 0.0018554233, 0.0017268093, 0.0016036407, 0.0015437868, 0.0014272464, 0.0013140113, 0.0012584304, 0.0011491453, 0.001042573, 0.0009904092, 0.0008885622, 0.00079040154, 0.0006961034, 0.00065037573, 0.0005614866, 0.00047547428, 0.00043336648, 0.000350305, 0.00026782724, 0.0001842062, 0.00014108655, 4.951894e-05, -5.575145e-05, -0.000117034746, -0.00026378722, -0.0004310301
0, 0, 0, 0, 0, 0.0017163613, 0.0017317695, 0.0018079255, 0.0020250862, 0.0022648075, 0.002498676, 0.0026116637, 0.0028309838, 0.0030425065, 0.0031455515, 0.0033464322, 0.0035401855, 0.003726656, 0.0038173818, 0.0039930777, 0.004162354, 0.004244737, 0.00440686, 0.0045664757, 0.004646102, 0.0048060296, 0.004967704, 0.005131411, 0.0052140513, 0.0053802785, 0.0055464413, 0.005629157, 0.0057929573, 0.005954177, 0.0061124847, 0.006190694, 0.0063449717, 0.006497135, 0.0065725483, 0.006722634, 0.0068720174, 0.006946481, 0.0070944754, 0.007240623, 0.0073837675, 0.0074539823, 0.0075908755, 0.007722688, 0.0077863913, 0.007909055, 0.008025334, 0.008134675, 0.008186466, 0.0082835965, 0.008370673, 0.008410077, 0.008479869, 0.008537573, 0.008562088, 0.008603173, 0.0086355535, 0.008661954, 0.0086737545, 0.008695971, 0.008717228, 0.008727467, 0.008746211, 0.008759984, 0.008765264, 0.008763445, 0.008748649, 0.008716858, 0.008694202, 0.008635807, 0.008561512, 0.008474325, 0.008426939, 0.008326849, 0.008221821, 0.008168099, 0.008058809, 0.007946598, 0.00788909, 0.007770775, 0.007647125, 0.0075181928, 0.007451756, 0.007315248, 0.0071742744, 0.007102284, 0.006955136, 0.006803066, 0.0066450126, 0.0065632155, 0.0063933213, 0.006214661, 0.0061222026, 0.005932207, 0.0057375547, 0.0056394334, 0.005443667, 0.005250629, 0.0050622006, 0.0049699307, 0.004788889, 0.004611386, 0.004523419, 0.004348026, 0.0041724415, 0.003996358, 0.0039081085, 0.003731589, 0.0035560094, 0.0034689454, 0.0032969178, 0.0031281954, 0.0030450854, 0.0028815055, 0.0027211304, 0.0025638633, 0.002486471, 0.0023342585, 0.0021859717, 0.0021133667, 0.0019714057, 0.0018340435, 0.0017013557, 0.0016367744, 0.001511169, 0.0013899307, 0.0013310136, 0.0012165844, 0.0011064917, 0.00105308, 0.0009495039, 0.0008498027, 0.00075344864, 0.00070631405, 0.00061341113, 0.0005219893, 0.0004766284, 0.00038632695, 0.000296088, 0.00020480838, 0.00015818984, 6.034645e-05, -4.976484e-05, -0.000112888345, -0.00026204254, -0.00042975764
0, 0, 0, 0, 0.0022788218, 0.001818034, 0.0018618004, 0.0019751596, 0.0022492404, 0.0025189074, 0.0027640106, 0.0028781146, 0.003093894, 0.0032986985, 0.0033985104, 0.0035946448, 0.0037873124, 0.0039764796, 0.004069513, 0.0042504435, 0.004423338, 0.00450611, 0.004664381, 0.0048141247, 0.0048864256, 0.0050286264, 0.0051704803, 0.0053152475, 0.005389343, 0.0055414215, 0.0056973808, 0.005776312, 0.0059339805, 0.006089753, 0.0062414357, 0.0063155377, 0.0064603155, 0.0066009336, 0.0066701863, 0.0068075336, 0.0069442224, 0.007012519, 0.007149191, 0.0072851214, 0.0074192667, 0.0074852295, 0.007614276, 0.0077387444, 0.0077991784, 0.0079163965, 0.008029223, 0.008138098, 0.008191008, 0.0082936315, 0.008390286, 0.008435694, 0.008518991, 0.008590248, 0.00862063, 0.008670394, 0.008705828, 0.008728843, 0.008736623, 0.008747053, 0.008753512, 0.008756144, 0.0087612, 0.008766074, 0.008769327, 0.00876945, 0.008764444, 0.008749463, 0.008737236, 0.008701896, 0.008651559, 0.008586646, 0.008549053, 0.008464836, 0.0083702225, 0.008319572, 0.008212225, 0.008097308, 0.008037086, 0.007911307, 0.0077788318, 0.007640844, 0.007570252, 0.0074268235, 0.0072818636, 0.0072091846, 0.0070635783, 0.006917273, 0.0067686858, 0.0066928044, 0.0065364763, 0.006372146, 0.006286717, 0.006109438, 0.005924695, 0.005830214, 0.005638861, 0.005446866, 0.005256733, 0.0051628347, 0.004977553, 0.004795144, 0.0047047166, 0.004524558, 0.0043448154, 0.0041651824, 0.004075469, 0.0038967344, 0.0037197226, 0.0036322705, 0.003460116, 0.0032920227, 0.0032095981, 0.0030479373, 0.0028900425, 0.0027354828, 0.002659277, 0.0025088633, 0.002361249, 0.0022884689, 0.0021451088, 0.0020048295, 0.0018679553, 0.0018009288, 0.0016698923, 0.0015432426, 0.0014816758, 0.0013622621, 0.0012477762, 0.001192274, 0.0010844617, 0.0009801597, 0.00087830843, 0.0008279294, 0.0007277217, 0.00062769576, 0.0005775172, 0.0004767813, 0.0003755227, 0.00027314437, 0.00022110024, 0.000112865644, -6.9765188e-06, -7.453348e-05, -0.00023105099, -0.00040268636
0, 0, 0, 0, 0.0016500378, 0.0015995497, 0.0018230478, 0.001991691, 0.00234881, 0.0026793766, 0.0029678452, 0.003097531, 0.0033342238, 0.0035485087, 0.003650193, 0.0038469955, 0.004039349, 0.0042298483, 0.004324576, 0.0045118267, 0.0046932753, 0.004780852, 0.0049476936, 0.005103217, 0.005176778, 0.0053177574, 0.0054538287, 0.0055894605, 0.0056582796, 0.005799591, 0.00594584, 0.0060203066, 0.006170361, 0.006318921, 0.006463069, 0.006532859, 0.006667591, 0.006796548, 0.0068594003, 0.006982863, 0.007104868, 0.0071657146, 0.0072870064, 0.007407233, 0.0075249504, 0.007582273, 0.0076927682, 0.0077969367, 0.007846702, 0.007941982, 0.008032937, 0.008121519, 0.008165551, 0.008253563, 0.008341118, 0.008384223, 0.008467236, 0.0085429475, 0.008576785, 0.008634384, 0.008676472, 0.008702498, 0.008709791, 0.0087147, 0.00870931, 0.00870393, 0.008690015, 0.008674262, 0.008658344, 0.008650264, 0.008633112, 0.008613001, 0.008600997, 0.00857168, 0.008533557, 0.008484953, 0.008456434, 0.008390541, 0.008313119, 0.008270124, 0.008175613, 0.008069938, 0.008012985, 0.007891263, 0.0077599618, 0.007620695, 0.0075487634, 0.007401674, 0.0072523276, 0.0071774726, 0.0070283683, 0.0068804137, 0.00673326, 0.0066595348, 0.006510556, 0.0063579413, 0.006279868, 0.0061195167, 0.0059537077, 0.005868953, 0.005696463, 0.0055213296, 0.0053450232, 0.0052567646, 0.005080274, 0.004903636, 0.0048151757, 0.004637986, 0.0044605937, 0.004283349, 0.004195123, 0.004020142, 0.0038479255, 0.0037631707, 0.003596656, 0.0034344664, 0.00335495, 0.0031988346, 0.0030461713, 0.0028963813, 0.00282244, 0.002676428, 0.0025327182, 0.0024617808, 0.0023218044, 0.0021843687, 0.0020495383, 0.001983093, 0.0018522331, 0.0017244098, 0.0016616915, 0.0015389733, 0.001419956, 0.0013617061, 0.0012476218, 0.0011362124, 0.0010266394, 0.0009722623, 0.0008638949, 0.00075533404, 0.0007007911, 0.0005912083, 0.00048082403, 0.0003690037, 0.0003120899, 0.00019379081, 6.349736e-05, -9.361279e-06, -0.00017570253, -0.00035309108
0, 0, 0, 0, 0.0012157625, 0.0013442932, 0.0017136196, 0.0019329753, 0.0023685612, 0.0027623978, 0.0031041212, 0.0032566646, 0.003530258, 0.003770182, 0.0038809127, 0.00408924, 0.004286998, 0.0044801175, 0.0045759804, 0.004766748, 0.00495476, 0.0050467877, 0.0052244747, 0.005391861, 0.005471222, 0.0056216004, 0.005763034, 0.0058986726, 0.005965482, 0.0060994932, 0.0062352465, 0.0063039805, 0.006442107, 0.006578971, 0.0067117303, 0.006775888, 0.006899224, 0.007015992, 0.00707233, 0.007182264, 0.007289942, 0.007343374, 0.007449686, 0.007554636, 0.007656285, 0.0077050775, 0.007797034, 0.007880278, 0.00791844, 0.007988415, 0.008051414, 0.0081103025, 0.008139246, 0.008197661, 0.008258083, 0.008289129, 0.00835202, 0.008413624, 0.008442814, 0.008495316, 0.0085368585, 0.008564949, 0.008573573, 0.008579668, 0.008572032, 0.008563694, 0.008539529, 0.008507995, 0.00847151, 0.008451978, 0.008411299, 0.008368814, 0.008346927, 0.008301413, 0.0082531115, 0.008200699, 0.008172573, 0.008111611, 0.0080435, 0.00800637, 0.007925415, 0.0078345165, 0.0077852104, 0.007678587, 0.0075615435, 0.007434929, 0.007368489, 0.0072303936, 0.0070868633, 0.0070137796, 0.006866148, 0.0067179427, 0.006569889, 0.0064959875, 0.006348354, 0.0062007685, 0.0061268513, 0.0059786565, 0.0058295988, 0.0057546487, 0.0056037, 0.00545115, 0.005296661, 0.0052186395, 0.005060911, 0.0049006306, 0.004819565, 0.004655906, 0.0044909576, 0.0043258993, 0.0042437357, 0.0040809605, 0.0039209146, 0.0038420917, 0.00368673, 0.0035343121, 0.0034590517, 0.0033100168, 0.0031627172, 0.0030172188, 0.002945229, 0.002802959, 0.002663355, 0.00259469, 0.0024597961, 0.0023278282, 0.0021984458, 0.002134501, 0.0020076414, 0.0018819517, 0.0018195627, 0.0016956859, 0.0015731364, 0.0015124201, 0.0013922845, 0.0012738903, 0.0011572854, 0.0010995277, 0.0009847356, 0.0008703594, 0.00081319263, 0.00069857744, 0.0005830659, 0.00046553416, 0.0004053327, 0.0002794303, 0.00014014452, 6.2428786e-05, -0.00011328824, -0.00029611215
0, 0, 0, 0, 0.0011175729, 0.0012943274, 0.0016980048, 0.0019302028, 0.0023903558, 0.0028130559, 0.0031886988, 0.0033592836, 0.0036691043, 0.0039420463, 0.0040672235, 0.0042993017, 0.0045136106, 0.004716726, 0.004815716, 0.0050107385, 0.005202245, 0.005296416, 0.005480054, 0.0056556663, 0.0057399375, 0.00590032, 0.006049809, 0.0061896704, 0.0062566195, 0.0063862447, 0.0065123476, 0.00657474, 0.0066982736, 0.006819635, 0.0069373813, 0.00699457, 0.0071045323, 0.007208409, 0.0072582997, 0.0073547033, 0.0074477857, 0.0074936273, 0.0075843288, 0.0076735853, 0.00775999, 0.0078013665, 0.007878837, 0.007947402, 0.007977865, 0.008030709, 0.008073399, 0.008107909, 0.008122998, 0.008150491, 0.008176907, 0.008190356, 0.008218339, 0.00824748, 0.008262053, 0.00828971, 0.008313366, 0.008330541, 0.008335975, 0.008339257, 0.008331479, 0.008323237, 0.008298117, 0.00826185, 0.008215224, 0.008188505, 0.008129322, 0.0080640465, 0.00802972, 0.007958932, 0.007886413, 0.007813262, 0.0077765193, 0.0077028405, 0.007627987, 0.0075899223, 0.007511526, 0.007428933, 0.007385565, 0.007293913, 0.0071949856, 0.0070883133, 0.0070320354, 0.0069137737, 0.006788536, 0.006723565, 0.0065897685, 0.006451993, 0.006311368, 0.00624036, 0.0060977857, 0.005955502, 0.0058848416, 0.0057450267, 0.005607521, 0.0055396096, 0.005405095, 0.005271464, 0.005137474, 0.0050700004, 0.004933232, 0.0047938093, 0.0047231205, 0.0045800586, 0.0044356463, 0.004291023, 0.0042189946, 0.0040760986, 0.0039349757, 0.0038650723, 0.0037262302, 0.0035878683, 0.0035186221, 0.0033795256, 0.0032397343, 0.003099978, 0.0030303826, 0.002892435, 0.0027572254, 0.0026908906, 0.0025609192, 0.0024343003, 0.0023102916, 0.0022488786, 0.0021264725, 0.0020038683, 0.0019423063, 0.0018186957, 0.0016944887, 0.0016323929, 0.0015085903, 0.0013858993, 0.0012647919, 0.0012048588, 0.0010861837, 0.000968429, 0.0009096663, 0.0007919273, 0.0006727501, 0.00055064884, 0.0004875881, 0.0003547561, 0.00020710043, 0.00012487939, -5.9134916e-05, -0.00024621657
0, 0, 0, 0.001828035, 0.0015560406, 0.0015042914, 0.0018242886, 0.0020297526, 0.002452767, 0.002857461, 0.0032323226, 0.0034080895, 0.0037370666, 0.0040371036, 0.0041769035, 0.0044381707, 0.0046780873, 0.004900987, 0.0050074044, 0.0052125435, 0.0054093734, 0.0055051036, 0.0056910813, 0.0058698114, 0.0059559927, 0.006121631, 0.0062771766, 0.006422091, 0.006490597, 0.0066206097, 0.006742559, 0.006801015, 0.0069141933, 0.007022881, 0.0071273074, 0.0071779112, 0.00727529, 0.007367258, 0.0074110995, 0.007494354, 0.0075724795, 0.007610022, 0.007682638, 0.007752648, 0.007820186, 0.007852787, 0.007914749, 0.007970733, 0.007995848, 0.008039242, 0.0080723595, 0.008094577, 0.008101785, 0.008109119, 0.008108852, 0.008106509, 0.008099042, 0.008089295, 0.008084041, 0.008073294, 0.008062388, 0.008050912, 0.008044682, 0.00803026, 0.008011795, 0.008000387, 0.007971972, 0.007934394, 0.007886159, 0.007857823, 0.0077925716, 0.007717028, 0.0076759076, 0.007588631, 0.0074966867, 0.007402651, 0.007355595, 0.007262415, 0.0071710087, 0.007126135, 0.007037721, 0.0069504282, 0.0069067753, 0.0068187243, 0.006728693, 0.0066356473, 0.0065877116, 0.0064886464, 0.0063847867, 0.0063310144, 0.0062196082, 0.006103091, 0.005981909, 0.005919813, 0.0057933303, 0.005665059, 0.0056007756, 0.005472902, 0.0053470344, 0.005285123, 0.0051634223, 0.005044064, 0.004926168, 0.0048673553, 0.0047491565, 0.0046297065, 0.0045694946, 0.0044481573, 0.0043262355, 0.0042044837, 0.0041438583, 0.0040233904, 0.003903838, 0.0038443308, 0.0037251816, 0.0036047199, 0.0035436773, 0.0034195338, 0.003292861, 0.0031642723, 0.0030996827, 0.00297079, 0.0028432522, 0.00278031, 0.002656367, 0.002535047, 0.0024154552, 0.0023559863, 0.0022369316, 0.0021168122, 0.002056193, 0.0019336593, 0.0018098804, 0.0017476566, 0.0016230639, 0.0014989494, 0.0013756724, 0.001314461, 0.0011927523, 0.0010712751, 0.001010407, 0.000887626, 0.0007622838, 0.0006325685, 0.00056521833, 0.00042302458, 0.00026526267, 0.00017806936, -1.4564383e-05, -0.00020552168
0, 0, 0, 0.0016066091, 0.0015711128, 0.001677313, 0.001976774, 0.0021553773, 0.0025231673, 0.0028838976, 0.0032311415, 0.0033994569, 0.0037251392, 0.00403504, 0.0041836104, 0.0044671954, 0.004732093, 0.0049787457, 0.0050956705, 0.0053178663, 0.005526239, 0.005625943, 0.005817532, 0.005999702, 0.0060876645, 0.006257252, 0.006418374, 0.00657009, 0.006642284, 0.0067793042, 0.006906481, 0.006966596, 0.0070804902, 0.0071867527, 0.0072862916, 0.007333822, 0.007424138, 0.007508096, 0.007547392, 0.0076202285, 0.0076852595, 0.0077149174, 0.0077692587, 0.007817887, 0.007862384, 0.007883423, 0.007923635, 0.007961077, 0.007978571, 0.008009875, 0.0080345115, 0.008050172, 0.008053936, 0.008052767, 0.008039387, 0.0080283545, 0.007998338, 0.007959559, 0.007937772, 0.007891024, 0.007842181, 0.007793354, 0.007769442, 0.0077230395, 0.007678309, 0.007656262, 0.0076115658, 0.007563988, 0.007510892, 0.00748154, 0.0074161445, 0.007341155, 0.007300034, 0.0072113457, 0.007115332, 0.0070143347, 0.0069627343, 0.006858586, 0.006754673, 0.0067031733, 0.006601548, 0.006501908, 0.006452875, 0.0063561867, 0.0062611867, 0.0061676605, 0.0061213644, 0.006029485, 0.005938196, 0.0058925143, 0.0058004754, 0.0057065366, 0.0056096134, 0.0055598756, 0.005457637, 0.0053520044, 0.0052981386, 0.0051892498, 0.0050799674, 0.005025619, 0.004918148, 0.004812855, 0.0047096894, 0.004658658, 0.004557295, 0.0044561587, 0.0044054654, 0.0043039634, 0.0042023174, 0.0041007916, 0.004050125, 0.00394925, 0.0038488256, 0.0037987449, 0.0036982757, 0.0035965752, 0.0035449283, 0.0034396525, 0.0033314424, 0.0032203917, 0.003164054, 0.0030502877, 0.002935564, 0.002878145, 0.0027634744, 0.0026490546, 0.0025345795, 0.002477132, 0.0023614294, 0.002244085, 0.0021847044, 0.0020645377, 0.0019428234, 0.0018814735, 0.0017580286, 0.0016339889, 0.001509495, 0.0014470546, 0.0013214486, 0.0011944033, 0.0011300497, 0.0009989017, 0.0008636822, 0.0007227568, 0.00064946414, 0.0004949637, 0.0003248421, 0.00023181544, 2.933568e-05, -0.00016627065
0, 0, 0, 0.0018704865, 0.0017179193, 0.0017758053, 0.0020496834, 0.002210287, 0.0025378182, 0.0028597368, 0.003174437, 0.0033297054, 0.0036365453, 0.0039380565, 0.00408628, 0.004375938, 0.004654331, 0.004918921, 0.0050455434, 0.005286765, 0.005512323, 0.0056195366, 0.005823746, 0.0060161785, 0.0061086277, 0.0062869973, 0.0064571598, 0.0066195363, 0.006697759, 0.006847791, 0.0069887196, 0.0070555042, 0.007181206, 0.007296596, 0.0074020205, 0.007451199, 0.007542596, 0.0076250196, 0.007662711, 0.00773088, 0.0077887033, 0.007813779, 0.007856204, 0.007888906, 0.007913606, 0.007923469, 0.007939809, 0.007952944, 0.007958702, 0.007968871, 0.007976274, 0.007979307, 0.007978482, 0.007970576, 0.007952314, 0.007938703, 0.007902029, 0.007852693, 0.007823703, 0.007758186, 0.0076848976, 0.0076069348, 0.007567079, 0.0074875457, 0.007409897, 0.0073721544, 0.007299188, 0.0072286823, 0.007159165, 0.0071241, 0.0070521347, 0.0069760233, 0.0069359997, 0.006851517, 0.006761063, 0.0066654114, 0.0066159125, 0.006514304, 0.0064099855, 0.006357032, 0.0062501533, 0.00614249, 0.006088579, 0.0059811147, 0.005874907, 0.0057712113, 0.005720725, 0.005623108, 0.0055308132, 0.0054866862, 0.0054020667, 0.005321028, 0.0052417014, 0.0052020513, 0.0051216604, 0.005038742, 0.004996131, 0.0049086222, 0.004818906, 0.0047735623, 0.0046829004, 0.0045934976, 0.004506003, 0.0044630305, 0.0043783383, 0.004294677, 0.004252872, 0.004169123, 0.00408471, 0.0039994256, 0.0039564916, 0.0038703028, 0.0037840386, 0.0037409598, 0.003654937, 0.0035688914, 0.0035256168, 0.0034382106, 0.003348937, 0.003257052, 0.0032100733, 0.0031138046, 0.0030144716, 0.00296373, 0.002860392, 0.0027547395, 0.002646912, 0.0025922349, 0.0024812082, 0.0023681072, 0.0023107827, 0.0021944987, 0.0020760545, 0.00201608, 0.0018946163, 0.0017710404, 0.0016453308, 0.0015815528, 0.0014517485, 0.0013185313, 0.0012503696, 0.0011105025, 0.000965305, 0.0008136195, 0.000734718, 0.0005686615, 0.00038711674, 0.00028857388, 7.644648e-05, -0.00012426836
0, 0, 0, 0.0014647953, 0.0014647013, 0.0016517009, 0.00196037, 0.0021251703, 0.0024492517, 0.002758732, 0.0030558917, 0.0032011725, 0.003487741, 0.0037710574, 0.003912088, 0.004192173, 0.004468724, 0.0047393306, 0.0048713414, 0.005127048, 0.005369791, 0.0054859356, 0.005707696, 0.005916351, 0.0060162973, 0.0062085898, 0.006392022, 0.006567966, 0.0066532777, 0.006818478, 0.0069754813, 0.0070504043, 0.0071919216, 0.0073215505, 0.007438563, 0.007492358, 0.007590815, 0.007677734, 0.007717055, 0.0077876546, 0.007847418, 0.007873206, 0.007915769, 0.007946235, 0.007964584, 0.007969525, 0.007971778, 0.007965962, 0.007960732, 0.0079470845, 0.007930709, 0.007912497, 0.007902773, 0.007881376, 0.007855857, 0.007840737, 0.0078043393, 0.0077576176, 0.0077298717, 0.0076651927, 0.007588682, 0.00750165, 0.00745493, 0.007356926, 0.007255763, 0.007204959, 0.007104517, 0.007007044, 0.0069131143, 0.0068674674, 0.0067781685, 0.0066905306, 0.0066468194, 0.006559007, 0.0064697014, 0.006378581, 0.0063321884, 0.0062376647, 0.0061404556, 0.0060907593, 0.0059889476, 0.005883959, 0.005830219, 0.005720792, 0.0056096604, 0.0054985243, 0.005443694, 0.005337071, 0.0052364683, 0.0051889755, 0.00510011, 0.0050188024, 0.004943588, 0.004907605, 0.004837352, 0.004767522, 0.0047322605, 0.004660109, 0.004586146, 0.004548599, 0.0044730995, 0.00439847, 0.0043255566, 0.0042899256, 0.0042200997, 0.004151493, 0.004117243, 0.004048192, 0.0039775893, 0.003904833, 0.0038676565, 0.0037920396, 0.003715416, 0.0036770115, 0.0036004737, 0.0035246157, 0.0034868906, 0.0034115708, 0.003335572, 0.003257684, 0.0032176056, 0.0031346665, 0.0030475229, 0.0030023044, 0.0029086792, 0.0028110843, 0.0027100448, 0.0026583318, 0.0025529002, 0.002444919, 0.0023899777, 0.002278161, 0.0021633753, 0.0021048083, 0.001985228, 0.0018621866, 0.0017355409, 0.0016708235, 0.0015383245, 0.0014012659, 0.0013309494, 0.0011864691, 0.0010363462, 0.00087942905, 0.00079780363, 0.00062596414, 0.00043812368, 0.00033626318, 0.000117921496, -8.63521e-05
0, 0, 0, 0.0009967951, 0.001077205, 0.0013737942, 0.0017363309, 0.0019172917, 0.0022625069, 0.0025824727, 0.0028807828, 0.0030234647, 0.003299362, 0.003567184, 0.0036996426, 0.003963999, 0.004229473, 0.004495565, 0.004628108, 0.0048899357, 0.0051443055, 0.0052676243, 0.0055050813, 0.005729562, 0.005837136, 0.006043469, 0.0062398543, 0.006427931, 0.0065192054, 0.006696439, 0.0068655293, 0.0069465484, 0.0071002375, 0.007241116, 0.00736818, 0.0074264645, 0.0075327763, 0.0076266066, 0.0076693227, 0.0077474075, 0.0078164395, 0.007847518, 0.00790198, 0.007944827, 0.007974106, 0.007983276, 0.007990379, 0.007983148, 0.007974688, 0.007949692, 0.007916903, 0.007879785, 0.007860494, 0.007821812, 0.007783461, 0.00776424, 0.007724419, 0.007680589, 0.0076562287, 0.007601005, 0.00753498, 0.0074568987, 0.007413343, 0.007317908, 0.007213714, 0.007159131, 0.007047126, 0.006933655, 0.0068210866, 0.0067656357, 0.0066568847, 0.0065510734, 0.0064993105, 0.0063975924, 0.006298144, 0.006200754, 0.006152741, 0.006057852, 0.0059639635, 0.0059170783, 0.0058226595, 0.005726388, 0.0056772106, 0.0055764643, 0.0054722023, 0.0053650932, 0.0053110295, 0.005203227, 0.0050982074, 0.005047498, 0.0049509616, 0.0048617963, 0.004779751, 0.0047411434, 0.0046675443, 0.004597414, 0.004563045, 0.0044949614, 0.00442717, 0.0043933443, 0.0043261345, 0.004260212, 0.0041961973, 0.0041650226, 0.0041041407, 0.0040445845, 0.0040149083, 0.00395486, 0.003892804, 0.003828089, 0.0037946594, 0.0037259911, 0.0036555706, 0.003620021, 0.0035487062, 0.0034775715, 0.0034421484, 0.0033713302, 0.003299942, 0.003226833, 0.003189183, 0.003111089, 0.0030288787, 0.002986139, 0.0028973941, 0.002804597, 0.00270828, 0.0026588845, 0.002558023, 0.0024542864, 0.002401288, 0.002292907, 0.0021806953, 0.0021230618, 0.0020045452, 0.0018817426, 0.0017547678, 0.0016897672, 0.0015567648, 0.0014197155, 0.0013496496, 0.0012061332, 0.0010574871, 0.0009022998, 0.0008215255, 0.00065096316, 0.00046330845, 0.00036112842, 0.0001416258, -6.327071e-05
0, 0, 0, 0.0006682552, 0.00077558286, 0.0011080442, 0.0014885098, 0.001675964, 0.0020327915, 0.0023634757, 0.0026696057, 0.0028144694, 0.003090367, 0.0033526046, 0.0034804672, 0.0037339586, 0.003988267, 0.0042458684, 0.0043758196, 0.0046363017, 0.0048941374, 0.005020706, 0.0052665784, 0.0055006715, 0.005612843, 0.0058278907, 0.006031777, 0.0062267333, 0.006321203, 0.0065046037, 0.0066799303, 0.0067641037, 0.00692419, 0.0070714517, 0.0072046653, 0.0072658146, 0.0073778764, 0.0074777873, 0.0075239493, 0.0076102233, 0.0076900204, 0.0077276407, 0.0077978955, 0.007859458, 0.007909675, 0.00792949, 0.007957211, 0.00796758, 0.007966273, 0.007951476, 0.007922865, 0.007883966, 0.007861994, 0.007815219, 0.0077670766, 0.0077430503, 0.007695461, 0.007648039, 0.0076238234, 0.007572975, 0.0075164745, 0.0074519226, 0.0074159876, 0.007336563, 0.0072470424, 0.00719887, 0.007096408, 0.006987512, 0.006874285, 0.0068165823, 0.0067001074, 0.006583157, 0.0065248366, 0.0064090467, 0.006295195, 0.0061842683, 0.0061302395, 0.006025418, 0.005925223, 0.005876754, 0.0057826084, 0.0056911013, 0.0056458456, 0.005555331, 0.005463287, 0.005368723, 0.005320348, 0.0052218004, 0.005121893, 0.005071943, 0.0049734134, 0.004877969, 0.004786819, 0.0047430745, 0.0046590357, 0.004579198, 0.004540652, 0.004465966, 0.0043939697, 0.0043588555, 0.004290388, 0.0042240866, 0.004160075, 0.00412888, 0.0040680515, 0.0040086075, 0.0039791064, 0.0039197956, 0.003859145, 0.003796376, 0.0037641004, 0.0036979713, 0.0036300384, 0.003595492, 0.0035255388, 0.0034545807, 0.0034187108, 0.0033461058, 0.0032719262, 0.00319552, 0.0031562976, 0.0030753345, 0.0029910987, 0.0029477042, 0.0028586842, 0.0027667445, 0.0026720574, 0.0026237338, 0.0025250858, 0.0024234215, 0.0023713273, 0.0022641898, 0.0021526164, 0.002095004, 0.0019762185, 0.001852943, 0.0017256172, 0.0016606839, 0.0015284695, 0.0013934236, 0.0013247854, 0.0011849264, 0.001040798, 0.0008905142, 0.00081216334, 0.0006461476, 0.00046225352, 0.00036154245, 0.00014420271, -5.9310387e-05
0, 0, 0, 0.0005740858, 0.00067303143, 0.0009733816, 0.0013205532, 0.0014945253, 0.0018328374, 0.0021548236, 0.0024594753, 0.0026052108, 0.0028839353, 0.0031480256, 0.0032759693, 0.0035269663, 0.003775692, 0.0040259864, 0.004152237, 0.0044064038, 0.004660217, 0.004785739, 0.005031227, 0.0052664117, 0.0053793914, 0.005596135, 0.005801514, 0.0059976336, 0.006092729, 0.006277756, 0.006455681, 0.0065415245, 0.0067059463, 0.006858544, 0.0069975974, 0.007061798, 0.007179793, 0.007285639, 0.0073348335, 0.0074274633, 0.007514611, 0.0075565996, 0.007637421, 0.0077129523, 0.0077809026, 0.00781104, 0.0078617865, 0.007897719, 0.007909599, 0.0079209935, 0.007916552, 0.007898056, 0.007884276, 0.007849375, 0.00780681, 0.007783492, 0.007734136, 0.0076824506, 0.007655998, 0.0076022143, 0.0075467858, 0.0074887113, 0.0074583925, 0.0073941494, 0.0073243263, 0.0072869607, 0.0072067287, 0.0071189525, 0.007023706, 0.006973429, 0.006868216, 0.0067575024, 0.0067005553, 0.0065842723, 0.0064661345, 0.006348075, 0.00628976, 0.006175424, 0.0060654324, 0.006012465, 0.0059108483, 0.005814886, 0.0057687946, 0.0056797117, 0.005593223, 0.005507497, 0.005464419, 0.0053768614, 0.0052867946, 0.005240788, 0.005147078, 0.0050519523, 0.004956814, 0.004909598, 0.0048165857, 0.0047261426, 0.0046819667, 0.004596034, 0.004513444, 0.0044733235, 0.004395368, 0.004320031, 0.0042470065, 0.0042112907, 0.00414113, 0.004072448, 0.0040385025, 0.003970925, 0.0039033783, 0.0038351775, 0.0038007975, 0.0037312864, 0.003660558, 0.003624681, 0.0035516457, 0.0034766304, 0.0034382702, 0.0033598668, 0.0032788608, 0.003195131, 0.0031522848, 0.0030645593, 0.002974477, 0.002928695, 0.002835856, 0.0027413948, 0.002645177, 0.002596376, 0.0024970071, 0.0023946755, 0.0023421126, 0.002233759, 0.0021207756, 0.0020624301, 0.001942306, 0.0018179575, 0.0016900727, 0.001625127, 0.0014934948, 0.0013598218, 0.0012921697, 0.0011548527, 0.0010135629, 0.0008661961, 0.000789254, 0.00062601495, 0.00044489378, 0.00034552696, 0.00013064349, -7.1306735e-05
0, 0, 0.0009677206, 0.00074019015, 0.00077353837, 0.0009898723, 0.0012768193, 0.0014259714, 0.0017235862, 0.0020168647, 0.0023038876, 0.0024444272, 0.0027184624, 0.0029825869, 0.0031111687, 0.0033626137, 0.003608794, 0.0038528151, 0.0039747083, 0.0042186026, 0.0044618906, 0.004582476, 0.004819566, 0.005048641, 0.005159299, 0.005372608, 0.0055755945, 0.0057699676, 0.0058645243, 0.0060492805, 0.006228552, 0.0063160164, 0.0064853737, 0.006645412, 0.006793538, 0.006862708, 0.006990671, 0.007105667, 0.0071588196, 0.0072580203, 0.007349901, 0.007393651, 0.007477682, 0.0075573046, 0.0076317308, 0.0076666307, 0.007730436, 0.0077851173, 0.0078084623, 0.007846603, 0.007872927, 0.007886834, 0.007889081, 0.007883983, 0.00786638, 0.007853067, 0.007818391, 0.0077745556, 0.007749968, 0.0076969624, 0.007640945, 0.0075841, 0.0075557414, 0.00749935, 0.007442931, 0.0074142492, 0.0073548686, 0.007291049, 0.007221019, 0.0071833422, 0.007102226, 0.0070134634, 0.0069664377, 0.0068676346, 0.0067635495, 0.0066556167, 0.0066006673, 0.0064898217, 0.006379032, 0.006324094, 0.006216236, 0.0061119087, 0.006061397, 0.005963739, 0.005870601, 0.00578121, 0.0057376386, 0.005651543, 0.005565304, 0.005521595, 0.005432387, 0.0053403713, 0.005245857, 0.0051978976, 0.0051012235, 0.005004327, 0.0049560647, 0.004860432, 0.0047664996, 0.0047202692, 0.0046292404, 0.0045399466, 0.0044519766, 0.00440845, 0.004322206, 0.0042371033, 0.0041949977, 0.00411157, 0.004029369, 0.0039480696, 0.0039077075, 0.00382729, 0.0037467189, 0.0037061716, 0.0036240956, 0.0035402505, 0.003497506, 0.003410285, 0.0033205445, 0.0032283524, 0.0031814275, 0.0030860514, 0.0029890256, 0.0029399977, 0.0028411094, 0.002741238, 0.002640191, 0.002589127, 0.0024854403, 0.0023791604, 0.0023247593, 0.0022131049, 0.0020973722, 0.002037999, 0.0019162709, 0.0017910439, 0.0016629493, 0.0015980189, 0.0014666166, 0.0013332887, 0.0012658174, 0.0011286676, 0.0009872464, 0.0008395146, 0.0007623861, 0.0005989915, 0.0004184216, 0.00031967502, 0.00010641922, -9.451071e-05
0, 0, 0.0007697363, 0.00078398327, 0.000859103, 0.0010868723, 0.001348128, 0.0014799256, 0.0017412723, 0.0020010406, 0.0022603222, 0.002389739, 0.0026470737, 0.0029006277, 0.0030254608, 0.0032705837, 0.0035096146, 0.0037435084, 0.0038590133, 0.0040881345, 0.004314929, 0.0044273883, 0.0046494207, 0.004866094, 0.0049719205, 0.0051776664, 0.005375574, 0.005566559, 0.005659776, 0.0058425833, 0.006021349, 0.0061093317, 0.006281752, 0.0064479006, 0.006605329, 0.0066800495, 0.00682034, 0.0069478787, 0.0070069665, 0.0071161874, 0.007214938, 0.0072608762, 0.007346819, 0.00742602, 0.0074995295, 0.0075342846, 0.0075999103, 0.0076607293, 0.0076893154, 0.0077428967, 0.007791282, 0.007833337, 0.007851469, 0.007880319, 0.007897531, 0.007901141, 0.007897626, 0.007879963, 0.007866215, 0.007830302, 0.0077862255, 0.007737717, 0.007712897, 0.0076633734, 0.007615167, 0.0075915805, 0.007544811, 0.0074970876, 0.007446448, 0.007419554, 0.0073618023, 0.0072982623, 0.0072642807, 0.0071920897, 0.0071143988, 0.0070312726, 0.0069876974, 0.0068964856, 0.0068000695, 0.0067501115, 0.0066472357, 0.006541681, 0.0064884215, 0.0063819443, 0.006277211, 0.006175534, 0.006126043, 0.0060297316, 0.0059359577, 0.005889581, 0.0057967138, 0.0057026176, 0.005606482, 0.0055576023, 0.005458189, 0.005356832, 0.0053056753, 0.0052025914, 0.005099009, 0.0050471933, 0.0049434896, 0.004839587, 0.004735404, 0.0046832035, 0.0045787664, 0.0044744913, 0.004422571, 0.0043194317, 0.004217452, 0.0041168835, 0.004067093, 0.0039683064, 0.0038701051, 0.0038210214, 0.0037227408, 0.0036240139, 0.0035743336, 0.0034743098, 0.003373166, 0.0032709124, 0.0032192972, 0.0031152104, 0.003009866, 0.002956718, 0.0028494003, 0.0027408798, 0.002631291, 0.0025761018, 0.0024645594, 0.0023513641, 0.002293991, 0.002177518, 0.0020584706, 0.0019979773, 0.0018750967, 0.001749825, 0.0016223472, 0.0015578461, 0.0014273674, 0.0012947944, 0.0012276005, 0.0010906416, 0.0009491706, 0.0008013574, 0.0007242859, 0.00056155183, 0.0003825886, 0.00028504117, 7.454244e-05, -0.0001249081
0, 0, 0.0007832899, 0.0008818767, 0.000990627, 0.0012535048, 0.0015204548, 0.0016482527, 0.0018933223, 0.0021298453, 0.002363305, 0.0024798377, 0.002712654, 0.0029444883, 0.003059521, 0.003286376, 0.0035080132, 0.0037239233, 0.0038298995, 0.004038613, 0.0042439955, 0.0043457067, 0.004547287, 0.0047460254, 0.0048441025, 0.0050369506, 0.005224967, 0.005407879, 0.005497408, 0.005673393, 0.005845645, 0.005930544, 0.006098199, 0.006261965, 0.0064204424, 0.006497012, 0.0066438806, 0.006781081, 0.006845726, 0.00696679, 0.0070767566, 0.0071277237, 0.0072219307, 0.007306743, 0.0073831715, 0.0074186143, 0.0074848207, 0.007546254, 0.0075757448, 0.007633419, 0.0076902513, 0.007746364, 0.00777382, 0.007826315, 0.007873003, 0.007893244, 0.007925427, 0.007944763, 0.007949221, 0.007947875, 0.007934279, 0.007911272, 0.007897179, 0.007865447, 0.007831024, 0.007813222, 0.0077767675, 0.0077391188, 0.007699553, 0.0076789446, 0.007635541, 0.0075892326, 0.007565046, 0.0075145545, 0.007461208, 0.0074041793, 0.0073739486, 0.0073088678, 0.0072364146, 0.007197067, 0.0071117254, 0.0070179054, 0.0069680703, 0.0068638343, 0.0067555895, 0.006645751, 0.006590966, 0.006482506, 0.0063760965, 0.006323626, 0.0062194983, 0.006115553, 0.0060107736, 0.005957758, 0.005850167, 0.0057405774, 0.0056850356, 0.0055724164, 0.0054582767, 0.005400622, 0.0052842787, 0.0051664384, 0.005047194, 0.004987075, 0.004866098, 0.0047441856, 0.004683028, 0.004560575, 0.0044381768, 0.004316167, 0.0042552976, 0.004133739, 0.004012482, 0.003951948, 0.0038313728, 0.0037117084, 0.0036522932, 0.0035342767, 0.0034171848, 0.0033007294, 0.0032425565, 0.0031261197, 0.003008885, 0.0029498287, 0.0028306036, 0.0027100497, 0.0025886863, 0.0025278362, 0.0024061017, 0.0022842933, 0.0022233631, 0.002101236, 0.0019786027, 0.0019170309, 0.0017931634, 0.001668115, 0.0015417638, 0.0014780714, 0.0013496489, 0.0012196557, 0.0011539236, 0.0010202151, 0.00088266685, 0.0007395396, 0.00066516467, 0.0005083829, 0.00033608478, 0.00024197111, 3.778697e-05, -0.00015823028
0, 0, 0.0012127251, 0.0011346106, 0.0012266118, 0.0014942306, 0.0017743389, 0.0019065461, 0.0021535158, 0.0023827155, 0.002600998, 0.0027075438, 0.0029173808, 0.0031236957, 0.0032254995, 0.0034261388, 0.0036221691, 0.003813323, 0.003907096, 0.0040915497, 0.0042728204, 0.0043625273, 0.0045404457, 0.0047166194, 0.0048039425, 0.0049767997, 0.0051466664, 0.005312962, 0.0053945524, 0.005554787, 0.0057112793, 0.005788304, 0.0059402767, 0.0060892813, 0.0062350123, 0.006306551, 0.0064464705, 0.006581673, 0.0066473386, 0.0067741135, 0.0068941927, 0.006951479, 0.007059917, 0.007159744, 0.0072502615, 0.007291977, 0.0073684286, 0.0074367207, 0.007468544, 0.0075291237, 0.0075876955, 0.007646634, 0.0076766238, 0.007737794, 0.007799556, 0.007830023, 0.007888325, 0.007940312, 0.007963113, 0.008000744, 0.008027189, 0.008042448, 0.00804618, 0.008046719, 0.00803907, 0.0080326805, 0.008015241, 0.007992534, 0.007965016, 0.007949673, 0.007916034, 0.007879413, 0.007860274, 0.007820939, 0.007780639, 0.007739118, 0.0077175265, 0.007671614, 0.007620269, 0.007591792, 0.0075280373, 0.007454234, 0.0074134413, 0.0073244506, 0.007226734, 0.0071222344, 0.00706809, 0.0069571836, 0.0068442645, 0.0067873476, 0.006672777, 0.0065570767, 0.0064396835, 0.0063802055, 0.0062593874, 0.0061361096, 0.0060735666, 0.005946885, 0.005818199, 0.005753119, 0.005621715, 0.005488637, 0.00535429, 0.0052866763, 0.0051506013, 0.0050134147, 0.0049443594, 0.0048053283, 0.004665038, 0.004523361, 0.004451995, 0.004308282, 0.0041636797, 0.004091216, 0.003946677, 0.0038035456, 0.003732773, 0.0035930409, 0.0034556645, 0.0033202337, 0.0032530783, 0.0031193937, 0.0029857238, 0.0029186732, 0.0027840743, 0.0026489517, 0.0025141456, 0.0024471537, 0.0023145676, 0.0021839063, 0.0021193377, 0.0019914913, 0.0018649637, 0.0018020138, 0.001676363, 0.0015506847, 0.001424841, 0.00136189, 0.0012358908, 0.001109903, 0.0010467903, 0.00091976445, 0.0007906602, 0.00065764115, 0.00058880297, 0.0004436658, 0.00028327186, 0.00019481448, 4.0688235e-07, -0.00019026756
0, 0, 0.0012126352, 0.0013283913, 0.0014587782, 0.0017668282, 0.002070341, 0.0022111447, 0.0024698258, 0.0027030811, 0.0029173421, 0.00301907, 0.0032141036, 0.0034001288, 0.003490394, 0.0036663094, 0.003836807, 0.0040029255, 0.0040845317, 0.0042450856, 0.004402728, 0.004480554, 0.0046341196, 0.0047850944, 0.0048595024, 0.0050061494, 0.005149966, 0.0052909404, 0.0053602345, 0.0054965164, 0.0056299022, 0.0056954897, 0.0058244565, 0.0059505603, 0.006073911, 0.006134646, 0.0062549124, 0.00637416, 0.006433664, 0.006552771, 0.006672166, 0.006731779, 0.0068500116, 0.006965267, 0.0070748655, 0.007126628, 0.0072228764, 0.0073083877, 0.007347419, 0.007418609, 0.0074831736, 0.0075444314, 0.0075748577, 0.0076369704, 0.0077020614, 0.0077358424, 0.0078051644, 0.007874843, 0.007909001, 0.007974171, 0.008033141, 0.008083979, 0.008105984, 0.008142888, 0.008170111, 0.008180114, 0.00819325, 0.008197246, 0.00819248, 0.0081868395, 0.008169558, 0.008145325, 0.008131144, 0.00809949, 0.008064795, 0.008028316, 0.00800958, 0.007970995, 0.007929874, 0.007907828, 0.007859459, 0.0078038224, 0.007772711, 0.007703465, 0.007624401, 0.007535804, 0.0074881287, 0.007386669, 0.0072781253, 0.0072216, 0.0071047056, 0.0069831903, 0.006857182, 0.006792575, 0.0066601606, 0.006523668, 0.006454006, 0.0063123195, 0.006167628, 0.0060942858, 0.0059459573, 0.005796023, 0.0056451214, 0.0055694887, 0.005417718, 0.0052653914, 0.0051888563, 0.005034726, 0.0048787557, 0.004720648, 0.004640687, 0.0044788644, 0.0043151337, 0.0042327917, 0.0040680515, 0.0039042046, 0.0038229385, 0.0036622873, 0.003504227, 0.0033484288, 0.0032713288, 0.0031181932, 0.0029661157, 0.0028903307, 0.002739295, 0.0025896085, 0.002442111, 0.0023695081, 0.0022271296, 0.002088542, 0.002020651, 0.0018871934, 0.0017562836, 0.0016914684, 0.0015628141, 0.0014351044, 0.0013084818, 0.0012456873, 0.0011213894, 0.0009990887, 0.0009386637, 0.00081885874, 0.0006990625, 0.0005771557, 0.0005143738, 0.00038198754, 0.00023418441, 0.00015171191, -3.2590633e-05, -0.00021778033
0, 0, 0.0013558454, 0.0015584967, 0.0017145304, 0.002051483, 0.0023706728, 0.0025176108, 0.0027864594, 0.003026422, 0.0032428175, 0.0033435156, 0.0035324353, 0.0037075724, 0.003790968, 0.0039510727, 0.0041040974, 0.0042516966, 0.004323867, 0.004465188, 0.004602581, 0.0046696886, 0.0048003555, 0.004926215, 0.004987247, 0.005105767, 0.0052206377, 0.0053329114, 0.005388351, 0.0054983306, 0.005607328, 0.005661356, 0.0057680137, 0.0058722035, 0.0059732767, 0.00602266, 0.0061197807, 0.006216042, 0.0062645217, 0.006363636, 0.006467315, 0.0065212436, 0.006633321, 0.0067496966, 0.006867443, 0.00692561, 0.0070377435, 0.007141691, 0.007189929, 0.0072783786, 0.007356971, 0.0074281576, 0.007461992, 0.00752826, 0.0075951386, 0.0076295435, 0.0077005625, 0.007774172, 0.0078116218, 0.007886565, 0.007959969, 0.008030088, 0.008063359, 0.008125764, 0.008181824, 0.008207199, 0.00825236, 0.008288948, 0.008315801, 0.008325222, 0.00833556, 0.008334771, 0.0083303265, 0.0083140675, 0.00828932, 0.008258388, 0.008241318, 0.008204943, 0.008166427, 0.008146363, 0.008104229, 0.0080580525, 0.00803295, 0.007977648, 0.007914135, 0.007841341, 0.0078011104, 0.007712982, 0.0076148063, 0.0075621866, 0.0074507347, 0.0073314086, 0.0072049946, 0.007139219, 0.0070029153, 0.0068604494, 0.0067871087, 0.00663635, 0.0064806505, 0.0064011826, 0.0062395437, 0.006075031, 0.0059087123, 0.005825153, 0.005657563, 0.0054893796, 0.005405053, 0.0052356594, 0.0050648605, 0.0048923497, 0.004805342, 0.0046297223, 0.004452301, 0.004363143, 0.0041844607, 0.0040061227, 0.0039173686, 0.003741086, 0.003566743, 0.0033944119, 0.0033089712, 0.0031394206, 0.0029717346, 0.0028886439, 0.002724338, 0.0025632891, 0.0024062435, 0.0023295067, 0.0021797183, 0.0020348323, 0.001964084, 0.001825356, 0.0016898403, 0.0016229807, 0.0014907616, 0.0013604393, 0.0012323135, 0.0011692335, 0.0010455173, 0.00092535326, 0.00086653297, 0.000750993, 0.00063688227, 0.00052177056, 0.00046272224, 0.00033829577, 0.00019863021, 0.00012004254, -5.7459118e-05, -0.00023889728
0, 0.002387298, 0.0018043827, 0.0018657207, 0.0020008862, 0.002323225, 0.0026405111, 0.0027885858, 0.0030617467, 0.0033066706, 0.0035266539, 0.0036282958, 0.00381692, 0.0039889114, 0.0040697968, 0.0042234696, 0.004368366, 0.004506228, 0.004572825, 0.0047012367, 0.004823197, 0.0048815226, 0.004992655, 0.0050962516, 0.005145346, 0.005239012, 0.0053283023, 0.0054155015, 0.0054589766, 0.0055466904, 0.005635667, 0.005680573, 0.005770572, 0.0058592185, 0.005944944, 0.005986411, 0.006066326, 0.006143113, 0.0061809816, 0.0062572453, 0.0063368054, 0.006378718, 0.0064680343, 0.0065653324, 0.0066695726, 0.0067235185, 0.0068329168, 0.0069413586, 0.0069941306, 0.007095123, 0.0071889134, 0.007275417, 0.0073162834, 0.007394311, 0.00746931, 0.0075061973, 0.0075795734, 0.007653029, 0.0076898043, 0.007763276, 0.007836546, 0.007908943, 0.0079446295, 0.008014907, 0.0080834385, 0.008116936, 0.008181796, 0.008242494, 0.008297058, 0.008321144, 0.008361781, 0.008390686, 0.008400326, 0.008409549, 0.008405726, 0.008390341, 0.008379098, 0.008350941, 0.00831727, 0.008298866, 0.008259399, 0.008216199, 0.008193053, 0.008142563, 0.008085529, 0.008020358, 0.007984319, 0.007904759, 0.007815027, 0.007766383, 0.0076620765, 0.0075490894, 0.00742791, 0.007364419, 0.007231805, 0.0070917797, 0.0070190444, 0.0068682907, 0.006710732, 0.006629581, 0.0064629903, 0.0062914435, 0.006115966, 0.006027107, 0.0058476557, 0.005666437, 0.005575279, 0.005392062, 0.0052077686, 0.0050224797, 0.004929509, 0.004743035, 0.0045559946, 0.0044623786, 0.0042752265, 0.0040884847, 0.0039953804, 0.003810024, 0.0036259443, 0.0034434553, 0.0033528574, 0.0031732873, 0.002996213, 0.0029088329, 0.0027370197, 0.0025696647, 0.002407348, 0.0023281926, 0.0021738764, 0.0020244506, 0.0019514374, 0.0018084038, 0.0016688816, 0.0016002754, 0.0014652878, 0.0013333436, 0.0012045577, 0.0011414924, 0.0010182426, 0.00089886674, 0.000840464, 0.0007256544, 0.0006122895, 0.0004979828, 0.00043944368, 0.0003163711, 0.0001786898, 0.00010133263, -7.367396e-05, -0.00025357763
0, 0.0019484642, 0.0018405196, 0.0020220494, 0.0021755162, 0.002512355, 0.0028367776, 0.0029881245, 0.0032682386, 0.003520165, 0.0037463265, 0.003850437, 0.0040425514, 0.0042161327, 0.0042971885, 0.0044500004, 0.004592692, 0.0047266902, 0.0047905515, 0.0049115806, 0.0050232587, 0.005075379, 0.0051720487, 0.0052590007, 0.0052991956, 0.0053745583, 0.005445544, 0.00551492, 0.005549825, 0.0056210333, 0.0056947377, 0.0057325885, 0.0058094687, 0.0058865235, 0.0059619313, 0.0059984336, 0.006068409, 0.0061339424, 0.0061652013, 0.0062255696, 0.006284846, 0.006314825, 0.0063772867, 0.006445122, 0.0065198736, 0.006560069, 0.006646, 0.0067382082, 0.0067860205, 0.0068836682, 0.006981784, 0.0070781773, 0.0071252333, 0.0072165253, 0.0073036114, 0.0073455456, 0.007426331, 0.007503308, 0.007540517, 0.0076128636, 0.0076829507, 0.0077511105, 0.007784724, 0.0078513445, 0.007917923, 0.007951309, 0.008018453, 0.008085481, 0.008150736, 0.008182057, 0.008240594, 0.008291319, 0.008313038, 0.008347533, 0.008369206, 0.00837751, 0.008376878, 0.00836707, 0.008347163, 0.008333902, 0.008301715, 0.008262618, 0.008240503, 0.008191161, 0.008134586, 0.008070004, 0.008034623, 0.007957207, 0.007871005, 0.007824555, 0.0077255056, 0.007618454, 0.007503807, 0.0074437074, 0.0073179463, 0.007184592, 0.007115021, 0.0069700605, 0.0068174326, 0.0067383493, 0.006574981, 0.0064051487, 0.0062295664, 0.006139806, 0.005956879, 0.005770126, 0.0056755673, 0.0054844962, 0.005291582, 0.005097486, 0.00500024, 0.0048060017, 0.004612411, 0.004515906, 0.004323767, 0.0041326187, 0.0040373644, 0.0038476645, 0.0036591147, 0.0034720066, 0.0033791699, 0.0031954558, 0.0030148826, 0.0029260272, 0.0027517388, 0.0025823545, 0.0024180505, 0.002337791, 0.0021808415, 0.0020283044, 0.0019536247, 0.0018073847, 0.0016651496, 0.001595575, 0.0014595437, 0.0013278495, 0.0012003597, 0.0011381508, 0.0010165618, 0.0008981568, 0.0008399146, 0.00072458974, 0.0006096283, 0.0004930848, 0.00043338482, 0.0003081772, 0.00016910647, 9.147846e-05, -8.328688e-05, -0.00026265928
0, 0.0016218711, 0.0016942294, 0.0020028015, 0.002193161, 0.0025753416, 0.0029272407, 0.0030892007, 0.0033869762, 0.003653233, 0.0038910727, 0.004000073, 0.0042001777, 0.0043795328, 0.004462662, 0.004618256, 0.0047619957, 0.004895304, 0.0049581304, 0.0050758948, 0.005182375, 0.0052312035, 0.005320074, 0.0053980066, 0.0054334174, 0.0054988298, 0.005559576, 0.005618096, 0.005647178, 0.005705883, 0.0057658115, 0.0057963575, 0.005858307, 0.0059209145, 0.0059835003, 0.006014388, 0.0060750595, 0.0061334637, 0.006161497, 0.0062149735, 0.0062647667, 0.0062883915, 0.0063339807, 0.006379045, 0.0064260913, 0.006451276, 0.0065067266, 0.00657057, 0.006605993, 0.0066836555, 0.0067691156, 0.0068600737, 0.006906718, 0.0070008026, 0.007093761, 0.0071391677, 0.007226977, 0.0073100706, 0.0073498464, 0.0074259927, 0.007497777, 0.007565688, 0.007598352, 0.0076613137, 0.007722007, 0.0077518094, 0.007810801, 0.007869426, 0.007927722, 0.00795665, 0.008013349, 0.008067264, 0.0080926055, 0.008138614, 0.008176659, 0.008204868, 0.008214849, 0.008226257, 0.008225732, 0.008221022, 0.008203156, 0.008174308, 0.008155943, 0.008111575, 0.008057491, 0.007994006, 0.007958922, 0.007882631, 0.007798693, 0.0077539766, 0.0076592425, 0.007557541, 0.007448972, 0.0073920367, 0.007272989, 0.0071463776, 0.0070802066, 0.0069420915, 0.006796358, 0.0067207688, 0.0065646027, 0.006402079, 0.006233491, 0.006146947, 0.00596947, 0.0057866443, 0.005693396, 0.005503692, 0.0053105196, 0.005114922, 0.0050166664, 0.0048199836, 0.004623976, 0.004526477, 0.004332511, 0.0041399384, 0.0040440788, 0.0038532135, 0.0036636158, 0.003475679, 0.0033825617, 0.0031983987, 0.0030178353, 0.0029290947, 0.0027550186, 0.0025856558, 0.0024207553, 0.0023399205, 0.0021811605, 0.0020263789, 0.0019504857, 0.0018020396, 0.0016583288, 0.0015883873, 0.0014526565, 0.0013224229, 0.0011974355, 0.0011365796, 0.0010175579, 0.0009009712, 0.0008432056, 0.0007280419, 0.0006122381, 0.00049431156, 0.00043382007, 0.00030710376, 0.00016701328, 8.917865e-05, -8.535548e-05, -0.00026376377
0, 0.001383365, 0.0015161608, 0.0018852936, 0.0021000095, 0.0025221258, 0.002906222, 0.0030821026, 0.003404231, 0.0036907643, 0.0039455085, 0.0040620244, 0.004275498, 0.0044660415, 0.0045539816, 0.004717584, 0.0048670056, 0.005003879, 0.005067836, 0.0051867245, 0.00529331, 0.0053420267, 0.0054303, 0.005507511, 0.0055425386, 0.005606802, 0.0056652348, 0.005719505, 0.005745381, 0.0057948884, 0.005841651, 0.0058641923, 0.005907941, 0.0059508537, 0.005994156, 0.0060163196, 0.0060621556, 0.006110209, 0.0061348435, 0.00618417, 0.0062318617, 0.006254565, 0.0062968386, 0.0063348506, 0.0063698557, 0.006386908, 0.006422272, 0.0064623095, 0.0064850403, 0.006537067, 0.006598563, 0.006668811, 0.0067066303, 0.0067863525, 0.0068695447, 0.0069117206, 0.0069958903, 0.0070787356, 0.0071193106, 0.007198452, 0.0072743953, 0.0073463502, 0.0073805745, 0.007445207, 0.0075044925, 0.007532172, 0.0075838426, 0.0076313457, 0.007675771, 0.0076972838, 0.007739383, 0.007780579, 0.0078008734, 0.007840388, 0.007877578, 0.0079108225, 0.007925264, 0.007948589, 0.007962685, 0.007965741, 0.007963204, 0.007948462, 0.007936562, 0.007903577, 0.00785882, 0.0078030424, 0.007771418, 0.00770176, 0.0076243156, 0.007582995, 0.0074951737, 0.0074005695, 0.0072989822, 0.0072455206, 0.0071328906, 0.0070125484, 0.006949492, 0.006817625, 0.006678587, 0.006606687, 0.0064586876, 0.0063056382, 0.006147612, 0.006066702, 0.005900774, 0.0057293572, 0.005641543, 0.005462009, 0.0052776323, 0.0050892546, 0.0049940515, 0.0048024664, 0.0046105464, 0.0045147724, 0.0043239123, 0.0041340734, 0.0040395227, 0.0038512542, 0.003664225, 0.0034789685, 0.003387114, 0.0032055697, 0.0030274375, 0.0029398282, 0.002767699, 0.0025995427, 0.002435108, 0.0023541495, 0.0021947504, 0.0020389182, 0.0019624934, 0.0018130019, 0.0016686557, 0.0015986083, 0.0014630836, 0.0013336197, 0.0012096491, 0.0011493379, 0.001031277, 0.000915242, 0.0008575617, 0.0007423166, 0.00062637613, 0.000508268, 0.00044768694, 0.00032092773, 0.00018074158, 0.00010287739, -7.156331e-05, -0.00024883
0, 0.0011951098, 0.0013458817, 0.0017286477, 0.0019497729, 0.0023870366, 0.0027892129, 0.002974683, 0.003315936, 0.003620831, 0.0038930487, 0.0040180665, 0.0042482466, 0.004455228, 0.0045510945, 0.004729591, 0.004891791, 0.00503929, 0.0051076617, 0.005234075, 0.0053470694, 0.005398763, 0.0054931543, 0.0055767815, 0.005615216, 0.005686139, 0.0057501434, 0.0058076386, 0.0058338074, 0.0058806557, 0.0059200875, 0.0059370594, 0.0059664375, 0.005991416, 0.006015063, 0.006027337, 0.0060547367, 0.006087432, 0.0061060386, 0.0061468654, 0.006190885, 0.0062132417, 0.00625703, 0.0062979064, 0.006334658, 0.0063515515, 0.0063832337, 0.006414017, 0.006429868, 0.00646411, 0.006503117, 0.006547901, 0.0065724966, 0.006625902, 0.0066845575, 0.006715624, 0.0067806295, 0.006849075, 0.0068842084, 0.0069557875, 0.0070281015, 0.0070993337, 0.0071339905, 0.007200114, 0.007260621, 0.00728831, 0.0073380517, 0.0073804073, 0.0074161706, 0.0074319816, 0.0074607143, 0.007486545, 0.007498879, 0.007522746, 0.0075460803, 0.007568885, 0.0075797564, 0.0075993445, 0.007614615, 0.0076198536, 0.007624397, 0.0076198047, 0.007613711, 0.0075934394, 0.0075621107, 0.007519928, 0.0074949567, 0.0074381037, 0.0073729414, 0.0073374254, 0.007260922, 0.0071768905, 0.0070849974, 0.0070360205, 0.0069319196, 0.0068195392, 0.0067603253, 0.006636098, 0.0065050814, 0.006437476, 0.0062989187, 0.0061565596, 0.006010768, 0.0059364694, 0.0057849083, 0.005628782, 0.0055488045, 0.0053849965, 0.0052159717, 0.0050422223, 0.0049538617, 0.004775123, 0.0045947256, 0.0045042187, 0.004323066, 0.004142027, 0.004051642, 0.0038713026, 0.0036919352, 0.003513958, 0.0034255174, 0.00325046, 0.0030781198, 0.0029931816, 0.0028257235, 0.0026613183, 0.0024998197, 0.0024200594, 0.0022626221, 0.0021082913, 0.0020324483, 0.0018838884, 0.0017399028, 0.0016698308, 0.0015335117, 0.0014024179, 0.0012758881, 0.0012140642, 0.0010925223, 0.00097282353, 0.00091337325, 0.0007948284, 0.0006763369, 0.00055625243, 0.0004948164, 0.00036632383, 0.00022404021, 0.00014485973, -3.2160257e-05, -0.00021004379
0, 0.0010416177, 0.0011950353, 0.0015669627, 0.0017813396, 0.0022080638, 0.0026062087, 0.0027919516, 0.003137428, 0.0034504314, 0.0037339146, 0.0038657305, 0.004111528, 0.0043363785, 0.0044417107, 0.004639377, 0.004820358, 0.0049850405, 0.0050613345, 0.0052021528, 0.0053280112, 0.005385725, 0.005491823, 0.0055872607, 0.005631629, 0.0057146205, 0.0057902946, 0.005858461, 0.005889373, 0.005944046, 0.005988504, 0.006006851, 0.006036241, 0.0060574044, 0.0060734376, 0.0060806996, 0.006096141, 0.0061154244, 0.0061270734, 0.0061550816, 0.006188719, 0.0062072678, 0.0062465826, 0.006287097, 0.0063266954, 0.0063456353, 0.006381188, 0.006413422, 0.0064284317, 0.0064569213, 0.0064840424, 0.006510747, 0.006524335, 0.006552757, 0.0065837996, 0.006600689, 0.006637918, 0.006680175, 0.0067033274, 0.006753248, 0.0068073347, 0.006863981, 0.0068927878, 0.0069498164, 0.007004586, 0.007030463, 0.007078153, 0.0071194856, 0.0071539446, 0.0071685635, 0.007192993, 0.0072116824, 0.0072191237, 0.0072308243, 0.0072393613, 0.007245986, 0.0072488138, 0.0072538336, 0.0072573316, 0.007258228, 0.007257538, 0.007252428, 0.0072477995, 0.007233437, 0.007211364, 0.0071807476, 0.0071621183, 0.0071184803, 0.0070666773, 0.00703785, 0.0069743055, 0.0069029704, 0.0068234676, 0.0067805685, 0.0066885813, 0.0065881847, 0.006534876, 0.006422538, 0.006303581, 0.00624207, 0.00611589, 0.0059863804, 0.0058540925, 0.0057869162, 0.0056503373, 0.005510287, 0.0054388368, 0.005292619, 0.005141837, 0.004986758, 0.0049077775, 0.004747377, 0.0045846323, 0.0045025838, 0.0043375785, 0.004171626, 0.0040884637, 0.0039220764, 0.003755937, 0.003590351, 0.0035078488, 0.0033437882, 0.0031814207, 0.0031010255, 0.0029418461, 0.002784723, 0.0026297087, 0.0025529366, 0.002400962, 0.0022513277, 0.0021775174, 0.002032151, 0.0018898229, 0.0018198126, 0.001682104, 0.0015473091, 0.0014150955, 0.0013498025, 0.0012204103, 0.0010923523, 0.001028773, 0.0009023886, 0.00077651633, 0.0006496011, 0.0005848491, 0.00044946038, 0.0002997055, 0.00021654164, 3.1981184e-05, -0.00014969366
0, 0.00091964024, 0.0010703119, 0.0014209826, 0.001621354, 0.002020091, 0.0023949633, 0.00257168, 0.0029045453, 0.0032122298, 0.0034971635, 0.0036319592, 0.0038875742, 0.0041261837, 0.00423954, 0.0044545876, 0.0046540992, 0.0048375395, 0.00492318, 0.0050823274, 0.0052257893, 0.0052920477, 0.005414482, 0.0055255294, 0.0055773784, 0.0056751072, 0.00576555, 0.005848832, 0.005887648, 0.0059591928, 0.0060217623, 0.0060494863, 0.0060973144, 0.0061353464, 0.0061646854, 0.006176703, 0.006197192, 0.0062151314, 0.006223919, 0.0062425905, 0.00626391, 0.0062759714, 0.006303078, 0.0063339556, 0.0063675824, 0.006384904, 0.006419486, 0.0064525153, 0.0064679934, 0.00649631, 0.0065204212, 0.0065403734, 0.006549001, 0.006564149, 0.0065777334, 0.0065845037, 0.006598946, 0.0066157933, 0.0066254046, 0.006647369, 0.0066728992, 0.006701801, 0.0067173736, 0.00675036, 0.006785306, 0.0068032276, 0.006839072, 0.0068737115, 0.0069055534, 0.006919855, 0.0069445283, 0.006962969, 0.006969554, 0.0069771805, 0.0069779414, 0.0069731013, 0.006969105, 0.006958996, 0.006947023, 0.0069405795, 0.0069269175, 0.006911777, 0.0069034914, 0.006884463, 0.006861221, 0.0068327147, 0.0068160933, 0.0067780716, 0.006733389, 0.006708682, 0.006654412, 0.0065937964, 0.0065265875, 0.0064904485, 0.006412962, 0.006328319, 0.006283244, 0.0061878203, 0.0060859686, 0.0060329153, 0.005923176, 0.0058094743, 0.0056923777, 0.0056326953, 0.0055112164, 0.0053868038, 0.0053235125, 0.0051943567, 0.0050618965, 0.0049261726, 0.0048571713, 0.00471715, 0.004574839, 0.0045029107, 0.004357659, 0.0042109033, 0.004137073, 0.0039887684, 0.0038397734, 0.0036902952, 0.003615492, 0.0034658243, 0.0033164662, 0.0032420252, 0.0030937425, 0.0029464597, 0.0028002507, 0.0027275737, 0.002583146, 0.0024401352, 0.002369135, 0.0022281788, 0.002088321, 0.002018718, 0.0018799141, 0.0017413695, 0.0016030426, 0.0015338701, 0.001395603, 0.0012576816, 0.0011889408, 0.0010519131, 0.0009149639, 0.00077641394, 0.0007055807, 0.00055747334, 0.00039433702, 0.0003044409, 0.00010766502, -8.0298e-05
0, 0.0008199355, 0.0009672909, 0.0012950832, 0.0014795811, 0.0018441038, 0.002186516, 0.0023490058, 0.002658807, 0.0029513035, 0.0032289994, 0.0033626752, 0.003620264, 0.003865004, 0.003982512, 0.004207482, 0.0044188495, 0.0046163285, 0.0047097937, 0.0048862095, 0.005048551, 0.005124569, 0.0052667316, 0.0053965165, 0.0054573244, 0.005571578, 0.005677501, 0.005776531, 0.0058239214, 0.0059148506, 0.0060007707, 0.0060417233, 0.00611867, 0.0061876923, 0.006247231, 0.006273132, 0.006317076, 0.0063511487, 0.0063649407, 0.006387364, 0.0064054085, 0.006413709, 0.0064306245, 0.0064495336, 0.00647142, 0.006483504, 0.0065092235, 0.0065359096, 0.006549119, 0.0065741306, 0.0065963073, 0.006615025, 0.006623015, 0.006636185, 0.0066461, 0.0066499496, 0.0066557173, 0.00665929, 0.0066602807, 0.0066611194, 0.0066608773, 0.006660215, 0.0066601587, 0.006661384, 0.0066658272, 0.006669609, 0.0066806884, 0.0066958657, 0.006713623, 0.0067228023, 0.006740229, 0.0067543294, 0.0067593525, 0.006764225, 0.006761508, 0.0067513823, 0.0067438674, 0.0067249825, 0.006702326, 0.0066900034, 0.006664175, 0.006636854, 0.006622675, 0.0065927086, 0.006560104, 0.0065240315, 0.0065044286, 0.006462043, 0.0064153257, 0.006390438, 0.0063379104, 0.0062819417, 0.00622267, 0.0061917347, 0.0061269375, 0.006057911, 0.006021519, 0.005944789, 0.0058625713, 0.005819363, 0.005728958, 0.0056335926, 0.0055337553, 0.005482337, 0.0053769336, 0.005268445, 0.0052131484, 0.005100578, 0.0049855597, 0.0048681553, 0.0048086434, 0.0046881116, 0.004565519, 0.004503477, 0.0043779393, 0.0042506405, 0.0041863853, 0.0040566726, 0.003925441, 0.003792756, 0.0037259392, 0.0035913538, 0.003455653, 0.0033875008, 0.0032506112, 0.0031132784, 0.0029757652, 0.0029070433, 0.0027696337, 0.0026324638, 0.0025639276, 0.0024267056, 0.002288984, 0.0022197778, 0.0020804338, 0.0019395382, 0.001796999, 0.0017251683, 0.0015805044, 0.0014348702, 0.0013617305, 0.0012147214, 0.0010659925, 0.0009138917, 0.00083560206, 0.0006715439, 0.00049145997, 0.00039318218, 0.00018184904, -1.32711675e-05
0, 0.0007226628, 0.0008678822, 0.0011757097, 0.0013460593, 0.001679292, 0.0019910682, 0.0021395134, 0.002425277, 0.0026999963, 0.0029660726, 0.0030959845, 0.003349038, 0.0035920467, 0.0037094408, 0.003935657, 0.004150487, 0.004354695, 0.0044529596, 0.0046421187, 0.0048214, 0.004907172, 0.005070391, 0.005221863, 0.005293067, 0.0054268874, 0.005550103, 0.00566497, 0.0057201847, 0.005827771, 0.0059332484, 0.0059854235, 0.006088167, 0.006187005, 0.006279061, 0.006321469, 0.006397421, 0.0064600413, 0.006486181, 0.006528785, 0.006560555, 0.0065733744, 0.006594812, 0.0066132094, 0.006630643, 0.0066393493, 0.006657033, 0.0066750436, 0.006683931, 0.006701154, 0.0067174733, 0.006732839, 0.006740106, 0.0067538763, 0.0067660487, 0.0067712115, 0.00677885, 0.006781508, 0.0067806374, 0.0067740274, 0.006761008, 0.0067421454, 0.0067310394, 0.0067070285, 0.0066830423, 0.0066719865, 0.0066530975, 0.006639299, 0.00663041, 0.0066274367, 0.00662324, 0.0066196094, 0.0066172644, 0.0066103553, 0.0065991227, 0.0065827356, 0.0065725776, 0.006548629, 0.0065203393, 0.0065048817, 0.0064717364, 0.006435879, 0.006416918, 0.0063769463, 0.006334147, 0.006288228, 0.006264086, 0.0062134434, 0.006160021, 0.0061324975, 0.0060762097, 0.0060189846, 0.0059615173, 0.0059326664, 0.005874566, 0.005815408, 0.005785108, 0.0057227192, 0.0056570247, 0.0056226295, 0.0055505317, 0.005473569, 0.005392019, 0.005349564, 0.0052617844, 0.005170649, 0.00512404, 0.005028904, 0.0049314266, 0.0048318887, 0.0047813198, 0.0046785916, 0.0045736404, 0.00452027, 0.0044118837, 0.0043013296, 0.004245286, 0.0041316547, 0.0040159277, 0.0038980292, 0.0038382737, 0.0037171624, 0.0035937876, 0.0035312432, 0.0034043605, 0.0032755022, 0.003144924, 0.003079142, 0.00294669, 0.0028130498, 0.0027458046, 0.0026102567, 0.0024730503, 0.0024037121, 0.0022634987, 0.0021209347, 0.0019758844, 0.0019025336, 0.0017541134, 0.0016035503, 0.0015273488, 0.0013726206, 0.0012136784, 0.0010487955, 0.0009632555, 0.00078317843, 0.00058586494, 0.00047904736, 0.00025292631, 5.0910312e-05
0, 0.0006101317, 0.00075380947, 0.001044494, 0.0012031742, 0.0015115768, 0.0017998087, 0.0019375792, 0.0022045737, 0.0024641093, 0.0027181865, 0.0028430908, 0.0030876286, 0.003323767, 0.0034382711, 0.003660169, 0.003873264, 0.0040792255, 0.0041799843, 0.004377885, 0.0045710593, 0.004665529, 0.0048492625, 0.005023802, 0.0051069804, 0.005264161, 0.0054089986, 0.005542935, 0.0056066387, 0.00572965, 0.0058494266, 0.0059088175, 0.006027082, 0.0061440943, 0.0062577124, 0.006312281, 0.0064150537, 0.006506881, 0.006548106, 0.006620914, 0.006681442, 0.006707598, 0.006752731, 0.006789767, 0.0068200678, 0.006833005, 0.006855058, 0.0068724905, 0.0068796524, 0.0068916106, 0.006901408, 0.0069102827, 0.006914834, 0.0069245677, 0.006934816, 0.006939789, 0.0069480366, 0.0069520273, 0.0069518546, 0.0069459155, 0.0069317743, 0.0069091273, 0.006894721, 0.006860955, 0.0068223365, 0.006802038, 0.0067608193, 0.0067204796, 0.0066820555, 0.006663728, 0.006628819, 0.006596046, 0.0065803025, 0.0065497323, 0.006519616, 0.006489073, 0.006473371, 0.0064404807, 0.0064053135, 0.0063867113, 0.00634756, 0.006305377, 0.006283187, 0.0062365867, 0.006187296, 0.0061354283, 0.0061086607, 0.0060534244, 0.0059962715, 0.0059670717, 0.0059080007, 0.0058486164, 0.005789694, 0.005760519, 0.005702974, 0.0056461757, 0.005618029, 0.0055618, 0.0055049816, 0.0054760636, 0.0054165884, 0.005354203, 0.0052886237, 0.0052546524, 0.0051843687, 0.0051113027, 0.005073792, 0.004996921, 0.0049177227, 0.0048361593, 0.0047943722, 0.004708607, 0.0046196636, 0.004573971, 0.0044802115, 0.004383622, 0.0043343357, 0.0042337296, 0.004130598, 0.0040248334, 0.003970918, 0.0038609921, 0.0037478968, 0.003690013, 0.0035715252, 0.0034494887, 0.0033242507, 0.0032605715, 0.0031312678, 0.0029993346, 0.0029324165, 0.0027966187, 0.002658084, 0.0025878106, 0.0024451413, 0.0022996885, 0.0021513053, 0.0020760891, 0.0019236226, 0.0017681597, 0.0016890283, 0.0015271818, 0.0013591339, 0.0011828486, 0.0010907977, 0.00089618855, 0.00068307307, 0.0005682947, 0.00032817287, 0.00011961838
0, 0.00048221313, 0.00062416744, 0.00089882535, 0.0010472874, 0.0013352794, 0.0016052917, 0.001734971, 0.0019874184, 0.0022339905, 0.0024760705, 0.002595252, 0.002829144, 0.0030562426, 0.0031670763, 0.0033835126, 0.0035943282, 0.0038013998, 0.0039041513, 0.004109011, 0.004313266, 0.004414957, 0.004616173, 0.0048121777, 0.0049072057, 0.005089594, 0.0052603516, 0.0054191733, 0.005494467, 0.0056379996, 0.005774359, 0.005840559, 0.0059702327, 0.0060971663, 0.0062213712, 0.006282215, 0.006400551, 0.006513094, 0.0065667885, 0.0066682817, 0.0067612855, 0.0068044555, 0.006883734, 0.00695306, 0.0070115933, 0.0070366724, 0.00707847, 0.007109563, 0.00712137, 0.0071385833, 0.00714903, 0.007154897, 0.007156863, 0.007159807, 0.0071621677, 0.00716308, 0.0071636066, 0.0071614753, 0.007158918, 0.0071502854, 0.007135815, 0.0071148705, 0.0071017, 0.007069906, 0.0070308186, 0.007008731, 0.0069597266, 0.0069053946, 0.0068470207, 0.0068167904, 0.0067552803, 0.0066938545, 0.0066636684, 0.00660533, 0.0065502906, 0.0064984267, 0.0064734016, 0.0064244443, 0.006375822, 0.006351298, 0.0063013397, 0.006249686, 0.0062233186, 0.006169648, 0.006115144, 0.006060225, 0.006032691, 0.0059773764, 0.00592138, 0.005893064, 0.0058355965, 0.0057771085, 0.005718051, 0.0056884955, 0.005629682, 0.0055716834, 0.005543175, 0.005487165, 0.0054324777, 0.0054055126, 0.005351736, 0.005297772, 0.0052430085, 0.005215304, 0.0051589236, 0.0051011844, 0.0050716926, 0.005011395, 0.0049490407, 0.004884206, 0.0048506395, 0.004780752, 0.0047066757, 0.004668063, 0.0045877164, 0.004503694, 0.0044604274, 0.0043714964, 0.00427946, 0.004184328, 0.0041355304, 0.004035308, 0.0039310483, 0.0038772658, 0.0037661383, 0.0036501917, 0.0035297102, 0.0034679638, 0.0033414236, 0.0032109227, 0.0031441466, 0.0030074841, 0.0028668523, 0.0027950231, 0.0026483752, 0.0024977184, 0.0023432763, 0.0022646915, 0.0021049145, 0.0019413678, 0.0018579178, 0.0016867863, 0.0015085072, 0.0013208921, 0.0012226598, 0.0010147372, 0.0007871478, 0.00066503265, 0.00041168556, 0.0001965354
0, 0.0003587298, 0.00049886276, 0.00075859873, 0.0008975146, 0.0011662729, 0.0014185865, 0.0015399924, 0.0017767069, 0.0020081976, 0.0022357085, 0.0023480386, 0.0025696887, 0.0027872955, 0.0028947152, 0.0031073487, 0.0033179536, 0.0035278448, 0.0036329264, 0.00384392, 0.0040562744, 0.004162855, 0.0043759746, 0.0045873467, 0.0046915705, 0.004895659, 0.005092028, 0.005279201, 0.005369147, 0.00554147, 0.0057039126, 0.0057816273, 0.005930668, 0.0060721925, 0.006207683, 0.0062735686, 0.006402272, 0.006527728, 0.0065893754, 0.0067104944, 0.0068278164, 0.0068847155, 0.00699371, 0.0070939623, 0.0071830517, 0.007222749, 0.007291583, 0.0073461793, 0.0073682303, 0.0074026966, 0.0074256863, 0.007439127, 0.0074427864, 0.0074449773, 0.0074414504, 0.007437733, 0.0074270125, 0.007412259, 0.007403547, 0.0073838704, 0.0073614195, 0.0073363776, 0.007322729, 0.007292377, 0.0072565437, 0.007236031, 0.007188807, 0.0071328846, 0.007068532, 0.0070335646, 0.006959175, 0.006881105, 0.006841552, 0.0067630652, 0.0066870074, 0.0066143917, 0.0065792217, 0.006510855, 0.0064438493, 0.006410547, 0.0063440106, 0.006277534, 0.0062445416, 0.0061793206, 0.0061161825, 0.006055646, 0.006026416, 0.005969824, 0.0059147514, 0.0058874385, 0.0058325715, 0.0057766945, 0.0057196324, 0.0056907586, 0.005632709, 0.005574826, 0.005546204, 0.0054902057, 0.005435988, 0.005409595, 0.0053580217, 0.005307826, 0.0052586175, 0.0052343537, 0.0051860805, 0.005137868, 0.005113675, 0.005064694, 0.0050143762, 0.0049619763, 0.0049347356, 0.004877528, 0.0048160437, 0.0047835857, 0.0047151917, 0.0046427767, 0.004605152, 0.004527297, 0.00444588, 0.0043607503, 0.0043167113, 0.0042252606, 0.004128993, 0.0040788925, 0.0039743963, 0.0038641423, 0.0037484309, 0.0036886416, 0.003565288, 0.0034367952, 0.0033705411, 0.003233953, 0.0030918377, 0.003018604, 0.002867789, 0.002711031, 0.002548613, 0.0024654104, 0.002295268, 0.0021202813, 0.0020308364, 0.0018475021, 0.0016568498, 0.0014568311, 0.0013523238, 0.0011315416, 0.0008906563, 0.00076183124, 0.00049628917, 0.00027480954
0, 0.00026333742, 0.00040271893, 0.0006502851, 0.00078084547, 0.0010312446, 0.0012642395, 0.0013757589, 0.00159254, 0.0018041874, 0.002013204, 0.0021172443, 0.0023250997, 0.0025333, 0.002637813, 0.0028480892, 0.0030600298, 0.0032735437, 0.0033807682, 0.0035962479, 0.0038127522, 0.0039213253, 0.0041389596, 0.0043566413, 0.0044653867, 0.004682034, 0.00489695, 0.0051086815, 0.005212827, 0.005416402, 0.005611841, 0.0057059578, 0.0058859205, 0.0060546077, 0.0062124077, 0.0062877904, 0.006432592, 0.0065714745, 0.0066393204, 0.0067728315, 0.0069034994, 0.0069676, 0.0070923287, 0.007210281, 0.0073190345, 0.00736929, 0.007460145, 0.007537531, 0.0075711445, 0.0076283114, 0.0076725814, 0.007704513, 0.007715946, 0.007729595, 0.0077314936, 0.00772819, 0.007713955, 0.0076910215, 0.007676908, 0.0076448573, 0.0076095676, 0.0075728446, 0.0075542494, 0.0075164903, 0.007476704, 0.007455342, 0.0074083474, 0.007353917, 0.0072911284, 0.007256572, 0.007181967, 0.007101234, 0.0070593124, 0.0069737374, 0.006887527, 0.006802017, 0.0067596827, 0.006675677, 0.0065920344, 0.0065502496, 0.0064667063, 0.006383967, 0.0063432218, 0.0062637925, 0.0061882166, 0.006117294, 0.0060836957, 0.006019954, 0.005959852, 0.0059307436, 0.005873538, 0.0058169807, 0.0057604713, 0.0057322546, 0.005676042, 0.0056206137, 0.0055933525, 0.0055399467, 0.0054883743, 0.005463222, 0.005414191, 0.0053664222, 0.0053197527, 0.0052968087, 0.0052516083, 0.0052071107, 0.005185025, 0.0051407907, 0.0050960826, 0.005049923, 0.005026145, 0.0049763424, 0.0049229604, 0.004894727, 0.0048351726, 0.0047717476, 0.004738661, 0.0046697813, 0.0045970515, 0.0045200367, 0.0044797272, 0.0043952204, 0.004305096, 0.004257757, 0.0041582785, 0.004052419, 0.0039404263, 0.0038822296, 0.0037615579, 0.0036351583, 0.0035696956, 0.0034340275, 0.0032916258, 0.003217703, 0.0030641458, 0.0029027339, 0.0027334457, 0.0026459766, 0.002465824, 0.0022792413, 0.0021836073, 0.0019875523, 0.0017842451, 0.0015719151, 0.0014614522, 0.0012290298, 0.0009766562, 0.00084219006, 0.0005666845, 0.00034037104
0, 0.00020457013, 0.00034462934, 0.00058411574, 0.0007083484, 0.0009432746, 0.0011579425, 0.001259484, 0.0014552616, 0.0016457809, 0.0018353253, 0.0019307917, 0.0021245829, 0.0023234787, 0.0024251265, 0.0026326622, 0.0028450082, 0.003060509, 0.0031689086, 0.0033860991, 0.0036030272, 0.0037112336, 0.0039273477, 0.0041437573, 0.0042524617, 0.0044716443, 0.004693968, 0.004918987, 0.0050321394, 0.00525814, 0.0054811523, 0.0055904808, 0.005802586, 0.006003929, 0.0061927363, 0.0062823845, 0.0064525334, 0.006611945, 0.0066881613, 0.0068346853, 0.006974329, 0.00704167, 0.0071715517, 0.007294387, 0.007409322, 0.0074636005, 0.007565008, 0.007656548, 0.0076984703, 0.007774549, 0.007839958, 0.007893835, 0.007916062, 0.0079501625, 0.007969421, 0.0079733115, 0.007969822, 0.007952568, 0.007939358, 0.007905326, 0.00786351, 0.0078166425, 0.007792088, 0.007741843, 0.0076902877, 0.0076639056, 0.0076091625, 0.007550591, 0.007487131, 0.007453419, 0.0073819347, 0.007305137, 0.007264888, 0.0071813823, 0.007094724, 0.007005742, 0.0069606234, 0.006869173, 0.006776248, 0.006729393, 0.0066352934, 0.0065418263, 0.0064956825, 0.0064055165, 0.006318968, 0.0062368936, 0.006197653, 0.006122667, 0.0060519, 0.006017856, 0.0059520444, 0.0058889855, 0.0058286036, 0.005799382, 0.005742946, 0.00568928, 0.0056633875, 0.0056132767, 0.0055651944, 0.0055417093, 0.0054955618, 0.0054498888, 0.0054044123, 0.005381717, 0.00533665, 0.005292089, 0.005269932, 0.005225748, 0.005181357, 0.0051361793, 0.0051131127, 0.0050654258, 0.00501504, 0.004988615, 0.0049331645, 0.004874141, 0.00484329, 0.0047789356, 0.0047104447, 0.0046372926, 0.004598741, 0.0045173354, 0.0044297986, 0.0043836213, 0.0042860755, 0.004181798, 0.004070866, 0.004013043, 0.0038929181, 0.0037667933, 0.0037014943, 0.0035659568, 0.0034233627, 0.003349223, 0.0031946101, 0.0030311008, 0.0028583822, 0.0027686455, 0.0025825775, 0.0023883663, 0.0022884333, 0.0020830499, 0.0018701768, 0.0016483235, 0.0015332567, 0.0012918967, 0.0010311488, 0.0008927853, 0.000610826, 0.00038204074
0, 0.00014228602, 0.00028315195, 0.000513023, 0.00062987494, 0.0008477258, 0.0010440068, 0.001136148, 0.001312982, 0.00148472, 0.0016560399, 0.0017427081, 0.0019196538, 0.0021031906, 0.0021978426, 0.0023930194, 0.0025954389, 0.002803819, 0.0029095912, 0.0031232545, 0.0033382403, 0.0034457669, 0.0036605126, 0.0038748814, 0.0039821384, 0.004197279, 0.004414096, 0.004633346, 0.0047439304, 0.004966943, 0.005191904, 0.0053048, 0.005530734, 0.005755287, 0.005976241, 0.0060845106, 0.006295148, 0.0064958753, 0.0065918746, 0.0067741624, 0.0069425823, 0.0070214905, 0.0071688015, 0.0073030326, 0.0074257446, 0.0074832486, 0.0075914445, 0.007691358, 0.007738339, 0.007826432, 0.0079066465, 0.007978773, 0.00801163, 0.008070437, 0.008119361, 0.008139806, 0.008172079, 0.008192194, 0.008197392, 0.008197753, 0.008183923, 0.008155831, 0.00813667, 0.0080889445, 0.008030832, 0.007998726, 0.007930172, 0.007857908, 0.0077838083, 0.0077464012, 0.007671109, 0.0075947074, 0.0075558224, 0.0074762134, 0.0073937485, 0.0073085567, 0.0072650807, 0.007176837, 0.007087727, 0.0070430986, 0.006954486, 0.00686691, 0.0068235337, 0.006737367, 0.0066515324, 0.0065655503, 0.0065225028, 0.0064364905, 0.006351359, 0.006309485, 0.00622778, 0.006149986, 0.0060771797, 0.0060427585, 0.005977902, 0.005917733, 0.0058891103, 0.005834195, 0.005781541, 0.0057558785, 0.005705346, 0.0056553525, 0.0056055994, 0.0055807624, 0.005531108, 0.0054816566, 0.005457009, 0.005407641, 0.005357894, 0.0053072963, 0.0052815434, 0.0052288156, 0.005174007, 0.005145595, 0.0050862026, 0.005023031, 0.004989901, 0.004920304, 0.004846282, 0.004767354, 0.00472595, 0.0046390495, 0.0045464598, 0.0044979025, 0.004396073, 0.004287429, 0.0041716755, 0.0041110488, 0.0039845477, 0.0038514014, 0.0037824432, 0.0036398913, 0.003491293, 0.003414731, 0.0032568022, 0.0030920813, 0.0029198674, 0.0028306576, 0.0026455508, 0.002451177, 0.002350478, 0.0021420517, 0.0019241156, 0.0016958466, 0.0015771732, 0.0013283631, 0.0010604982, 0.0009190881, 0.0006327816, 0.0004035092
0, 0.00011428285, 0.00025344358, 0.00047911346, 0.000593974, 0.0008092935, 0.0010058505, 0.0010992534, 0.0012803727, 0.0014575912, 0.0016337474, 0.0017220158, 0.0018998984, 0.0020807325, 0.00217268, 0.0023603279, 0.0025535657, 0.0027530172, 0.0028549933, 0.0030632603, 0.003276583, 0.0033847669, 0.0036031585, 0.0038228575, 0.0039326423, 0.0041512246, 0.0043675345, 0.004581119, 0.0046868473, 0.0048966287, 0.005104712, 0.005208566, 0.005416366, 0.005624705, 0.0058332933, 0.0059372857, 0.006143374, 0.0063447086, 0.0064427336, 0.006632039, 0.006810589, 0.006895407, 0.007055507, 0.007202798, 0.007337604, 0.0074005267, 0.0075177425, 0.007623582, 0.007672325, 0.0077611166, 0.007838671, 0.007905586, 0.007935435, 0.0079887435, 0.008034588, 0.008055072, 0.008091194, 0.008120646, 0.00813259, 0.008149699, 0.008156128, 0.008149706, 0.008141204, 0.008113364, 0.008072217, 0.008047249, 0.0079902895, 0.007926257, 0.007857539, 0.007822097, 0.0077494425, 0.0076746885, 0.007636495, 0.007558257, 0.0074774344, 0.0073945853, 0.007352755, 0.0072689126, 0.0071860226, 0.007145271, 0.0070652924, 0.006987379, 0.006948995, 0.006872706, 0.0067960005, 0.006717799, 0.006678058, 0.0065974756, 0.0065162987, 0.0064758463, 0.006396146, 0.006318971, 0.006245164, 0.006209688, 0.006141263, 0.0060757557, 0.0060438425, 0.0059811976, 0.0059200707, 0.005890032, 0.0058311936, 0.005773879, 0.0057180626, 0.005690552, 0.0056362827, 0.0055825724, 0.005555811, 0.0055021443, 0.005447681, 0.0053920266, 0.005363604, 0.0053052967, 0.005244862, 0.0052136597, 0.0051486497, 0.0050796834, 0.0050435783, 0.0049679438, 0.0048877085, 0.004802777, 0.004758524, 0.00466646, 0.0045695743, 0.004519274, 0.004414532, 0.004303676, 0.004185707, 0.0041238754, 0.00399441, 0.003857457, 0.003786291, 0.0036390536, 0.0034857683, 0.003407044, 0.0032455446, 0.0030786996, 0.002905913, 0.0028169714, 0.0026334038, 0.002441313, 0.0023418434, 0.0021357222, 0.0019197302, 0.0016928139, 0.0015745588, 0.0013261982, 0.0010584818, 0.00091708463, 0.0006308753, 0.00040171001
0, 0.00010149326, 0.00023875877, 0.0004625313, 0.00057701755, 0.0007931673, 0.0009928608, 0.0010887354, 0.0012763555, 0.0014614036, 0.0016454125, 0.001737084, 0.0019200137, 0.0021025124, 0.0021937604, 0.0023770498, 0.0025626672, 0.0027526468, 0.0028498631, 0.0030495757, 0.0032569289, 0.0033633793, 0.0035811476, 0.0038028671, 0.003914221, 0.004135699, 0.0043530604, 0.004564135, 0.0046670586, 0.0048676566, 0.0050622704, 0.0051578674, 0.0053469012, 0.005534631, 0.0057224156, 0.005816451, 0.006004178, 0.0061902227, 0.0062819123, 0.0064616543, 0.006635098, 0.0067190253, 0.00688065, 0.0070330976, 0.0071755396, 0.007242714, 0.0073683388, 0.0074815387, 0.00753309, 0.0076253605, 0.0077027413, 0.0077658524, 0.0077925576, 0.007838116, 0.007875744, 0.007892406, 0.007922897, 0.007950346, 0.007962978, 0.007985461, 0.008002474, 0.008011362, 0.008012057, 0.008004795, 0.007985778, 0.00797203, 0.0079369955, 0.00789337, 0.007842735, 0.007815297, 0.0077566146, 0.007693541, 0.0076604304, 0.00759117, 0.007518187, 0.00744249, 0.007404083, 0.007327177, 0.007251437, 0.0072143674, 0.0071420195, 0.00707205, 0.00703771, 0.0069696717, 0.0069014463, 0.006832127, 0.0067968685, 0.0067252973, 0.0066529186, 0.0066167023, 0.0065446496, 0.00647346, 0.0064033335, 0.006368627, 0.0062995055, 0.0062304446, 0.006195781, 0.0061262185, 0.006056806, 0.0060223886, 0.005954784, 0.0058894227, 0.0058264034, 0.0057956, 0.0057350243, 0.0056751105, 0.0056450954, 0.005584505, 0.0055225436, 0.005458909, 0.0054263882, 0.0053598615, 0.005291257, 0.0052560135, 0.0051833293, 0.005106956, 0.005067252, 0.0049844584, 0.004897201, 0.0048055085, 0.0047580935, 0.004660205, 0.00455842, 0.004506071, 0.0043981276, 0.004285115, 0.0041657095, 0.004103313, 0.0039726146, 0.0038340043, 0.0037618887, 0.0036123097, 0.0034563537, 0.0033762234, 0.0032120147, 0.003042952, 0.0028687683, 0.0027795564, 0.0025962503, 0.0024056004, 0.0023071903, 0.0021038684, 0.0018913024, 0.0016680775, 0.0015517643, 0.0013072935, 0.0010433695, 0.0009037164, 0.0006203537, 0.0003922591
0, 0.00012557521, 0.00026255494, 0.0004894252, 0.0006061866, 0.0008272073, 0.0010316601, 0.0011298776, 0.0013221664, 0.0015122766, 0.0017017856, 0.0017963882, 0.0019848559, 0.0021717304, 0.0022644466, 0.0024484657, 0.0026314992, 0.002815404, 0.0029083847, 0.0030978855, 0.003293619, 0.0033940787, 0.0036001578, 0.003811557, 0.0039184103, 0.00413239, 0.0043438515, 0.00454994, 0.004650357, 0.004845382, 0.0050327433, 0.005123742, 0.005301128, 0.005473847, 0.0056434013, 0.005727286, 0.0058933026, 0.0060565574, 0.0061368095, 0.0062941113, 0.006446826, 0.0065213945, 0.0066669285, 0.006807462, 0.0069420347, 0.0070067807, 0.0071303183, 0.00724443, 0.0072973664, 0.0073936377, 0.0074755917, 0.0075424905, 0.0075705564, 0.0076170918, 0.0076533845, 0.0076686125, 0.0076950737, 0.007718002, 0.0077286162, 0.0077484637, 0.0077660554, 0.0077799787, 0.007784995, 0.007790299, 0.007788256, 0.007784423, 0.007771249, 0.007751029, 0.007724261, 0.0077085393, 0.0076725734, 0.007630979, 0.0076081213, 0.00755812, 0.00750297, 0.0074433284, 0.007412259, 0.007348607, 0.0072840257, 0.0072517553, 0.007187647, 0.007124348, 0.007092918, 0.007030436, 0.006968114, 0.0069053164, 0.006873727, 0.006810243, 0.0067466367, 0.006714911, 0.006651533, 0.006587956, 0.006523534, 0.006490764, 0.0064236405, 0.0063541145, 0.0063184807, 0.006245621, 0.0061714635, 0.0061342907, 0.0060607214, 0.005988796, 0.005918803, 0.00588439, 0.0058159395, 0.0057472438, 0.0057124803, 0.0056417175, 0.0055689123, 0.0054940386, 0.0054558218, 0.005378002, 0.005298505, 0.0052580363, 0.0051754164, 0.005089845, 0.0050456375, 0.004954271, 0.0048587085, 0.004758897, 0.0047075087, 0.004602058, 0.0044932417, 0.0044376156, 0.0043239356, 0.0042063426, 0.0040837326, 0.0040201857, 0.0038881965, 0.0037491713, 0.0036770918, 0.0035278979, 0.0033724352, 0.0032925208, 0.003128625, 0.0029595653, 0.0027854822, 0.0026964878, 0.0025140916, 0.0023253923, 0.0022284861, 0.0020292858, 0.0018222535, 0.0016059448, 0.0014935238, 0.0012574674, 0.0010022334, 0.0008668204, 0.0005906915, 0.00036613256
0, 0.00019216658, 0.00033110287, 0.0005671633, 0.00068944914, 0.0009209066, 0.001133604, 0.001234944, 0.0014319521, 0.0016253645, 0.0018178473, 0.0019141403, 0.0021065609, 0.002298283, 0.0023935093, 0.0025822117, 0.002768181, 0.0029514797, 0.0030423573, 0.003223498, 0.0034048476, 0.0034960674, 0.0036802443, 0.00386731, 0.0039618746, 0.0041525215, 0.0043437225, 0.0045335414, 0.0046273097, 0.004811598, 0.0049903085, 0.0050773057, 0.005246177, 0.005408367, 0.005564177, 0.005639838, 0.005786863, 0.005927916, 0.0059961234, 0.0061276853, 0.006253104, 0.0063137324, 0.0064316285, 0.0065459, 0.006657002, 0.0067114327, 0.0068178726, 0.006920438, 0.006969926, 0.0070639686, 0.007149698, 0.007224995, 0.0072583454, 0.0073161637, 0.007363049, 0.0073827556, 0.007415815, 0.0074421256, 0.0074533303, 0.007472953, 0.007489744, 0.0075040404, 0.0075102123, 0.0075202826, 0.007527059, 0.0075290566, 0.007530441, 0.007528007, 0.00752158, 0.0075167343, 0.0075036953, 0.0074860114, 0.007475332, 0.0074501825, 0.0074196034, 0.007383703, 0.0073638414, 0.0073208837, 0.007274303, 0.007249829, 0.0071990155, 0.007146002, 0.0071187895, 0.0070635173, 0.0070073265, 0.0069503826, 0.006921731, 0.0068641887, 0.0068066246, 0.0067779166, 0.006720349, 0.006662066, 0.0066020875, 0.0065711616, 0.0065070107, 0.006439557, 0.0064046127, 0.0063325176, 0.0062580826, 0.00622034, 0.006144394, 0.006068413, 0.0059924414, 0.0059543326, 0.0058770427, 0.0057978956, 0.0057573784, 0.0056743706, 0.005588705, 0.005500606, 0.0054557477, 0.0053648665, 0.005272553, 0.0052259252, 0.0051313583, 0.0050345003, 0.004984931, 0.0048831976, 0.004777553, 0.004667961, 0.004611677, 0.0044964417, 0.0043777996, 0.0043173055, 0.0041941847, 0.0040680254, 0.0039384193, 0.0038721447, 0.003736269, 0.0035956868, 0.0035235789, 0.0033756194, 0.0032226867, 0.003144326, 0.0029838593, 0.002818236, 0.0026474618, 0.0025601715, 0.0023815965, 0.002197494, 0.0021034142, 0.0019109426, 0.001712272, 0.0015060224, 0.0013991651, 0.0011751832, 0.0009326699, 0.0008035107, 0.0005384401, 0.00031997974
0, 0.0002826272, 0.0004249517, 0.00067511183, 0.0008060841, 0.0010548988, 0.0012827667, 0.0013904432, 0.0015974955, 0.001797677, 0.0019945635, 0.0020924644, 0.0022879182, 0.0024831735, 0.0025805538, 0.002774167, 0.0029648643, 0.0031508766, 0.0032416303, 0.0034179334, 0.0035872597, 0.0036694754, 0.0038301297, 0.0039876383, 0.0040659755, 0.0042230925, 0.0043816543, 0.0045417533, 0.004622089, 0.004782529, 0.0049413345, 0.005019498, 0.0051721632, 0.0053187935, 0.0054584974, 0.005525559, 0.005654249, 0.0057755196, 0.0058332733, 0.005942915, 0.006044767, 0.0060929474, 0.006184567, 0.006271178, 0.0063544414, 0.006395281, 0.006476201, 0.0065570655, 0.0065977187, 0.006679266, 0.0067602103, 0.006838546, 0.0068759914, 0.00694586, 0.0070079234, 0.0070355996, 0.007084091, 0.0071239183, 0.007140826, 0.007169587, 0.007193001, 0.0072123893, 0.0072208717, 0.007235873, 0.0072487565, 0.007254499, 0.0072647664, 0.0072735245, 0.0072805327, 0.0072832527, 0.0072870897, 0.0072884248, 0.007288102, 0.0072850063, 0.0072780033, 0.007266417, 0.0072588287, 0.0072399224, 0.007216103, 0.0072023543, 0.0071711647, 0.0071354066, 0.0071159652, 0.007074522, 0.0070300456, 0.0069829817, 0.0069585987, 0.006908092, 0.0068558007, 0.0068290457, 0.006774384, 0.006718103, 0.006659693, 0.0066295536, 0.006567169, 0.0065019154, 0.006468177, 0.0063986196, 0.006326158, 0.006288864, 0.006212397, 0.006133577, 0.0060522547, 0.006010481, 0.0059245867, 0.0058351746, 0.0057891556, 0.0056945933, 0.005596997, 0.0054966, 0.005445594, 0.005342047, 0.0052367835, 0.0051835463, 0.0050758994, 0.0049662464, 0.004910544, 0.0047968864, 0.0046798964, 0.004559461, 0.004497888, 0.0043719853, 0.004242461, 0.00417635, 0.0040420606, 0.003905015, 0.0037656631, 0.003695199, 0.0035526871, 0.0034081344, 0.0033350552, 0.0031870513, 0.0030362662, 0.0029597327, 0.0028036996, 0.0026434404, 0.0024786047, 0.002394386, 0.002222482, 0.002045969, 0.0019560405, 0.0017728126, 0.0015845721, 0.0013898707, 0.0012892355, 0.00107829, 0.0008493997, 0.0007269674, 0.00047393853, 0.00026217397
0, 0.00037079054, 0.00051649817, 0.0007837923, 0.0009261013, 0.001199185, 0.0014505397, 0.0015689802, 0.0017944846, 0.0020085492, 0.0022146474, 0.0023155366, 0.0025147533, 0.0027117385, 0.0028096633, 0.0030041959, 0.003195616, 0.0033815908, 0.0034716537, 0.00364435, 0.0038056693, 0.003881877, 0.0040259403, 0.004160728, 0.004225626, 0.0043523717, 0.004477345, 0.0046023102, 0.004665002, 0.0047906, 0.004916096, 0.0049783895, 0.005101069, 0.0052198665, 0.0053336252, 0.0053884466, 0.005494009, 0.0055942996, 0.0056424206, 0.0057342937, 0.0058198124, 0.005860011, 0.0059352214, 0.0060041007, 0.0060678655, 0.0060983095, 0.006157526, 0.0062164785, 0.0062465225, 0.006308919, 0.0063750087, 0.0064444426, 0.006479894, 0.006550793, 0.0066197575, 0.006652752, 0.0067145634, 0.006769679, 0.006794632, 0.006839378, 0.006877851, 0.006911074, 0.0069259983, 0.006953098, 0.006977005, 0.0069880597, 0.007008741, 0.0070278198, 0.00704563, 0.007054011, 0.007069876, 0.007084583, 0.0070915218, 0.007104053, 0.0071143815, 0.0071216896, 0.0071240286, 0.007125693, 0.0071230563, 0.0071200836, 0.0071104346, 0.0070958915, 0.0070868214, 0.0070651975, 0.007038999, 0.007008011, 0.006990608, 0.006951763, 0.0069076438, 0.006883733, 0.006832653, 0.0067778244, 0.0067196568, 0.006689521, 0.0066273944, 0.0065629235, 0.006529759, 0.0064613656, 0.006389523, 0.0063521196, 0.006273949, 0.0061912597, 0.0061039315, 0.0060585923, 0.0059645995, 0.005866596, 0.005816165, 0.005712767, 0.005606319, 0.005496932, 0.0054410854, 0.0053271605, 0.0052102925, 0.0051508592, 0.0050301957, 0.0049073426, 0.004845079, 0.0047188676, 0.004590413, 0.0044595106, 0.0043930165, 0.0042577125, 0.00411904, 0.0040483605, 0.0039046793, 0.0037581671, 0.0036098987, 0.0035353366, 0.0033857336, 0.0032360598, 0.003161189, 0.0030112914, 0.0028607573, 0.002784989, 0.002631955, 0.002476145, 0.002317053, 0.0022361532, 0.0020716896, 0.0019037714, 0.0018185169, 0.0016452568, 0.0014676516, 0.0012840307, 0.0011890136, 0.0009894876, 0.0007721563, 0.0006553982, 0.00041244275, 0.0002058816
0, 0.00044877024, 0.0005974056, 0.0008829759, 0.001038132, 0.0013397885, 0.0016199551, 0.0017519456, 0.002001718, 0.0022350047, 0.0024544874, 0.0025599066, 0.0027638713, 0.002960795, 0.0030571583, 0.0032462673, 0.0034302587, 0.003607934, 0.00369383, 0.0038584983, 0.004012215, 0.0040845023, 0.0042199674, 0.004343618, 0.004401427, 0.004510433, 0.0046123723, 0.004709053, 0.0047558015, 0.0048466763, 0.0049346695, 0.0049777036, 0.0050620353, 0.005143905, 0.005223173, 0.005261904, 0.005338172, 0.0054133735, 0.005450722, 0.0055246307, 0.0055965846, 0.0056314147, 0.005697794, 0.0057591135, 0.0058151954, 0.0058413544, 0.0058904244, 0.0059364326, 0.0059590195, 0.006004834, 0.0060533243, 0.0061058383, 0.0061337487, 0.006192447, 0.0062541566, 0.006285677, 0.006348996, 0.006411284, 0.0064416444, 0.006500051, 0.0065550287, 0.0066061933, 0.0066303313, 0.0066757635, 0.0067174346, 0.0067369062, 0.006773638, 0.006807616, 0.0068393326, 0.0068544243, 0.006883216, 0.006910414, 0.0069234218, 0.0069482927, 0.0069712084, 0.0069916323, 0.0070007406, 0.0070165, 0.0070289792, 0.007033975, 0.007041324, 0.0070448956, 0.0070452318, 0.007042691, 0.007035344, 0.0070221927, 0.0070130406, 0.006988835, 0.006956395, 0.006937094, 0.0068928376, 0.0068420307, 0.0067861527, 0.006756651, 0.0066951565, 0.0066307625, 0.006597438, 0.0065281554, 0.006454426, 0.00641552, 0.0063331937, 0.006244556, 0.0061501036, 0.006100935, 0.005999259, 0.0058938195, 0.005839978, 0.0057302145, 0.0056176283, 0.005501733, 0.005442373, 0.00532032, 0.0051936056, 0.0051286733, 0.004995999, 0.004860464, 0.004791961, 0.004653886, 0.0045147943, 0.0043747514, 0.004304311, 0.0041620703, 0.004017464, 0.003944063, 0.0037949397, 0.0036432478, 0.0034897912, 0.0034127382, 0.0032585019, 0.0031048434, 0.003028355, 0.0028759453, 0.0027239833, 0.0026479384, 0.002495287, 0.0023413498, 0.0021856434, 0.0021070635, 0.0019484626, 0.0017878597, 0.0017066918, 0.0015422647, 0.0013739245, 0.0011995469, 0.0011090664, 0.0009184294, 0.0007098301, 0.0005972939, 0.00036172138, 0.00015839007
0, 0.00053393835, 0.0006850299, 0.0009889804, 0.0011567975, 0.0014860074, 0.0017929437, 0.001937385, 0.0022095211, 0.0024611955, 0.002694267, 0.0028043992, 0.0030132164, 0.0032085408, 0.0033017604, 0.003480448, 0.0036496276, 0.0038103245, 0.0038876636, 0.0040364177, 0.004177456, 0.0042448197, 0.0043726084, 0.004490376, 0.004545264, 0.004646829, 0.0047377115, 0.00481832, 0.0048550298, 0.0049218456, 0.004980893, 0.0050081485, 0.0050594183, 0.005107672, 0.0051542814, 0.0051774504, 0.005224187, 0.005272667, 0.005297859, 0.0053503136, 0.0054051145, 0.005433043, 0.005489099, 0.0055442657, 0.0055972636, 0.0056226654, 0.005670503, 0.005714427, 0.0057350257, 0.0057742978, 0.0058125695, 0.005851536, 0.005871985, 0.005915209, 0.005962697, 0.0059882235, 0.0060428884, 0.0061018453, 0.0061326255, 0.0061959494, 0.006260651, 0.006325352, 0.0063574123, 0.006420032, 0.006480094, 0.0065089455, 0.00656429, 0.0066166003, 0.006666159, 0.006689948, 0.006735364, 0.00677817, 0.0067984415, 0.0068370155, 0.006872522, 0.0069043897, 0.006918911, 0.0069450215, 0.006967429, 0.006977303, 0.006994755, 0.007009144, 0.0070151333, 0.0070243343, 0.007029134, 0.0070282915, 0.007025224, 0.0070129856, 0.0069914404, 0.006977064, 0.006941366, 0.006897372, 0.0068465127, 0.0068189222, 0.0067600943, 0.006696734, 0.006663299, 0.0065926015, 0.0065158918, 0.0064749857, 0.006387525, 0.00629259, 0.0061910646, 0.00613825, 0.006029516, 0.005917469, 0.0058605056, 0.0057448098, 0.005626378, 0.005504266, 0.0054414165, 0.0053116665, 0.005175996, 0.0051060417, 0.004962664, 0.0048160376, 0.0047420342, 0.0045935162, 0.0044452692, 0.0042974716, 0.0042237267, 0.0040760976, 0.003927504, 0.0038525478, 0.0037009553, 0.0035474668, 0.003392487, 0.0033147656, 0.0031592955, 0.003004324, 0.0029271115, 0.002773273, 0.002619904, 0.0025432336, 0.0023896757, 0.002235594, 0.00208104, 0.0020036031, 0.0018484893, 0.0016929732, 0.0016148756, 0.0014571984, 0.0012961839, 0.0011291951, 0.0010424078, 0.000859045, 0.0006575307, 0.00054847996, 0.00031886622, 0.0001179497
0, 0.00064840884, 0.0008016361, 0.001122554, 0.0013010761, 0.001650747, 0.0019746588, 0.002126218, 0.002410722, 0.0026729698, 0.0029146015, 0.0030280082, 0.0032402768, 0.003433783, 0.0035238941, 0.0036917133, 0.003844857, 0.003985845, 0.0040525976, 0.004180371, 0.00430222, 0.0043612365, 0.0044752033, 0.0045825695, 0.004633113, 0.004727062, 0.0048101824, 0.0048817946, 0.00491323, 0.004967843, 0.0050125085, 0.0050317477, 0.005065755, 0.0050955694, 0.00512324, 0.0051366277, 0.005163087, 0.0051900516, 0.0052041356, 0.00523406, 0.0052672187, 0.005285117, 0.005323833, 0.0053662737, 0.005411805, 0.0054353187, 0.005482739, 0.0055292686, 0.005551674, 0.0055943904, 0.005634201, 0.0056720185, 0.00569055, 0.0057281577, 0.005768062, 0.005789538, 0.0058365073, 0.005889434, 0.0059181643, 0.005979608, 0.006045482, 0.00611467, 0.006150046, 0.0062215584, 0.006293009, 0.0063283416, 0.006397998, 0.006465971, 0.0065321936, 0.0065645417, 0.0066271857, 0.006686769, 0.0067152013, 0.006769126, 0.0068187118, 0.0068633775, 0.006883678, 0.0069201156, 0.0069510294, 0.00696455, 0.006988363, 0.007007871, 0.0070161154, 0.0070292675, 0.0070377686, 0.0070407195, 0.0070398212, 0.0070324484, 0.0070166453, 0.007005366, 0.0069760447, 0.0069383215, 0.006892911, 0.0068676504, 0.0068123797, 0.0067507615, 0.0067175548, 0.0066459896, 0.0065670344, 0.006524615, 0.0064335694, 0.006334429, 0.0062281988, 0.0061728163, 0.006058749, 0.005941137, 0.0058811717, 0.005758937, 0.0056333817, 0.005503482, 0.005436579, 0.0052982923, 0.0051538283, 0.005079396, 0.00492704, 0.0047715018, 0.0046931407, 0.004536307, 0.0043803165, 0.0042255074, 0.0041485443, 0.0039950986, 0.0038417538, 0.0037648976, 0.0036105488, 0.0034552675, 0.0032995641, 0.0032217426, 0.003066594, 0.0029121381, 0.0028351615, 0.0026816244, 0.0025282386, 0.002451445, 0.0022976086, 0.0021434554, 0.0019893579, 0.0019125313, 0.0017595112, 0.0016072374, 0.0015311885, 0.0013783864, 0.0012229979, 0.0010621924, 0.0009786243, 0.00080204936, 0.0006075328, 0.0005019834, 0.0002786408, 8.0697726e-05
0, 0.0007944438, 0.0009480918, 0.0012808342, 0.0014656677, 0.0018239386, 0.0021503628, 0.0023016885, 0.0025845007, 0.0028454678, 0.0030872726, 0.0032011494, 0.003414331, 0.0036072233, 0.0036959308, 0.0038580718, 0.0040013846, 0.0041283164, 0.0041867597, 0.00429586, 0.0043975646, 0.004446415, 0.0045408905, 0.0046304218, 0.004672844, 0.00475192, 0.004822207, 0.0048831264, 0.0049101226, 0.0049575316, 0.004997395, 0.005014926, 0.0050465926, 0.005074875, 0.0051004225, 0.0051121637, 0.005133092, 0.00515053, 0.005158093, 0.0051720496, 0.0051861177, 0.005193987, 0.0052129817, 0.005237986, 0.005270161, 0.0052889693, 0.005331342, 0.005378216, 0.0054025915, 0.0054519414, 0.005500638, 0.005548016, 0.005571162, 0.0056169555, 0.0056631067, 0.0056868764, 0.0057367426, 0.005790703, 0.005819297, 0.0058795717, 0.0059437715, 0.0060113478, 0.0060462537, 0.0061179004, 0.0061913477, 0.0062285815, 0.006303635, 0.006379272, 0.0064550606, 0.006492767, 0.006567103, 0.0066389074, 0.006673621, 0.006740044, 0.006801871, 0.0068584783, 0.0068844752, 0.0069315135, 0.006971552, 0.0069889864, 0.0070188306, 0.0070422026, 0.00705155, 0.00706547, 0.007073239, 0.0070748003, 0.0070732054, 0.007064994, 0.0070495964, 0.0070390077, 0.007011856, 0.006976927, 0.0069345133, 0.006910494, 0.006856927, 0.0067957947, 0.006762437, 0.006689862, 0.0066094426, 0.006566226, 0.0064736363, 0.006373101, 0.0062652254, 0.0062088943, 0.006092008, 0.005970294, 0.005907752, 0.005779309, 0.005646127, 0.0055078664, 0.0054367566, 0.005290307, 0.0051384484, 0.005060719, 0.0049021537, 0.0047409516, 0.0046598897, 0.004497614, 0.0043357564, 0.0041746586, 0.004094359, 0.0039341133, 0.0037741829, 0.0036942584, 0.00353448, 0.0033750578, 0.0032165758, 0.0031378407, 0.0029817314, 0.0028273116, 0.0027506498, 0.0025980172, 0.00244567, 0.0023694267, 0.0022167012, 0.002063744, 0.0019109286, 0.0018347856, 0.0016833771, 0.0015331559, 0.0014583153, 0.0013086079, 0.0011571097, 0.0010011267, 0.0009202819, 0.00074982335, 0.00056217116, 0.00046010382, 0.00024318462, 4.896418e-05
0, 0.0009542061, 0.0010993556, 0.0014292375, 0.001612474, 0.0019641283, 0.0022797561, 0.0024247034, 0.002694434, 0.002943921, 0.0031775169, 0.003288742, 0.0034993072, 0.003692129, 0.0037812497, 0.003944212, 0.004086881, 0.0042106044, 0.0042661126, 0.0043664575, 0.0044555925, 0.0044970033, 0.004574941, 0.004646709, 0.0046801777, 0.0047416473, 0.0047955797, 0.004842565, 0.0048638466, 0.004903242, 0.004939692, 0.0049573504, 0.0049921745, 0.005026675, 0.0050599095, 0.005075443, 0.0051028198, 0.0051238975, 0.005131945, 0.005143669, 0.005151455, 0.005154919, 0.0051632854, 0.005176562, 0.0051975744, 0.0052114795, 0.0052463515, 0.005289595, 0.005313783, 0.005366121, 0.005422056, 0.0054801637, 0.00550981, 0.0055697314, 0.005630569, 0.0056613083, 0.0057237907, 0.0057876315, 0.0058200606, 0.0058855, 0.005951593, 0.006018662, 0.006052649, 0.0061218124, 0.006192739, 0.006228945, 0.0063026715, 0.0063781273, 0.00645479, 0.0064933375, 0.0065701646, 0.0066453307, 0.006682014, 0.00675298, 0.006820261, 0.00688323, 0.0069127795, 0.0069672693, 0.0070148767, 0.0070358333, 0.0070717833, 0.007099599, 0.007110396, 0.0071258005, 0.007133168, 0.007133022, 0.0071303206, 0.00711987, 0.007102585, 0.007091273, 0.007063258, 0.007027796, 0.006984737, 0.0069603003, 0.0069053923, 0.00684247, 0.006808009, 0.0067332108, 0.0066508744, 0.006606948, 0.0065136943, 0.006413149, 0.006305415, 0.0062489975, 0.006131277, 0.0060072285, 0.005942952, 0.005809861, 0.005670933, 0.0055265957, 0.005452518, 0.0053009875, 0.005145312, 0.0050662383, 0.0049058385, 0.004743382, 0.004661696, 0.00449766, 0.004332947, 0.004167725, 0.004084872, 0.003918791, 0.0037524325, 0.0036691905, 0.0035030665, 0.003337961, 0.0031747103, 0.0030939898, 0.0029347509, 0.00277838, 0.0027011458, 0.0025480995, 0.0023962997, 0.0023206607, 0.0021694766, 0.0020182733, 0.0018672363, 0.0017918278, 0.0016415309, 0.0014920484, 0.0014175567, 0.0012686064, 0.0011183821, 0.0009645865, 0.00088523683, 0.00071847986, 0.0005353376, 0.0004356718, 0.00022321474, 3.1817086e-05
0, 0.0011160823, 0.001222281, 0.001515598, 0.0016851273, 0.0020157385, 0.0023145736, 0.0024516687, 0.0027061254, 0.0029410396, 0.0031620595, 0.0032681606, 0.0034715529, 0.0036614947, 0.0037506802, 0.0039160615, 0.0040631895, 0.0041920147, 0.004249763, 0.004353214, 0.0044426885, 0.0044831294, 0.004556754, 0.004621909, 0.004651395, 0.0047040936, 0.0047487435, 0.0047867857, 0.00480413, 0.004837212, 0.004870224, 0.00488733, 0.0049234773, 0.0049622096, 0.0050023394, 0.0050221705, 0.005059716, 0.005092379, 0.005106503, 0.0051302863, 0.0051491125, 0.005157291, 0.0051729656, 0.00519037, 0.005212361, 0.0052257483, 0.005258215, 0.0052982243, 0.005320967, 0.005371378, 0.0054277205, 0.0054895007, 0.005522199, 0.0055907657, 0.005662685, 0.00569948, 0.0057743615, 0.005849946, 0.0058876886, 0.005962303, 0.0060353433, 0.0061067278, 0.006141967, 0.0062123025, 0.006282823, 0.006318434, 0.0063900594, 0.0064624357, 0.0065351594, 0.006571444, 0.0066433707, 0.0067136064, 0.0067478274, 0.0068143476, 0.006878124, 0.0069389, 0.0069680316, 0.007022927, 0.007072469, 0.0070947353, 0.007133755, 0.0071645314, 0.007176629, 0.007193969, 0.0072022, 0.0072018774, 0.00719873, 0.0071868063, 0.007167643, 0.0071553634, 0.007125175, 0.0070873625, 0.0070415963, 0.0070156357, 0.0069575836, 0.006891389, 0.0068552517, 0.006777361, 0.006692528, 0.006647631, 0.0065532094, 0.0064523504, 0.0063448474, 0.006288528, 0.0061707543, 0.0060459925, 0.005981077, 0.0058462834, 0.0057053533, 0.005559244, 0.0054846136, 0.0053327717, 0.005178116, 0.0050999215, 0.0049420344, 0.0047823726, 0.0047019585, 0.004539829, 0.0043760035, 0.0042105005, 0.004127065, 0.003959183, 0.0037902438, 0.0037055842, 0.0035363568, 0.0033678717, 0.003201054, 0.0031185457, 0.002955726, 0.0027960408, 0.0027173236, 0.0025619962, 0.0024089047, 0.002333031, 0.0021820448, 0.0020316534, 0.0018813671, 0.0018062165, 0.0016558026, 0.0015051877, 0.0014298708, 0.0012788628, 0.0011265309, 0.00097098603, 0.0008910269, 0.0007235835, 0.0005403301, 0.0004407226, 0.00022846147, 3.734608e-05
0, 0.0013015583, 0.0012794569, 0.0014859788, 0.0016327277, 0.0019400951, 0.0022287257, 0.0023621423, 0.0026087034, 0.0028336744, 0.0030430558, 0.0031431464, 0.0033353537, 0.0035166475, 0.0036028377, 0.0037654613, 0.0039143525, 0.004048964, 0.0041108946, 0.0042242454, 0.0043245247, 0.004370238, 0.004453783, 0.0045279013, 0.0045615067, 0.0046219286, 0.004673523, 0.00471772, 0.0047377027, 0.004775175, 0.004811317, 0.004829554, 0.0048672874, 0.0049072956, 0.004949874, 0.0049719587, 0.005016891, 0.005061704, 0.005083766, 0.0051268246, 0.00516812, 0.0051881378, 0.0052270796, 0.0052652126, 0.005303606, 0.005323324, 0.005364186, 0.0054077506, 0.0054306732, 0.0054793064, 0.005532479, 0.0055909865, 0.005622446, 0.005689804, 0.0057623857, 0.0058003794, 0.0058787027, 0.0059591914, 0.0059997397, 0.0060806056, 0.0061601847, 0.0062378724, 0.006275962, 0.0063511557, 0.0064252745, 0.006461945, 0.0065343357, 0.0066052126, 0.006674079, 0.006707616, 0.0067725247, 0.006834196, 0.0068637636, 0.006920503, 0.0069742096, 0.007025296, 0.0070499205, 0.0070969705, 0.0071403338, 0.0071602496, 0.0071957195, 0.007224384, 0.0072358856, 0.0072524655, 0.007260205, 0.0072591826, 0.0072554424, 0.007241872, 0.0072205276, 0.0072069387, 0.0071740597, 0.007133205, 0.007084312, 0.0070567927, 0.0069956155, 0.0069264593, 0.006888926, 0.0068085263, 0.0067215017, 0.0066756452, 0.0065796883, 0.0064780344, 0.0063703842, 0.006314259, 0.006197105, 0.0060733776, 0.006009127, 0.005876062, 0.0057374937, 0.0055944184, 0.005521559, 0.0053737396, 0.0052237245, 0.0051479335, 0.0049949596, 0.004840069, 0.0047618565, 0.004603841, 0.004443738, 0.0042816424, 0.004199972, 0.0040354715, 0.003869923, 0.0037869117, 0.0036205729, 0.0034542414, 0.0032883293, 0.0032057632, 0.0030416467, 0.0028795693, 0.0027994, 0.0026408862, 0.0024848527, 0.0024076835, 0.0022547953, 0.0021030372, 0.0019516187, 0.0018757734, 0.0017234139, 0.001569968, 0.001492821, 0.0013374367, 0.0011800581, 0.0010192649, 0.0009366796, 0.0007641318, 0.00057595625, 0.00047393583, 0.00025734984, 6.378465e-05
0, 0.0015476494, 0.0011787646, 0.0013034642, 0.0014407623, 0.0017462212, 0.0020381797, 0.0021729874, 0.0024201008, 0.0026415838, 0.0028431376, 0.0029379819, 0.0031178803, 0.0032863466, 0.0033666352, 0.0035198366, 0.0036638866, 0.00379931, 0.0038638003, 0.0039862054, 0.004099713, 0.004153186, 0.004253989, 0.0043469933, 0.004390567, 0.0044719502, 0.0045456868, 0.0046123364, 0.0046432135, 0.0047007436, 0.004753568, 0.004778551, 0.004826405, 0.004872948, 0.004919961, 0.0049442207, 0.0049949475, 0.005049478, 0.005078303, 0.005138981, 0.0052029854, 0.005235855, 0.0053021493, 0.005367678, 0.0054309512, 0.005461552, 0.005520603, 0.0055768955, 0.0056042364, 0.0056581427, 0.0057124905, 0.0057690195, 0.005798639, 0.0058612563, 0.005928383, 0.0059635527, 0.00603681, 0.0061132214, 0.006152342, 0.0062317466, 0.0063116937, 0.006391206, 0.0064305905, 0.0065084877, 0.0065849987, 0.006622534, 0.0066957795, 0.0067658336, 0.006832006, 0.0068634856, 0.006922908, 0.006977401, 0.0070027323, 0.0070497063, 0.0070919334, 0.0071303477, 0.0071482593, 0.007181703, 0.0072120153, 0.007225811, 0.007250306, 0.0072698696, 0.0072774854, 0.0072878054, 0.0072907372, 0.007285594, 0.007279925, 0.007262511, 0.007237224, 0.007221681, 0.0071850154, 0.007140839, 0.0070891376, 0.007060495, 0.006997614, 0.0069272905, 0.0068893945, 0.006808339, 0.0067205955, 0.006674447, 0.0065778513, 0.00647589, 0.0063686958, 0.0063131624, 0.0061979555, 0.0060774386, 0.00601523, 0.005887159, 0.005754585, 0.005618068, 0.005548556, 0.0054073725, 0.005263476, 0.005190608, 0.0050430326, 0.0048929853, 0.0048170714, 0.00466362, 0.0045082793, 0.0043515484, 0.004272846, 0.0041150516, 0.0039570294, 0.0038778519, 0.0037191538, 0.0035597028, 0.00339929, 0.0033186933, 0.0031569807, 0.0029951297, 0.0029143714, 0.0027536605, 0.0025945706, 0.0025157754, 0.0023595884, 0.0022047618, 0.002050314, 0.001972928, 0.0018172599, 0.0016599641, 0.001580553, 0.0014199787, 0.0012565141, 0.0010889348, 0.0010027897, 0.000822801, 0.00062692666, 0.0005211684, 0.00029788053, 0.0001005715
0, 0, 0.00078515103, 0.00102081, 0.0011771319, 0.0014966683, 0.0017910353, 0.0019256923, 0.0021715018, 0.0023901328, 0.0025866146, 0.0026778781, 0.0028487982, 0.0030068164, 0.0030817974, 0.00322541, 0.0033625704, 0.0034951216, 0.0035600406, 0.0036868968, 0.0038096171, 0.003869315, 0.0039851926, 0.0040965695, 0.0041505788, 0.0042553805, 0.0043557924, 0.004451707, 0.0044977977, 0.0045857187, 0.004667365, 0.0047055893, 0.0047771344, 0.0048430995, 0.0049056383, 0.004936488, 0.0049989372, 0.005064642, 0.00509934, 0.005173041, 0.0052525294, 0.005294188, 0.0053798016, 0.0054663084, 0.00555111, 0.0055922386, 0.005671382, 0.005745954, 0.005781565, 0.005849835, 0.005915224, 0.005979076, 0.006010789, 0.006074714, 0.0061396654, 0.0061727143, 0.0062400345, 0.006309156, 0.006344483, 0.0064165364, 0.0064899228, 0.0065637254, 0.006600462, 0.0066732806, 0.0067446437, 0.006779527, 0.0068473388, 0.006911874, 0.0069726272, 0.007001427, 0.0070555285, 0.00710453, 0.00712687, 0.007166878, 0.007200469, 0.0072278427, 0.007239391, 0.0072586522, 0.0072734905, 0.0072794184, 0.0072884182, 0.0072936784, 0.0072947773, 0.0072934222, 0.0072865775, 0.0072731166, 0.007263717, 0.007239387, 0.007207787, 0.007189447, 0.0071478602, 0.0071000117, 0.0070461566, 0.007016976, 0.0069541335, 0.006884996, 0.0068479744, 0.0067688166, 0.006682921, 0.0066375947, 0.006542522, 0.0064422893, 0.006337463, 0.006283447, 0.0061723846, 0.006057441, 0.005998522, 0.005877888, 0.0057534585, 0.0056253835, 0.005559904, 0.0054264106, 0.0052894466, 0.005219759, 0.0050779544, 0.004933103, 0.0048597627, 0.0047112852, 0.004561212, 0.004410323, 0.004334813, 0.0041840216, 0.004033585, 0.003958408, 0.0038078122, 0.0036561517, 0.0035027403, 0.0034251418, 0.0032681406, 0.0031090681, 0.0030289742, 0.0028683285, 0.0027078132, 0.0026278575, 0.0024686616, 0.0023103852, 0.0021522143, 0.002072957, 0.0019134695, 0.0017520258, 0.0016703563, 0.0015047635, 0.0013355543, 0.0011613603, 0.0010716168, 0.00088381453, 0.00067975716, 0.0005698891, 0.0003393095, 0.00013846061
0, 0, 0.000603763, 0.0008207858, 0.00096414465, 0.0012570322, 0.0015286034, 0.001654231, 0.0018865066, 0.002096828, 0.0022882256, 0.0023777005, 0.0025458527, 0.0027016273, 0.0027757764, 0.0029181787, 0.0030549532, 0.0031883223, 0.0032541514, 0.0033844344, 0.003512735, 0.0035760924, 0.003701187, 0.0038244294, 0.003885523, 0.004006836, 0.004127523, 0.0042474098, 0.0043068, 0.0044237133, 0.0045366064, 0.0045910263, 0.004694809, 0.0047919075, 0.0048829885, 0.0049267937, 0.0050121583, 0.0050965576, 0.0051391306, 0.0052258065, 0.00531571, 0.005361821, 0.005456005, 0.005551667, 0.0056471536, 0.0056944476, 0.005787649, 0.005878575, 0.0059230644, 0.0060098832, 0.006093384, 0.006173222, 0.0062117167, 0.0062861047, 0.0063572386, 0.0063917274, 0.006458957, 0.0065245084, 0.0065569878, 0.0066217645, 0.006686139, 0.006749715, 0.0067808223, 0.00684131, 0.0068990723, 0.006926843, 0.0069801933, 0.0070308233, 0.007079025, 0.0071022226, 0.00714667, 0.007187745, 0.0072067613, 0.007240557, 0.0072676213, 0.007287133, 0.007293941, 0.007302161, 0.0073040295, 0.007302966, 0.0072974185, 0.0072881468, 0.0072822114, 0.0072677103, 0.0072490647, 0.0072251144, 0.0072109546, 0.0071778754, 0.007138623, 0.007116892, 0.007069749, 0.007018193, 0.006962654, 0.0069333566, 0.0068716095, 0.006805282, 0.006770077, 0.0066949646, 0.0066135298, 0.0065704477, 0.006479919, 0.0063845227, 0.0062851473, 0.006234173, 0.006130024, 0.0060229227, 0.0059682606, 0.005856638, 0.005741394, 0.005622396, 0.005561377, 0.0054363366, 0.00530757, 0.0052418415, 0.0051078442, 0.0049707284, 0.004901103, 0.004760091, 0.004617177, 0.004473083, 0.0044007874, 0.004256062, 0.0041111833, 0.0040387157, 0.0038934865, 0.0037471633, 0.003599096, 0.0035241018, 0.0033719859, 0.003217046, 0.0031386449, 0.0029803202, 0.0028206103, 0.0027404616, 0.0025798331, 0.0024189092, 0.0022574249, 0.0021762764, 0.0020127594, 0.0018469638, 0.0017629664, 0.001592292, 0.0014173352, 0.0012365248, 0.0011430902, 0.00094723044, 0.0007343724, 0.00062006526, 0.00038165456, 0.00017728157
0, 0, 0.0005717671, 0.0006909785, 0.00079520064, 0.0010298946, 0.0012615265, 0.0013717626, 0.0015811889, 0.0017775758, 0.0019625975, 0.0020511826, 0.0022210407, 0.002382322, 0.0024602134, 0.0026113598, 0.0027577144, 0.0029005266, 0.0029708007, 0.0031095692, 0.003245901, 0.0033132213, 0.003446212, 0.0035775534, 0.0036428408, 0.0037734855, 0.003905217, 0.004038756, 0.004106312, 0.0042425664, 0.0043791565, 0.0044470853, 0.004580755, 0.0047103586, 0.0048347786, 0.0048949276, 0.00501115, 0.0051224907, 0.0051765135, 0.0052819336, 0.0053844447, 0.0054348884, 0.005534567, 0.0056333463, 0.0057317317, 0.005781002, 0.0058801016, 0.0059803375, 0.0060307374, 0.0061314953, 0.006230739, 0.0063263606, 0.006372251, 0.0064595863, 0.0065406524, 0.006578834, 0.0066508995, 0.0067179394, 0.0067498786, 0.006811131, 0.006869133, 0.006923516, 0.0069490676, 0.0069962125, 0.007037835, 0.007056698, 0.00709118, 0.0071226126, 0.0071521513, 0.007166584, 0.0071949693, 0.0072224946, 0.00723554, 0.0072590956, 0.0072772605, 0.0072885333, 0.0072913333, 0.007291031, 0.0072838245, 0.0072779544, 0.0072625317, 0.0072431187, 0.007232131, 0.0072076796, 0.0071795927, 0.0071469843, 0.007128702, 0.007088001, 0.007042071, 0.007017385, 0.006965358, 0.00691041, 0.0068533346, 0.006823952, 0.0067633106, 0.0066996254, 0.006666295, 0.0065960255, 0.0065203793, 0.006480488, 0.0063971593, 0.006309614, 0.0062188655, 0.0061724912, 0.0060780593, 0.00598104, 0.005931473, 0.0058300137, 0.0057247863, 0.0056154225, 0.0055592237, 0.005443912, 0.005325204, 0.00526474, 0.005141743, 0.005016223, 0.0049524256, 0.0048228125, 0.0046905084, 0.004555606, 0.0044872425, 0.004348867, 0.004208655, 0.0041380315, 0.0039958414, 0.0038524084, 0.003707472, 0.0036343248, 0.0034863455, 0.0033357705, 0.0032594453, 0.0031047019, 0.0029474108, 0.0028678712, 0.002707211, 0.002544611, 0.002380148, 0.0022971306, 0.0021292767, 0.0019584221, 0.0018716708, 0.0016950261, 0.0015132345, 0.0013246805, 0.001226918, 0.0010215772, 0.000798335, 0.0006787958, 0.00043115084, 0.0002220846
0, 0, 0.00053304125, 0.0005227247, 0.000597567, 0.0007936138, 0.0009958622, 0.0010933793, 0.001281408, 0.0014629377, 0.0016399539, 0.001726904, 0.0018977871, 0.002064808, 0.0021471956, 0.002309583, 0.0024694023, 0.0026269713, 0.0027048732, 0.00285879, 0.0030098765, 0.003084258, 0.0032304132, 0.0033734231, 0.0034439408, 0.0035840818, 0.0037243057, 0.0038663074, 0.0039383667, 0.0040849657, 0.0042347503, 0.0043106037, 0.0044633285, 0.0046157693, 0.004766216, 0.0048402315, 0.0049849064, 0.0051241885, 0.0051914775, 0.0053205905, 0.0054421294, 0.005500197, 0.0056113126, 0.0057173707, 0.005820265, 0.005871243, 0.0059731416, 0.006076269, 0.006128452, 0.006233429, 0.006337821, 0.006439057, 0.0064878403, 0.006580548, 0.006666183, 0.006706295, 0.006781335, 0.0068499045, 0.0068819732, 0.006941965, 0.0069967248, 0.007045644, 0.0070675826, 0.0071058176, 0.007135955, 0.0071481904, 0.007167738, 0.007182458, 0.007194227, 0.007199536, 0.0072095776, 0.0072192876, 0.0072237947, 0.0072313803, 0.00723538, 0.007234348, 0.0072316052, 0.0072217924, 0.007206599, 0.0071972124, 0.0071755527, 0.007150554, 0.0071369284, 0.007107366, 0.0070743095, 0.0070370696, 0.0070166006, 0.006971889, 0.006922459, 0.0068962798, 0.006841821, 0.006785249, 0.0067273066, 0.0066978466, 0.0066379784, 0.006576029, 0.0065440494, 0.006477726, 0.006407625, 0.0063711903, 0.0062958235, 0.006217733, 0.006137573, 0.006096797, 0.0060137566, 0.0059282794, 0.005884418, 0.0057939664, 0.0056994413, 0.005600688, 0.0055498406, 0.0054455386, 0.0053386884, 0.0052845124, 0.005174905, 0.0050635766, 0.0050070346, 0.004891681, 0.0047728214, 0.004649703, 0.004586411, 0.0044564446, 0.004322461, 0.0042542405, 0.0041158344, 0.0039755995, 0.0038337675, 0.0037622873, 0.0036180231, 0.0034714602, 0.0033971588, 0.0032460412, 0.0030913472, 0.0030125484, 0.0028520843, 0.0026879206, 0.002520422, 0.0024354057, 0.0022626475, 0.0020859325, 0.0019959176, 0.001812171, 0.001622494, 0.0014249446, 0.0013222694, 0.0011061989, 0.00087140896, 0.0007460678, 0.0004879512, 0.0002732079
0, 0, 0.00015727864, 0.00027221686, 0.00036747596, 0.0005719245, 0.0007648508, 0.00085550634, 0.0010294437, 0.0011985756, 0.0013660986, 0.0014495498, 0.0016159228, 0.0017819448, 0.0018650261, 0.0020315356, 0.0021992745, 0.00236822, 0.0024529968, 0.0026226747, 0.0027914993, 0.002875204, 0.0030402096, 0.0032014665, 0.0032807717, 0.0034370616, 0.003591465, 0.0037453228, 0.0038224552, 0.003977751, 0.0041348888, 0.0042143697, 0.0043748827, 0.004536945, 0.004699499, 0.004780626, 0.0049417187, 0.005099998, 0.005177457, 0.005327797, 0.0054703145, 0.0055383514, 0.0056678965, 0.0057894583, 0.005904399, 0.005959872, 0.006067514, 0.0061722677, 0.006223851, 0.006325447, 0.0064244526, 0.006519406, 0.0065649333, 0.006651405, 0.0067315875, 0.006769319, 0.006840251, 0.0069053285, 0.0069357213, 0.006992259, 0.0070432597, 0.0070880745, 0.007107792, 0.0071413233, 0.007166287, 0.007175611, 0.007188463, 0.007194832, 0.007196296, 0.007195548, 0.007191667, 0.0071852584, 0.0071812356, 0.007171299, 0.007158389, 0.0071419044, 0.007132277, 0.00711048, 0.0070858314, 0.007072653, 0.0070449426, 0.007015333, 0.0069998046, 0.006966841, 0.006930991, 0.0068916194, 0.0068703974, 0.0068248026, 0.0067754323, 0.0067495834, 0.006696068, 0.006640819, 0.0065843086, 0.006555599, 0.006497283, 0.006437257, 0.006406534, 0.0063435235, 0.006278443, 0.006245209, 0.006177521, 0.006108677, 0.006039001, 0.006003731, 0.0059320056, 0.0058579072, 0.0058196303, 0.005740299, 0.005656814, 0.005569119, 0.005523902, 0.00543134, 0.0053367303, 0.005288912, 0.0051923455, 0.0050943955, 0.005044684, 0.0049428814, 0.0048370953, 0.0047261654, 0.0046685534, 0.0045489096, 0.004423863, 0.0043595787, 0.004228087, 0.0040937364, 0.00395692, 0.0038877074, 0.0037475133, 0.003604486, 0.0035317065, 0.0033830937, 0.0032297852, 0.0031512217, 0.0029902142, 0.0028242006, 0.0026534768, 0.0025663793, 0.0023886212, 0.002206042, 0.00211282, 0.001922067, 0.0017246121, 0.0015184904, 0.0014112241, 0.0011853712, 0.0009401553, 0.00080957345, 0.0005419647, 0.00032200004
0, 0, 1.6363615e-06, 0.00012604613, 0.00022206818, 0.00042219413, 0.000607926, 0.00069466693, 0.0008605121, 0.0010209689, 0.0011794425, 0.0012582616, 0.0014156946, 0.0015737889, 0.0016535787, 0.001815367, 0.0019812784, 0.0021520995, 0.0022392487, 0.0024167083, 0.0025973495, 0.002688249, 0.002870037, 0.0030505212, 0.0031400449, 0.003317213, 0.0034917868, 0.0036636887, 0.0037485757, 0.0039163036, 0.004081774, 0.004163934, 0.004327716, 0.0044911634, 0.0046546934, 0.004736445, 0.004899972, 0.005063305, 0.00514453, 0.0053050006, 0.005461115, 0.0055369576, 0.0056833248, 0.0058219843, 0.0059523466, 0.006014313, 0.0061314786, 0.006240149, 0.006291494, 0.0063886596, 0.006479217, 0.006563358, 0.0066030873, 0.0066778394, 0.0067468695, 0.006779475, 0.0068408456, 0.006897346, 0.006923705, 0.0069724456, 0.007015927, 0.007053958, 0.007070718, 0.0070994063, 0.007121231, 0.0071294643, 0.0071408977, 0.0071458253, 0.0071446137, 0.0071416884, 0.0071314694, 0.007115732, 0.0071060113, 0.007083356, 0.00705692, 0.007027242, 0.0070114704, 0.0069785914, 0.0069447416, 0.006927643, 0.006893034, 0.0068574916, 0.0068392544, 0.0068013794, 0.0067614354, 0.0067191566, 0.0066971066, 0.0066511882, 0.0066032936, 0.0065787793, 0.0065286965, 0.006477547, 0.0064252126, 0.00639855, 0.0063440045, 0.0062878113, 0.0062591243, 0.0062006824, 0.0061412035, 0.006111255, 0.0060510407, 0.005990792, 0.0059302896, 0.0058997516, 0.005837522, 0.00577305, 0.005739626, 0.0056701507, 0.005596974, 0.0055199075, 0.005480192, 0.005398651, 0.005314917, 0.0052723405, 0.005185943, 0.0050974134, 0.0050522313, 0.0049594766, 0.0048626536, 0.00476107, 0.0047082594, 0.0045986543, 0.0044836537, 0.0044242963, 0.004302213, 0.004176012, 0.00404597, 0.0039794636, 0.0038434067, 0.0037029868, 0.0036310023, 0.003483181, 0.003329749, 0.0032508674, 0.0030887518, 0.0029209086, 0.002747537, 0.0026587895, 0.002477252, 0.0022901462, 0.0021944446, 0.001998276, 0.0017949911, 0.0015827331, 0.001472246, 0.0012398106, 0.0009877136, 0.00085370924, 0.00058003893, 0.00035697658
0, 0, -1.1620409e-05, 8.167243e-05, 0.00016248973, 0.00034484634, 0.0005246725, 0.0006105779, 0.00077506073, 0.0009328193, 0.0010864016, 0.001162224, 0.0013128098, 0.001463972, 0.0015402982, 0.0016956236, 0.0018556069, 0.002021245, 0.0021063765, 0.0022812476, 0.002462043, 0.0025543566, 0.0027420493, 0.0029326058, 0.0030286056, 0.0032209347, 0.0034127384, 0.0036021094, 0.0036952547, 0.0038775115, 0.0040540113, 0.004140204, 0.004309025, 0.004473694, 0.004635172, 0.0047149826, 0.0048734103, 0.005031178, 0.0051100277, 0.0052673724, 0.0054235444, 0.0055007464, 0.005652338, 0.0057988963, 0.0059382543, 0.0060045747, 0.006129322, 0.006242631, 0.00629492, 0.0063912584, 0.006477784, 0.006555765, 0.0065919342, 0.006659167, 0.0067204605, 0.006749113, 0.006802485, 0.006850489, 0.0068723327, 0.006911413, 0.006944388, 0.0069718147, 0.0069836816, 0.00700381, 0.007019509, 0.007025718, 0.0070348964, 0.0070393574, 0.007038262, 0.0070352303, 0.007023841, 0.007005214, 0.0069933534, 0.006965315, 0.006932711, 0.006896921, 0.0068781897, 0.006839944, 0.0068011507, 0.0067816437, 0.006742067, 0.0067012557, 0.0066801924, 0.006636467, 0.0065911366, 0.006544588, 0.0065211155, 0.0064740926, 0.0064273863, 0.0064042094, 0.0063582347, 0.006312247, 0.006265543, 0.006241783, 0.0061929855, 0.006142573, 0.006116847, 0.006064732, 0.0060121706, 0.005985836, 0.00593333, 0.0058808876, 0.0058280407, 0.005801282, 0.0057463236, 0.0056889844, 0.0056592515, 0.00559751, 0.0055328035, 0.0054650446, 0.0054300847, 0.0053578797, 0.0052825734, 0.005243761, 0.0051636524, 0.005079947, 0.0050366307, 0.0049472237, 0.0048539652, 0.00475696, 0.004707047, 0.0046042074, 0.004497334, 0.004442272, 0.0043286905, 0.004210063, 0.004085943, 0.004021691, 0.0038885425, 0.0037492085, 0.0036772494, 0.0035287829, 0.0033744466, 0.0032951199, 0.003132095, 0.0029634149, 0.0027890222, 0.0026996522, 0.0025164885, 0.0023272359, 0.0022301942, 0.0020312448, 0.0018249182, 0.0016095757, 0.0014975708, 0.0012622828, 0.0010075095, 0.0008722273, 0.0005964729, 0.0003729007
0, 0, 4.0588326e-05, 5.167198e-05, 0.00011697459, 0.00029506325, 0.00048274524, 0.0005728909, 0.00074444164, 0.0009064585, 0.0010623506, 0.0011389363, 0.0012911191, 0.0014437083, 0.00152066, 0.0016766209, 0.0018355853, 0.0019978252, 0.0020803122, 0.0022484919, 0.002421533, 0.0025101106, 0.0026913933, 0.0028779455, 0.0029729733, 0.0031658772, 0.0033611562, 0.003556832, 0.003653855, 0.0038449115, 0.004030423, 0.0041208253, 0.0042968905, 0.004466313, 0.004629135, 0.0047082165, 0.00486227, 0.005012175, 0.0050860425, 0.005232413, 0.005377446, 0.005449517, 0.0055923318, 0.0057324376, 0.00586799, 0.0059333513, 0.0060575507, 0.0061715045, 0.006224319, 0.0063218535, 0.006409294, 0.006487938, 0.006524352, 0.0065921443, 0.0066535585, 0.0066819605, 0.006734041, 0.006778788, 0.006798119, 0.0068303505, 0.006854152, 0.006870806, 0.006876979, 0.006886209, 0.006892545, 0.006894916, 0.006898329, 0.0068992805, 0.0068965196, 0.0068931645, 0.0068814675, 0.0068628904, 0.006851074, 0.006823174, 0.006790873, 0.006755929, 0.0067378534, 0.006701144, 0.006663728, 0.006644572, 0.006604919, 0.006562799, 0.006540584, 0.0064940723, 0.006445607, 0.0063965498, 0.0063722758, 0.006324992, 0.0062798723, 0.0062581147, 0.0062160227, 0.0061749537, 0.0061336015, 0.006112507, 0.0060692597, 0.0060246587, 0.0060020154, 0.0059563136, 0.0059105796, 0.0058877533, 0.005842222, 0.0057964027, 0.005749418, 0.005725257, 0.0056750863, 0.0056223245, 0.0055949492, 0.005538328, 0.005479621, 0.0054187793, 0.005387348, 0.0053221956, 0.005253175, 0.0052169827, 0.005140725, 0.0050589927, 0.005016161, 0.00492692, 0.0048337015, 0.0047374135, 0.0046883295, 0.0045881453, 0.004485122, 0.004432283, 0.004323104, 0.0042083315, 0.0040868646, 0.0040234225, 0.003890876, 0.003751107, 0.0036786674, 0.0035292162, 0.0033742243, 0.0032947676, 0.003131967, 0.0029639245, 0.0027903675, 0.002701403, 0.002518727, 0.0023295004, 0.002232297, 0.0020327254, 0.0018256608, 0.0016096676, 0.0014974381, 0.0012618466, 0.0010071398, 0.0008719838, 0.0005966507, 0.0003739182
0, 0, 0, -3.8294947e-05, 4.795417e-05, 0.00025759637, 0.0004653817, 0.0005625847, 0.00074428046, 0.0009139445, 0.001077254, 0.0011579412, 0.0013191168, 0.0014815948, 0.0015635431, 0.0017289283, 0.0018953102, 0.0020615095, 0.002144493, 0.0023103135, 0.0024768738, 0.0025609545, 0.0027312783, 0.0029052892, 0.0029937213, 0.0031734866, 0.0033569285, 0.0035431155, 0.0036367553, 0.0038238873, 0.0040090918, 0.0041005146, 0.004280172, 0.004454288, 0.0046213004, 0.0047016745, 0.004855845, 0.00500166, 0.00507181, 0.005207664, 0.005338894, 0.005403183, 0.00552983, 0.0056540207, 0.005775588, 0.005834979, 0.0059497487, 0.0060575777, 0.0061085094, 0.006203989, 0.006291509, 0.006371834, 0.0064096283, 0.006480838, 0.0065463316, 0.0065767267, 0.006632187, 0.0066789645, 0.0066985725, 0.00672964, 0.0067498446, 0.0067607723, 0.0067634997, 0.006765165, 0.0067638527, 0.006762655, 0.006759703, 0.006755675, 0.006749525, 0.0067450376, 0.00673233, 0.0067140786, 0.00670288, 0.006677216, 0.006648367, 0.006617935, 0.0066024754, 0.0065713786, 0.0065396125, 0.006523124, 0.006488221, 0.006449785, 0.0064291516, 0.0063852146, 0.006338927, 0.0062921345, 0.006269159, 0.0062249457, 0.006183455, 0.0061638127, 0.0061259908, 0.0060891015, 0.0060517075, 0.006032495, 0.005992925, 0.0059520965, 0.0059314333, 0.00589001, 0.005848973, 0.0058285454, 0.0057876245, 0.005745924, 0.005702316, 0.005679468, 0.0056314096, 0.0055802483, 0.0055536446, 0.0054988866, 0.0054427036, 0.00538511, 0.0053556412, 0.0052946284, 0.0052296, 0.0051951627, 0.005121829, 0.0050420407, 0.0049997233, 0.0049109724, 0.004817552, 0.004720913, 0.0046716314, 0.004571257, 0.0044680736, 0.0044151074, 0.004305679, 0.0041902848, 0.0040677874, 0.004003729, 0.0038698597, 0.0037289443, 0.0036561203, 0.003506439, 0.0033518735, 0.0032729167, 0.0031116088, 0.0029454646, 0.0027737818, 0.0026857192, 0.0025046868, 0.0023166998, 0.002220001, 0.0020211646, 0.0018147188, 0.0015993102, 0.001487457, 0.0012526037, 0.000998897, 0.00086427643, 0.0005900282, 0.0003679898
0, 0, 0, -3.543049e-05, 5.4446202e-05, 0.00027419126, 0.0004902106, 0.0005903069, 0.0007765143, 0.00095097016, 0.0011208178, 0.0012056312, 0.0013762881, 0.0015494102, 0.0016369877, 0.0018133672, 0.0019898692, 0.002164521, 0.0022507082, 0.0024204436, 0.002587154, 0.002669764, 0.0028341298, 0.002998098, 0.0030800574, 0.0032443032, 0.0034097605, 0.0035772612, 0.0036619413, 0.0038328695, 0.0040055187, 0.0040921927, 0.00426544, 0.0044370284, 0.0046042847, 0.0046854825, 0.004840991, 0.0049863267, 0.00505502, 0.0051852427, 0.0053069293, 0.005365232, 0.0054779192, 0.005586779, 0.005692921, 0.0057450207, 0.0058466573, 0.0059436755, 0.0059900247, 0.0060779126, 0.0061596935, 0.006236057, 0.006272423, 0.0063419933, 0.0064073275, 0.006438161, 0.0064952355, 0.0065445737, 0.00656562, 0.00659977, 0.0066229054, 0.006636175, 0.0066397334, 0.0066422527, 0.006640932, 0.006639416, 0.0066353, 0.0066298987, 0.006622411, 0.006617462, 0.0066045327, 0.00658716, 0.006576919, 0.006554021, 0.0065291533, 0.006503809, 0.0064911763, 0.0064662206, 0.006440963, 0.0064278464, 0.006399633, 0.006367981, 0.006350713, 0.0063135694, 0.0062741362, 0.0062342184, 0.0062145633, 0.0061766873, 0.0061410447, 0.0061240424, 0.0060908413, 0.006057442, 0.0060225613, 0.0060043004, 0.0059662163, 0.0059265406, 0.0059064776, 0.005866344, 0.0058266534, 0.005806949, 0.005767299, 0.0057264245, 0.005683001, 0.0056600254, 0.005611119, 0.005558376, 0.0055309017, 0.0054743094, 0.0054163393, 0.005357454, 0.0053275875, 0.0052663037, 0.0052018245, 0.0051678866, 0.0050959797, 0.0050180233, 0.004976668, 0.0048894966, 0.0047972417, 0.004700884, 0.004651362, 0.0045497846, 0.0044443747, 0.00439003, 0.004277354, 0.0041586645, 0.0040333043, 0.0039680703, 0.0038326413, 0.0036912502, 0.0036185968, 0.003469927, 0.0033171284, 0.003239214, 0.0030801187, 0.0029161586, 0.0027465716, 0.002659479, 0.002480312, 0.0022941362, 0.002198336, 0.0020012248, 0.0017963842, 0.0015826059, 0.0014715102, 0.001238333, 0.0009861899, 0.00085234124, 0.0005794142, 0.00035768314
0, 0, 0, 7.033995e-05, 0.00015192434, 0.0003597416, 0.0005700257, 0.000668764, 0.0008539386, 0.0010290969, 0.001201375, 0.0012877045, 0.0014620561, 0.0016389661, 0.0017283102, 0.0019082054, 0.0020883034, 0.002266811, 0.002355026, 0.0025288938, 0.0026992932, 0.0027833064, 0.0029491484, 0.003111805, 0.0031918744, 0.0033489212, 0.0035024337, 0.0036537298, 0.003729048, 0.0038800861, 0.0040326007, 0.004109695, 0.004265797, 0.004423878, 0.00458162, 0.004659369, 0.0048103565, 0.004952814, 0.0050202315, 0.0051474017, 0.0052648233, 0.0053203064, 0.0054261917, 0.0055268873, 0.005623606, 0.0056706686, 0.0057620094, 0.005848704, 0.005889942, 0.0059677404, 0.00603947, 0.006106101, 0.006137851, 0.006198748, 0.0062568, 0.0062846476, 0.0063374615, 0.0063854964, 0.006407142, 0.006444681, 0.00647411, 0.006495675, 0.0065038134, 0.006515814, 0.0065234327, 0.006526002, 0.006529168, 0.0065294434, 0.0065263654, 0.0065232953, 0.0065139392, 0.0065001217, 0.006491737, 0.0064729284, 0.006452575, 0.0064320117, 0.0064219288, 0.006402143, 0.0063823108, 0.0063720746, 0.0063500865, 0.006325246, 0.0063116397, 0.0062823812, 0.0062511903, 0.00621945, 0.0062037343, 0.0061729676, 0.0061433, 0.0061286567, 0.006099087, 0.006067998, 0.006034222, 0.0060161822, 0.005977811, 0.005937462, 0.005916833, 0.0058753733, 0.005834004, 0.0058133723, 0.0057716705, 0.0057283733, 0.0056822067, 0.005657691, 0.0056053544, 0.0055486024, 0.0055188104, 0.005457117, 0.00539343, 0.005328613, 0.005295767, 0.0052289437, 0.005159801, 0.005124062, 0.0050496054, 0.0049704798, 0.0049290615, 0.004842178, 0.004750344, 0.0046537616, 0.0046038083, 0.004500441, 0.0043920614, 0.0043359078, 0.004219437, 0.004097242, 0.003969311, 0.0039032123, 0.003767248, 0.0036265154, 0.0035546317, 0.0034079677, 0.0032574604, 0.003180685, 0.003023673, 0.0028615163, 0.0026937407, 0.0026075586, 0.002430472, 0.0022468437, 0.0021525524, 0.0019587923, 0.0017575279, 0.0015473824, 0.0014381403, 0.0012086615, 0.00096014544, 0.0008280741, 0.0005581215, 0.00033737355
0, 0, 0, 0.00024190597, 0.00029838007, 0.00047714167, 0.00068088225, 0.0007801314, 0.0009684916, 0.0011468787, 0.0013206318, 0.0014069543, 0.0015797422, 0.0017527785, 0.0018395426, 0.002012948, 0.002186218, 0.0023588492, 0.0024447485, 0.0026158951, 0.0027861528, 0.0028709918, 0.0030396604, 0.0032058337, 0.0032873082, 0.0034457108, 0.0035969827, 0.0037413223, 0.003811342, 0.003948175, 0.0040826676, 0.0041496777, 0.004284803, 0.004421824, 0.0045602755, 0.0046294346, 0.0047658756, 0.0048974515, 0.004960796, 0.005081965, 0.005195781, 0.0052500563, 0.0053540925, 0.00545276, 0.0055466373, 0.005591811, 0.0056783883, 0.0057591368, 0.0057969997, 0.0058676517, 0.005931536, 0.005989677, 0.0060169282, 0.0060689216, 0.0061182007, 0.0061420244, 0.006188088, 0.006231811, 0.006252614, 0.006291424, 0.0063261334, 0.0063565094, 0.0063702166, 0.00639469, 0.0064157387, 0.006425066, 0.0064410837, 0.006453152, 0.0064605153, 0.0064621777, 0.0064615547, 0.0064556864, 0.0064510833, 0.006439444, 0.0064257495, 0.00641117, 0.0064038252, 0.006389016, 0.0063739102, 0.006366054, 0.006349064, 0.0063298526, 0.0063193073, 0.006296584, 0.0062720957, 0.006246718, 0.006233925, 0.0062082047, 0.0061822017, 0.0061688437, 0.0061407774, 0.0061101196, 0.00607599, 0.0060575665, 0.006018012, 0.0059757647, 0.0059539047, 0.0059093223, 0.0058639836, 0.00584104, 0.005794406, 0.0057458505, 0.0056943316, 0.0056671486, 0.005609473, 0.005547134, 0.0055142865, 0.0054457868, 0.0053742225, 0.005300325, 0.005262634, 0.0051857783, 0.0051068715, 0.005066619, 0.0049839984, 0.0048982026, 0.0048540263, 0.004762778, 0.004667315, 0.0045673926, 0.0045156875, 0.004408651, 0.0042963624, 0.004238239, 0.004118139, 0.0039931787, 0.003863556, 0.0037971528, 0.00366141, 0.0035218832, 0.0034507413, 0.003305831, 0.0031569554, 0.0030808789, 0.0029251096, 0.0027642497, 0.002598103, 0.0025130312, 0.0023388756, 0.0021593056, 0.0020674698, 0.0018793511, 0.0016844147, 0.0014809757, 0.0013751864, 0.0011526808, 0.0009112193, 0.00078263093, 0.00051888224, 0.00030121123
0, 0, 0, 0.00038761468, 0.00039757308, 0.00055319583, 0.0007691529, 0.00087704, 0.0010816824, 0.0012720871, 0.0014528614, 0.0015409022, 0.0017137044, 0.0018824999, 0.0019655565, 0.0021295063, 0.0022912326, 0.0024520247, 0.0025324484, 0.0026938808, 0.0028565696, 0.0029385933, 0.0031033559, 0.00326776, 0.003348919, 0.0035075448, 0.0036591769, 0.0038025847, 0.0038711932, 0.0040027723, 0.0041280403, 0.0041888063, 0.0043080486, 0.0044255266, 0.004542159, 0.0046002152, 0.0047154627, 0.004828913, 0.0048846104, 0.0049939808, 0.005100339, 0.0051523196, 0.0052536973, 0.0053510345, 0.0054438747, 0.0054883906, 0.0055732806, 0.0056521036, 0.0056891264, 0.005758261, 0.0058212555, 0.005878966, 0.0059060454, 0.0059573413, 0.0060054976, 0.006028517, 0.006072864, 0.0061150338, 0.0061354116, 0.0061747176, 0.006212193, 0.0062481337, 0.006265511, 0.0062992712, 0.0063314526, 0.0063467626, 0.006375288, 0.0064000576, 0.0064200703, 0.006428041, 0.006439701, 0.0064458684, 0.0064471816, 0.0064467387, 0.006443273, 0.0064377724, 0.006434405, 0.0064265714, 0.0064173043, 0.00641206, 0.0064000664, 0.006385637, 0.0063774744, 0.0063592847, 0.006339045, 0.006317089, 0.0063055814, 0.006281603, 0.006256001, 0.0062424536, 0.0062133805, 0.0061813546, 0.006145723, 0.0061264597, 0.0060851523, 0.0060403473, 0.0060168277, 0.0059679467, 0.0059170346, 0.0058908407, 0.005836876, 0.0057806186, 0.0057214927, 0.0056906403, 0.005625938, 0.005556802, 0.0055206106, 0.0054449067, 0.0053650634, 0.0052814875, 0.0052384394, 0.0051500667, 0.005058946, 0.005012488, 0.0049176705, 0.0048205145, 0.004770971, 0.0046700244, 0.0045659044, 0.004458272, 0.004403013, 0.004289444, 0.004171566, 0.0041110534, 0.003986936, 0.0038590897, 0.003727894, 0.0036610828, 0.0035250855, 0.0033858002, 0.0033148264, 0.0031701692, 0.0030215392, 0.0029456005, 0.0027903565, 0.0026306265, 0.0024666514, 0.0023831052, 0.0022131733, 0.0020392567, 0.0019507516, 0.001770105, 0.0015835733, 0.0013891557, 0.0012880212, 0.0010751087, 0.000843581, 0.0007199259, 0.00046510185, 0.00025239927
0, 0, 0, 0.00030339885, 0.0003525393, 0.00055403734, 0.0007996274, 0.0009203518, 0.0011479864, 0.0013573512, 0.0015527864, 0.0016463265, 0.0018265789, 0.0019984646, 0.0020815744, 0.0022428827, 0.002399064, 0.002552079, 0.0026279832, 0.0027793085, 0.0029306207, 0.0030063544, 0.003158051, 0.0033094175, 0.003384763, 0.003533337, 0.003678169, 0.0038178607, 0.0038854997, 0.0040159547, 0.004139665, 0.004198788, 0.004311812, 0.004418316, 0.0045195194, 0.0045686876, 0.0046650954, 0.0047601117, 0.0048074974, 0.0049024834, 0.0049980404, 0.0050458214, 0.005140762, 0.005233337, 0.0053223227, 0.005365154, 0.005447346, 0.0055248155, 0.005561972, 0.0056333425, 0.0057013305, 0.0057666884, 0.0057983464, 0.0058595617, 0.0059174453, 0.00594494, 0.005996979, 0.006044826, 0.0060673165, 0.006110012, 0.006150388, 0.006189465, 0.0062088557, 0.0062474804, 0.006285793, 0.0063046506, 0.0063410997, 0.006374907, 0.00640506, 0.0064185555, 0.0064421794, 0.006461288, 0.006469292, 0.0064824754, 0.0064922986, 0.0064990856, 0.0065012933, 0.0065035443, 0.006502674, 0.0065010106, 0.0064952658, 0.0064860294, 0.0064801276, 0.0064655775, 0.006447808, 0.0064270655, 0.006415591, 0.0063907197, 0.006363047, 0.006348164, 0.006316219, 0.006281152, 0.0062427614, 0.00622224, 0.006178148, 0.0061300495, 0.0061045736, 0.006050648, 0.005993145, 0.005963128, 0.0059006102, 0.0058350223, 0.0057663377, 0.0057308385, 0.0056573525, 0.0055802106, 0.0055401726, 0.005456872, 0.0053691114, 0.0052769515, 0.0052292864, 0.005130813, 0.0050286115, 0.0049762125, 0.004869303, 0.004759858, 0.004704187, 0.004591195, 0.0044757994, 0.0043578586, 0.004297835, 0.004175777, 0.0040509035, 0.0039874134, 0.0038583768, 0.0037268766, 0.0035929733, 0.0035250506, 0.0033872232, 0.0032464215, 0.003174828, 0.0030289532, 0.0028795425, 0.0028035257, 0.0026489405, 0.0024910679, 0.0023304073, 0.0022490262, 0.0020843125, 0.0019167586, 0.0018317791, 0.0016587327, 0.001480482, 0.0012949149, 0.0011984688, 0.0009953503, 0.00077411236, 0.0006556454, 0.00041021625, 0.00020268605
0, 0, 0, 0.0003593258, 0.00038041838, 0.00053982163, 0.0007794743, 0.00090524106, 0.0011493169, 0.0013773033, 0.0015895958, 0.0016906717, 0.0018839634, 0.0020666856, 0.0021544315, 0.0023234144, 0.0024850129, 0.0026406175, 0.0027164377, 0.002864192, 0.0030066876, 0.0030760262, 0.003211097, 0.0033426632, 0.0034075845, 0.0035364812, 0.003664838, 0.0037930466, 0.0038569027, 0.0039834077, 0.004106431, 0.004165883, 0.004278967, 0.00438343, 0.0044794967, 0.0045247795, 0.004611772, 0.0046960125, 0.0047380715, 0.004822912, 0.004909331, 0.004953081, 0.005040528, 0.0051264646, 0.0052092317, 0.0052491166, 0.0053262766, 0.005400593, 0.0054371986, 0.0055101286, 0.005583809, 0.0056587337, 0.0056965025, 0.0057715755, 0.005844302, 0.00587915, 0.005944735, 0.006004193, 0.006031551, 0.006082365, 0.006129151, 0.006173562, 0.0061954404, 0.00623901, 0.0062821284, 0.006303449, 0.00634492, 0.006384113, 0.006420598, 0.0064376597, 0.006469626, 0.0064987047, 0.0065122438, 0.0065373373, 0.0065598544, 0.006579259, 0.0065876404, 0.0066012023, 0.006610254, 0.0066129533, 0.0066145603, 0.006611212, 0.0066076927, 0.006596985, 0.006581477, 0.0065614562, 0.0065498254, 0.0065234294, 0.0064930073, 0.0064763776, 0.006440383, 0.006400915, 0.006358078, 0.0063352366, 0.0062866393, 0.0062337224, 0.0062055476, 0.0061458326, 0.006081363, 0.006047407, 0.005976228, 0.005900927, 0.005822131, 0.0057814782, 0.005697893, 0.0056112837, 0.0055666436, 0.005474798, 0.0053790994, 0.0052792393, 0.005227751, 0.0051216083, 0.0050113355, 0.0049547465, 0.004838846, 0.0047198054, 0.004659176, 0.0045359596, 0.0044103586, 0.004282607, 0.00421803, 0.0040876484, 0.003955574, 0.0038889796, 0.0037546745, 0.0036187323, 0.00348094, 0.0034112616, 0.003270164, 0.0031265537, 0.003053791, 0.0029062245, 0.002756271, 0.0026804798, 0.002527516, 0.0023729205, 0.0022166802, 0.002137914, 0.0019787783, 0.0018171107, 0.0017350812, 0.001568039, 0.0013960747, 0.0012173394, 0.001124554, 0.00092946336, 0.00071690895, 0.000602839, 0.0003653015, 0.0001616799
0, 0, 0, 0.00049487606, 0.00042199143, 0.0004940618, 0.0007232013, 0.00085336965, 0.0011106783, 0.0013516396, 0.0015749857, 0.0016809144, 0.0018835193, 0.0020756328, 0.0021682698, 0.0023475364, 0.00251946, 0.0026838905, 0.0027631042, 0.0029145712, 0.0030551339, 0.0031211881, 0.0032452687, 0.003360686, 0.00341632, 0.003525551, 0.0036349462, 0.00374718, 0.0038046013, 0.003921723, 0.004039811, 0.004098142, 0.004211033, 0.0043166373, 0.004413623, 0.004459247, 0.004546033, 0.004629242, 0.0046704444, 0.004753253, 0.0048373556, 0.0048797275, 0.0049643097, 0.005046912, 0.00512573, 0.0051635113, 0.0052364026, 0.0053071375, 0.0053425026, 0.0054147774, 0.005490695, 0.00557094, 0.0056124753, 0.0056967223, 0.0057801916, 0.0058206497, 0.0058976603, 0.005968341, 0.006001201, 0.006062662, 0.006119787, 0.0061744647, 0.0062012924, 0.0062543983, 0.0063063996, 0.006331669, 0.0063802185, 0.006425442, 0.00646708, 0.006486601, 0.0065236366, 0.0065584937, 0.0065751676, 0.0066074943, 0.00663826, 0.006666464, 0.0066792937, 0.0067014084, 0.006718144, 0.006724287, 0.0067319204, 0.0067334976, 0.0067320517, 0.0067248615, 0.0067118867, 0.0066934437, 0.006682126, 0.006655403, 0.0066232528, 0.0066052144, 0.006565396, 0.0065208557, 0.006472054, 0.0064460402, 0.0063907797, 0.0063310955, 0.0062995707, 0.006232972, 0.00616147, 0.0061238743, 0.0060449485, 0.0059611714, 0.005873127, 0.0058276597, 0.0057340683, 0.0056372457, 0.0055876267, 0.0054860897, 0.0053815455, 0.0052738166, 0.005218717, 0.0051060426, 0.004989881, 0.004930453, 0.0048088776, 0.0046838047, 0.0046200454, 0.00449011, 0.004357541, 0.0042227167, 0.0041547157, 0.0040178047, 0.003879913, 0.003810655, 0.0036714382, 0.0035310783, 0.0033892074, 0.00331765, 0.0031729846, 0.0030265427, 0.0029527147, 0.0028040388, 0.002654472, 0.0025794625, 0.0024292246, 0.0022786094, 0.0021270926, 0.0020508158, 0.0018966313, 0.0017395847, 0.0016597592, 0.0014970071, 0.001329525, 0.0011558442, 0.0010659122, 0.0008771836, 0.0006718276, 0.0005613921, 0.00033027827, 0.00012942526
0, 0, 0, 0, 0.00026448173, 0.00041495077, 0.000677542, 0.0008172159, 0.0010853279, 0.0013297192, 0.0015521195, 0.0016567799, 0.0018560084, 0.0020454703, 0.0021374875, 0.0023171545, 0.0024917359, 0.0026606084, 0.002742353, 0.002898603, 0.003042732, 0.003109661, 0.0032330076, 0.003344157, 0.0033962335, 0.0034961423, 0.003594111, 0.0036940235, 0.0037455538, 0.0038518521, 0.003961411, 0.0040164683, 0.0041248836, 0.004228598, 0.004326072, 0.004372567, 0.004462012, 0.004548776, 0.004592, 0.0046790377, 0.004767552, 0.004812166, 0.0049008285, 0.004986858, 0.0050681387, 0.005106708, 0.005180291, 0.0052510565, 0.005286219, 0.005358066, 0.005433893, 0.005514589, 0.0055565303, 0.0056423363, 0.0057283053, 0.005770408, 0.0058517437, 0.005928437, 0.005965139, 0.0060357284, 0.006103931, 0.0061712214, 0.0062047606, 0.0062714377, 0.0063366983, 0.0063681565, 0.006427798, 0.0064820973, 0.0065307277, 0.006553052, 0.006594543, 0.0066328286, 0.0066511487, 0.0066865818, 0.0067204786, 0.0067520468, 0.006766481, 0.006791728, 0.006811015, 0.0068182745, 0.0068277125, 0.006830811, 0.006830008, 0.006824131, 0.0068127234, 0.0067957495, 0.006785098, 0.0067591583, 0.006726707, 0.0067079803, 0.0066655995, 0.006616727, 0.006562026, 0.0065326244, 0.0064700814, 0.0064029796, 0.006367803, 0.006294305, 0.00621647, 0.00617585, 0.0060909074, 0.006001004, 0.005906071, 0.0058568497, 0.0057550943, 0.0056491317, 0.005594772, 0.005483579, 0.0053697494, 0.0052534915, 0.005194515, 0.00507488, 0.004952834, 0.004890819, 0.0047646225, 0.0046353615, 0.0045694867, 0.0044353683, 0.0042984337, 0.004159343, 0.0040891506, 0.00394797, 0.0038059843, 0.0037347882, 0.0035917906, 0.0034479008, 0.0033028226, 0.0032297734, 0.0030826542, 0.0029344668, 0.0028601408, 0.0027113515, 0.0025628742, 0.0024888923, 0.0023412954, 0.0021938274, 0.0020458135, 0.0019713289, 0.0018206696, 0.0016670148, 0.0015888816, 0.0014298178, 0.0012665729, 0.0010978759, 0.0010108138, 0.0008284251, 0.000630067, 0.00052312895, 0.0002981476, 0.000100027326
0, 0, 0, 0, 0.00032060777, 0.00045444953, 0.00070780364, 0.0008442925, 0.0011055518, 0.001340553, 0.0015508524, 0.001648566, 0.001832845, 0.0020065836, 0.0020908453, 0.0022565569, 0.0024199414, 0.0025814078, 0.0026610545, 0.0028165136, 0.002963763, 0.0030332878, 0.003163153, 0.0032808126, 0.0033354985, 0.003438918, 0.0035373478, 0.003634703, 0.0036839372, 0.0037842963, 0.0038865446, 0.0039379084, 0.0040393304, 0.0041374145, 0.00423137, 0.0042769643, 0.0043664225, 0.0044554006, 0.004500417, 0.0045924173, 0.0046872958, 0.004735508, 0.004831789, 0.004925659, 0.005014672, 0.00505699, 0.005137437, 0.0052141063, 0.005251786, 0.0053274287, 0.005405259, 0.005486324, 0.005527937, 0.0056121764, 0.0056963447, 0.005737666, 0.005818411, 0.0058965595, 0.0059348317, 0.0060107987, 0.0060869507, 0.006164204, 0.0062033474, 0.0062819878, 0.006359337, 0.006396689, 0.006467404, 0.006531187, 0.006587442, 0.006612919, 0.0066593373, 0.006700916, 0.00672045, 0.0067575583, 0.006792201, 0.006823766, 0.0068380088, 0.006862254, 0.006879961, 0.0068861553, 0.006893324, 0.0068940367, 0.0068922197, 0.0068844873, 0.0068720113, 0.006854764, 0.006844189, 0.0068185353, 0.0067861965, 0.006767269, 0.0067234724, 0.0066719004, 0.006613054, 0.0065811765, 0.006513028, 0.0064401706, 0.0064021954, 0.0063234176, 0.006241025, 0.0061983457, 0.0061097173, 0.0060163136, 0.0059175864, 0.005866189, 0.0057593076, 0.0056472938, 0.005589504, 0.0054709283, 0.00534925, 0.0052251774, 0.005162407, 0.0050355312, 0.004906931, 0.0048419577, 0.004710408, 0.0045765936, 0.004508717, 0.0043709846, 0.0042308685, 0.004088929, 0.0040173875, 0.0038734812, 0.0037287544, 0.0036562276, 0.0035107553, 0.0033645544, 0.0032176615, 0.003143908, 0.0029958636, 0.002847387, 0.0027731457, 0.0026249504, 0.0024774978, 0.0024040905, 0.00225774, 0.0021114799, 0.001964709, 0.0018909017, 0.0017420715, 0.0015909675, 0.0015144326, 0.0013593587, 0.0012011067, 0.001038329, 0.00095447904, 0.0007789634, 0.0005876863, 0.00048427406, 0.00026537786, 7.0241986e-05
0, 0, 0, 0, 0.00052344473, 0.0005785975, 0.000774991, 0.00089500914, 0.001135398, 0.0013560622, 0.001552943, 0.001643568, 0.0018120186, 0.0019680413, 0.0020430167, 0.002189612, 0.002334954, 0.0024813823, 0.0025551221, 0.0027025177, 0.002847367, 0.0029177435, 0.0030527513, 0.0031787523, 0.0032383255, 0.0033515873, 0.003458888, 0.0035627948, 0.0036141346, 0.003716294, 0.0038172328, 0.0038668902, 0.0039636726, 0.0040565017, 0.004145819, 0.00418962, 0.0042767827, 0.004365308, 0.004410701, 0.0045047184, 0.004603049, 0.004653381, 0.0047548236, 0.004854951, 0.004951405, 0.004997988, 0.0050877794, 0.005174205, 0.0052166646, 0.0053011156, 0.0053859977, 0.0054720477, 0.0055153486, 0.0056017577, 0.005686637, 0.0057281703, 0.005809229, 0.0058882115, 0.0059272433, 0.006005537, 0.0060849977, 0.006166377, 0.0062077795, 0.0062911115, 0.006373361, 0.006413189, 0.0064886496, 0.0065568862, 0.0066172155, 0.006644502, 0.0066941357, 0.006738468, 0.0067590447, 0.0067975125, 0.0068325964, 0.006863755, 0.006877392, 0.0068999124, 0.0069152196, 0.0069200173, 0.00692409, 0.006921385, 0.006917805, 0.0069067543, 0.0068912692, 0.006871716, 0.0068603265, 0.006833502, 0.0068003507, 0.006781108, 0.006736615, 0.0066839275, 0.006623499, 0.0065905727, 0.0065200585, 0.0064445157, 0.006405198, 0.0063238335, 0.006239176, 0.0061955065, 0.0061051752, 0.0060102763, 0.005910216, 0.0058580735, 0.0057493867, 0.005635188, 0.005576068, 0.0054545035, 0.0053290105, 0.005200538, 0.0051353034, 0.005003124, 0.004868924, 0.0048011243, 0.004664182, 0.0045255166, 0.0044555087, 0.00431425, 0.0041713803, 0.0040272884, 0.0039548497, 0.0038093366, 0.003663074, 0.0035897722, 0.0034427745, 0.0032953713, 0.0031478056, 0.0030739463, 0.0029261482, 0.0027783248, 0.0027044853, 0.0025570644, 0.0024099934, 0.0023365554, 0.0021897017, 0.0020426547, 0.0018951878, 0.0018212578, 0.0016729631, 0.0015238358, 0.0014488469, 0.0012977798, 0.001144639, 0.0009876218, 0.0009067436, 0.0007371424, 0.0005515166, 0.00045073175, 0.00023631436, 4.350692e-05
0, 0, 0, 0, 0.00078275404, 0.0006413449, 0.00076944556, 0.0008752665, 0.0011016983, 0.0013153946, 0.0015076707, 0.0015961812, 0.0017599752, 0.0019102084, 0.001981575, 0.0021197423, 0.0022554826, 0.0023915966, 0.0024601864, 0.0025981038, 0.0027353792, 0.0028030535, 0.0029355309, 0.0030631362, 0.0031249968, 0.003245372, 0.003361852, 0.0034756137, 0.0035314872, 0.0036411355, 0.0037471727, 0.0037983295, 0.0038966143, 0.003989575, 0.0040786047, 0.004122397, 0.00420975, 0.00429881, 0.0043445267, 0.004438933, 0.004537261, 0.0045874724, 0.0046888785, 0.0047897696, 0.0048887827, 0.0049374485, 0.005033333, 0.0051280386, 0.005175187, 0.0052695354, 0.0053642765, 0.0054592765, 0.005506653, 0.0056003, 0.0056909625, 0.0057350174, 0.005820166, 0.0059020985, 0.005942234, 0.006021609, 0.006100835, 0.0061806766, 0.0062208474, 0.0063010287, 0.0063796123, 0.006417591, 0.006489399, 0.0065547577, 0.0066131297, 0.006639804, 0.0066888374, 0.006733009, 0.006753538, 0.006791904, 0.0068265907, 0.0068569393, 0.0068700984, 0.006891472, 0.0069055962, 0.0069098207, 0.00691261, 0.0069083297, 0.0069038128, 0.006890704, 0.006872876, 0.0068509365, 0.0068384088, 0.0068096346, 0.0067751165, 0.0067553646, 0.0067105135, 0.006658085, 0.0065983017, 0.0065658246, 0.0064961463, 0.006421051, 0.0063818307, 0.006300412, 0.006215313, 0.0061712526, 0.0060801394, 0.0059844535, 0.0058839214, 0.0058317534, 0.0057235863, 0.005610421, 0.0055521014, 0.00543216, 0.0053081, 0.00518032, 0.005115107, 0.00498201, 0.0048458376, 0.00477674, 0.0046369755, 0.0044954526, 0.004424189, 0.004280912, 0.004136806, 0.0039920025, 0.0039194054, 0.0037737743, 0.0036272823, 0.0035537484, 0.0034063242, 0.0032586842, 0.0031111361, 0.0030374648, 0.0028904025, 0.0027436116, 0.002670322, 0.0025235412, 0.0023765042, 0.002302746, 0.0021546816, 0.0020060998, 0.0018572916, 0.0017830024, 0.0016347426, 0.0014869835, 0.0014131877, 0.0012652586, 0.0011156448, 0.00096211024, 0.0008828038, 0.000715786, 0.00053202827, 0.0004320116, 0.00021873997, 2.6167465e-05
0, 0, 0, 0, 0, 0.00050077983, 0.00064420106, 0.00074912125, 0.00097419636, 0.0011893793, 0.0013857821, 0.0014772142, 0.0016491015, 0.0018090417, 0.0018855894, 0.0020339992, 0.0021776508, 0.0023178782, 0.0023867392, 0.0025213438, 0.002651402, 0.002714706, 0.002838485, 0.0029596565, 0.0030197983, 0.0031398742, 0.0032603284, 0.0033809866, 0.0034409885, 0.0035592483, 0.003673485, 0.0037285606, 0.0038339475, 0.003933583, 0.0040291217, 0.0040760897, 0.004169472, 0.004263831, 0.004311611, 0.004408809, 0.0045076995, 0.0045575015, 0.004656818, 0.0047549615, 0.0048515983, 0.004899695, 0.004995888, 0.005093037, 0.005142198, 0.0052418225, 0.0053431354, 0.005445304, 0.005496309, 0.0055970713, 0.0056944937, 0.005741491, 0.0058318907, 0.0059174225, 0.005958589, 0.006038485, 0.006115819, 0.0061912807, 0.006228403, 0.0063011344, 0.0063711395, 0.0064046993, 0.0064681577, 0.0065260595, 0.006578365, 0.006602583, 0.0066475077, 0.006688165, 0.0067071286, 0.00674238, 0.0067739636, 0.0068014283, 0.006813255, 0.006832636, 0.0068457536, 0.006849749, 0.006852682, 0.0068488205, 0.0068445597, 0.0068316357, 0.006813474, 0.0067905434, 0.0067773894, 0.0067472714, 0.0067117745, 0.00669177, 0.006647157, 0.0065961005, 0.0065387464, 0.0065076775, 0.00644118, 0.0063690166, 0.0063310135, 0.006251481, 0.00616727, 0.006123315, 0.006031702, 0.005935379, 0.0058344873, 0.0057824627, 0.0056755515, 0.0055649723, 0.0055084885, 0.0053929402, 0.005273855, 0.0051510334, 0.0050880867, 0.0049589095, 0.00482567, 0.0047577545, 0.0046197907, 0.004479736, 0.004409175, 0.004267548, 0.0041253595, 0.0039827377, 0.003911238, 0.0037676184, 0.0036228462, 0.0035499453, 0.0034034613, 0.0032565729, 0.0031098, 0.0030365917, 0.0028905517, 0.00274498, 0.0026722478, 0.0025265843, 0.0023800083, 0.00230626, 0.002157858, 0.0020085862, 0.0018592388, 0.0017847586, 0.0016366817, 0.0014897123, 0.001416434, 0.0012696694, 0.0011208468, 0.0009672939, 0.00088755944, 0.0007188583, 0.0005326904, 0.00043137395, 0.00021569955, 2.1164098e-05
0, 0, 0, 0, 0, 0.00043168387, 0.00048938976, 0.0005802784, 0.0007963796, 0.0010122098, 0.0012135191, 0.0013091179, 0.0014925982, 0.0016690473, 0.0017553428, 0.0019246492, 0.0020886413, 0.0022451347, 0.0023198256, 0.0024603745, 0.002589425, 0.0026501392, 0.002766456, 0.002879566, 0.0029364366, 0.0030521848, 0.0031720358, 0.0032954172, 0.0033578307, 0.0034823325, 0.0036041199, 0.0036632724, 0.0037772472, 0.0038861341, 0.003991404, 0.004043302, 0.0041467925, 0.004250589, 0.0043026535, 0.004406982, 0.004510669, 0.0045618042, 0.00466202, 0.0047590793, 0.0048532775, 0.0048998715, 0.0049929894, 0.0050874944, 0.0051355064, 0.005233449, 0.0053337836, 0.005435638, 0.005486642, 0.0055876533, 0.005685718, 0.005733167, 0.0058242907, 0.005910391, 0.0059515364, 0.00603055, 0.006105216, 0.0061761476, 0.0062102764, 0.0062758587, 0.0063376576, 0.0063670357, 0.00642235, 0.006472907, 0.0065189437, 0.0065402845, 0.006579856, 0.006615171, 0.0066313213, 0.00666079, 0.006686278, 0.0067077773, 0.0067169406, 0.0067318175, 0.006741822, 0.0067449254, 0.0067471922, 0.0067437496, 0.0067398516, 0.0067277867, 0.006710194, 0.006687308, 0.006673986, 0.006643416, 0.0066076103, 0.0065877223, 0.0065439283, 0.0064949566, 0.006440726, 0.0064116144, 0.0063493075, 0.006281496, 0.006245549, 0.0061694705, 0.006087783, 0.0060447296, 0.0059541855, 0.0058583943, 0.00575814, 0.0057066656, 0.005601531, 0.005493871, 0.0054392307, 0.005328353, 0.0052148937, 0.005098277, 0.005038554, 0.0049158684, 0.0047889487, 0.0047241217, 0.0045920145, 0.004457786, 0.0043900814, 0.0042540743, 0.004117328, 0.0039799297, 0.0039108954, 0.0037716306, 0.0036306472, 0.0035593992, 0.0034156558, 0.003270835, 0.0031258909, 0.003053481, 0.0029091265, 0.0027652895, 0.002693438, 0.0025495088, 0.002404624, 0.002331664, 0.0021845931, 0.0020363724, 0.0018878775, 0.0018137099, 0.0016661022, 0.0015191236, 0.0014456968, 0.0012980021, 0.0011474331, 0.0009909531, 0.00090936455, 0.000736457, 0.00054564, 0.0004420386, 0.00022238604, 2.5090707e-05
0, 0, 0, 0, 0, 0.0002435246, 0.0003346498, 0.0004236513, 0.00063654, 0.0008529092, 0.0010563058, 0.0011534612, 0.0013424329, 0.0015286377, 0.0016215318, 0.0018067315, 0.001988226, 0.0021610162, 0.0022425447, 0.0023935784, 0.0025281874, 0.0025901583, 0.0027065678, 0.0028184052, 0.0028744084, 0.002989316, 0.0031096523, 0.003235128, 0.0032991357, 0.0034275674, 0.0035540736, 0.0036157519, 0.003735132, 0.003850069, 0.003962261, 0.0040180255, 0.0041299737, 0.004242982, 0.004299846, 0.0044132285, 0.004525053, 0.004579577, 0.0046853367, 0.0047857556, 0.0048814537, 0.0049279802, 0.0050195935, 0.005110823, 0.0051565515, 0.0052490183, 0.005342422, 0.0054365243, 0.005483415, 0.005575957, 0.005666022, 0.005709761, 0.0057944264, 0.005875253, 0.005914254, 0.0059893327, 0.00606042, 0.0061274045, 0.006159375, 0.006220259, 0.0062768036, 0.006303482, 0.006353439, 0.006398948, 0.006440177, 0.0064591444, 0.0064936345, 0.0065232953, 0.0065362784, 0.006558775, 0.0065768342, 0.006590875, 0.006596497, 0.006604902, 0.0066097598, 0.00661079, 0.0066100503, 0.0066050026, 0.006600655, 0.0065880464, 0.0065701366, 0.0065469355, 0.006533392, 0.0065025534, 0.00646668, 0.0064469418, 0.006404043, 0.0063568656, 0.006305356, 0.0062778643, 0.006219407, 0.0061559523, 0.006122251, 0.0060508256, 0.0059734867, 0.0059325704, 0.005846254, 0.005754335, 0.0056577246, 0.0056080045, 0.0055063935, 0.0054022027, 0.0053493828, 0.0052423454, 0.0051332987, 0.005021827, 0.00496491, 0.004848597, 0.004728608, 0.0046674004, 0.0045429226, 0.0044164327, 0.004352651, 0.004224213, 0.004094687, 0.003963996, 0.0038980574, 0.0037647006, 0.0036288798, 0.003560065, 0.003420726, 0.0032797086, 0.0031379121, 0.0030668941, 0.002925066, 0.0027835392, 0.0027128586, 0.0025712599, 0.0024289058, 0.0023572657, 0.0022127433, 0.0020668819, 0.0019201441, 0.001846649, 0.0016994724, 0.0015518114, 0.0014776081, 0.0013276057, 0.0011739259, 0.0010138256, 0.0009302686, 0.0007534601, 0.00055900763, 0.00045372386, 0.00023120722, 3.236667e-05
0, 0, 0, 0, 0, 0.00027400698, 0.00026164684, 0.00033407117, 0.00054430665, 0.00076579873, 0.0009700846, 0.0010659624, 0.0012508499, 0.0014334699, 0.0015254786, 0.0017104497, 0.0018945526, 0.0020719653, 0.0021563864, 0.0023140858, 0.0024561316, 0.0025220693, 0.0026464767, 0.0027662083, 0.0028260562, 0.002948318, 0.003075334, 0.0032065616, 0.0032729243, 0.0034051924, 0.0035340225, 0.0035964453, 0.0037168032, 0.003832417, 0.0039458596, 0.004002671, 0.0041177873, 0.004235528, 0.004295177, 0.0044149873, 0.0045335763, 0.0045916284, 0.004703987, 0.0048103337, 0.004910723, 0.004959102, 0.0050528627, 0.0051440015, 0.005188811, 0.0052770837, 0.0053637926, 0.0054484364, 0.00548989, 0.005570461, 0.0056478893, 0.005685446, 0.005758574, 0.0058294996, 0.0058641783, 0.0059318137, 0.0059969416, 0.006059043, 0.0060888752, 0.0061457916, 0.0061986106, 0.0062233605, 0.0062693725, 0.006310761, 0.0063475966, 0.0063642533, 0.006393761, 0.0064180233, 0.006428062, 0.0064443527, 0.0064559947, 0.006463471, 0.006465812, 0.006468068, 0.0064672134, 0.0064657307, 0.0064604864, 0.006451727, 0.0064458684, 0.0064307693, 0.0064108307, 0.0063862596, 0.0063722264, 0.0063407402, 0.006304847, 0.0062852823, 0.0062431036, 0.006197011, 0.0061470103, 0.006120489, 0.0060643, 0.006003874, 0.0059720296, 0.005905002, 0.005833269, 0.005795509, 0.005716156, 0.0056318045, 0.0055428063, 0.0054966686, 0.005401514, 0.0053028497, 0.005252384, 0.005149394, 0.0050441893, 0.0049367906, 0.00488215, 0.004771111, 0.0046573356, 0.0045995456, 0.0044824188, 0.00436347, 0.0043033343, 0.0041819955, 0.0040591327, 0.0039345217, 0.0038714812, 0.0037439214, 0.0036138187, 0.0035478238, 0.0034140106, 0.0032782105, 0.0031409606, 0.003071991, 0.0029335162, 0.0027946515, 0.002725137, 0.0025857359, 0.002445712, 0.0023752372, 0.0022332007, 0.0020895812, 0.0019444779, 0.0018714413, 0.001724234, 0.0015752147, 0.0014999071, 0.0013471319, 0.0011903371, 0.0010274436, 0.00094275613, 0.0007641985, 0.00056868605, 0.0004630401, 0.00024002246, 4.136656e-05
0, 0, 0, 0, 0, 0, 0.00019314815, 0.00028821552, 0.0005265065, 0.0007599053, 0.00096386735, 0.0010564742, 0.0012308868, 0.001400016, 0.0014849269, 0.0016563694, 0.0018286555, 0.0019977724, 0.002079793, 0.0022367253, 0.0023832326, 0.0024529346, 0.002587845, 0.0027203176, 0.0027869465, 0.0029225266, 0.0030615826, 0.0032024777, 0.0032726633, 0.0034102576, 0.0035417634, 0.0036045827, 0.0037245494, 0.003838765, 0.0039506173, 0.0040067066, 0.0041208253, 0.0042383294, 0.0042982535, 0.004419151, 0.0045396565, 0.004598925, 0.004714231, 0.0048239613, 0.0049280496, 0.0049782316, 0.0050752177, 0.0051684785, 0.005213847, 0.005301732, 0.0053858156, 0.005465386, 0.0055034137, 0.0055757244, 0.0056433636, 0.005675647, 0.005737873, 0.0057980306, 0.0058274725, 0.0058853454, 0.0059417463, 0.0059962957, 0.0060226694, 0.006073191, 0.0061201775, 0.006142047, 0.006182165, 0.006217609, 0.006248437, 0.006262218, 0.006286099, 0.006305073, 0.0063127177, 0.0063245133, 0.0063320585, 0.0063356487, 0.006336035, 0.006334304, 0.006329208, 0.0063255327, 0.006315798, 0.0063026287, 0.0062946607, 0.0062756445, 0.0062525477, 0.006225684, 0.0062109623, 0.0061788145, 0.0061431015, 0.0061237905, 0.006082414, 0.0060371817, 0.005987943, 0.005961773, 0.0059064273, 0.005847263, 0.0058164424, 0.005752492, 0.0056856223, 0.005650986, 0.005579222, 0.005503836, 0.005424478, 0.005383186, 0.005296998, 0.005206262, 0.0051591964, 0.0050621973, 0.0049621467, 0.0048595197, 0.004807407, 0.0047018677, 0.0045944382, 0.0045400476, 0.0044299727, 0.0043179193, 0.0042610923, 0.0041456567, 0.004027975, 0.0039081657, 0.0038475224, 0.0037248046, 0.0036001469, 0.0035370556, 0.0034093598, 0.0032796965, 0.0031480337, 0.0030814603, 0.0029469598, 0.0028109408, 0.002742432, 0.0026046224, 0.0024658737, 0.0023960266, 0.0022552786, 0.0021128303, 0.0019684436, 0.0018954611, 0.0017474818, 0.0015966636, 0.0015201215, 0.0013645912, 0.0012051205, 0.0010403442, 0.000955136, 0.0007762666, 0.0005810224, 0.00047564053, 0.00025313237, 5.5018045e-05
0, 0, 0, 0, 0, 0, 0.00025481655, 0.0003429999, 0.0005723916, 0.0007989616, 0.0009953986, 0.0010834534, 0.0012469946, 0.0014028619, 0.0014803171, 0.0016363866, 0.001794102, 0.0019515937, 0.002029413, 0.0021819999, 0.0023295702, 0.0024017508, 0.0025443619, 0.0026873127, 0.002759714, 0.0029070918, 0.0030569732, 0.0032072824, 0.0032815516, 0.003425828, 0.0035622767, 0.0036271212, 0.0037503452, 0.0038668904, 0.0039798473, 0.004036096, 0.004149716, 0.004265669, 0.0043245344, 0.0044429568, 0.0045609092, 0.0046189036, 0.0047318866, 0.004839811, 0.00494256, 0.004992287, 0.005088934, 0.0051823016, 0.0052278284, 0.0053162896, 0.0054006977, 0.0054801395, 0.0055177417, 0.005588326, 0.0056525744, 0.0056825597, 0.0057390244, 0.0057915775, 0.005816762, 0.0058653923, 0.0059119146, 0.0059565804, 0.005978115, 0.006018911, 0.0060561993, 0.0060733017, 0.006104177, 0.006130707, 0.0061532483, 0.006163234, 0.0061805593, 0.0061943983, 0.0062000654, 0.0062087965, 0.0062142466, 0.006216334, 0.0062160776, 0.0062126536, 0.006205272, 0.006200116, 0.0061869933, 0.0061698765, 0.006159746, 0.0061366144, 0.006109958, 0.0060804873, 0.00606482, 0.006031699, 0.0059959744, 0.005977014, 0.005936611, 0.0058923773, 0.0058439956, 0.0058181733, 0.005763276, 0.00570462, 0.005674205, 0.005611688, 0.0055475784, 0.0055150506, 0.005448888, 0.005380695, 0.005309671, 0.0052728327, 0.00519577, 0.005113733, 0.0050708, 0.004981569, 0.0048886407, 0.0047929254, 0.0047443183, 0.00464595, 0.004546181, 0.004495715, 0.00439335, 0.0042885924, 0.004235046, 0.0041253944, 0.0040124925, 0.003896903, 0.0038383808, 0.0037199743, 0.0036002323, 0.0035399513, 0.003418258, 0.0032948274, 0.003169016, 0.003105074, 0.0029748627, 0.0028417003, 0.0027741806, 0.002637615, 0.002499353, 0.002429693, 0.0022893394, 0.002147181, 0.0020028623, 0.0019297252, 0.0017808138, 0.0016283127, 0.0015506634, 0.0013925538, 0.0012305349, 0.0010636974, 0.0009777236, 0.0007977796, 0.0006018745, 0.0004961189, 0.00027273316, 7.3987314e-05
0, 0, 0, 0, 0, 0, 0.00039468228, 0.0004444751, 0.0006156692, 0.000813678, 0.0009985816, 0.0010837587, 0.0012434138, 0.0013951772, 0.0014702447, 0.0016208356, 0.0017733254, 0.0019269858, 0.0020037235, 0.0021560122, 0.0023055582, 0.0023794523, 0.0025262681, 0.0026737617, 0.0027483136, 0.0029000088, 0.0030540647, 0.0032087702, 0.0032855372, 0.003435883, 0.0035796654, 0.0036485246, 0.0037803047, 0.003904982, 0.004024843, 0.0040837103, 0.00420077, 0.004317707, 0.004376237, 0.0044928915, 0.004607536, 0.0046635326, 0.0047719325, 0.00487461, 0.0049716453, 0.005018475, 0.0051095146, 0.005198162, 0.005241724, 0.0053275125, 0.005410692, 0.005490426, 0.0055284966, 0.0056002904, 0.0056652194, 0.0056950357, 0.0057500144, 0.0057990896, 0.0058217943, 0.005864044, 0.005902812, 0.005938509, 0.005955182, 0.005985935, 0.006012831, 0.006024793, 0.00604544, 0.006062392, 0.0060762777, 0.0060822456, 0.00609268, 0.0061010867, 0.006104594, 0.006110122, 0.006113504, 0.0061140917, 0.0061132144, 0.006108588, 0.006099604, 0.0060934294, 0.0060777445, 0.0060575767, 0.006045777, 0.006019112, 0.0059892666, 0.0059569785, 0.005940156, 0.0059052864, 0.005868663, 0.0058495244, 0.005809353, 0.00576597, 0.0057185856, 0.005693318, 0.0056394106, 0.0055815307, 0.005551439, 0.0054896395, 0.005426615, 0.0053948984, 0.005331037, 0.005266332, 0.005200062, 0.0051659923, 0.005095306, 0.0050204676, 0.004981312, 0.004899827, 0.004814748, 0.0047271117, 0.0046825833, 0.0045924643, 0.0045011607, 0.00445497, 0.0043608937, 0.0042639114, 0.0042139334, 0.0041107154, 0.0040032533, 0.0038924017, 0.0038359636, 0.0037219308, 0.003606842, 0.0035489309, 0.0034323737, 0.0033141754, 0.0031935119, 0.0031319163, 0.0030057393, 0.0028754172, 0.002808895, 0.0026736807, 0.002536167, 0.0024667478, 0.0023268447, 0.0021852432, 0.002041353, 0.0019682823, 0.0018193085, 0.0016659909, 0.0015876336, 0.0014275892, 0.0012630932, 0.0010934805, 0.0010060717, 0.0008233623, 0.00062466937, 0.0005175084, 0.00029136677, 9.074597e-05
0, 0, 0, 0, 0, 0, 0.0004315603, 0.00037636978, 0.00044213908, 0.000621593, 0.00081630546, 0.00090963824, 0.001087615, 0.0012588014, 0.0013438073, 0.0015155511, 0.001690692, 0.0018680481, 0.0019565027, 0.0021302798, 0.0022973453, 0.0023777909, 0.0025327026, 0.00268179, 0.0027552631, 0.0029020454, 0.0030509864, 0.0032033303, 0.0032806967, 0.0034367144, 0.0035919219, 0.0036681204, 0.0038161469, 0.0039573717, 0.00409185, 0.004156998, 0.0042842478, 0.004408398, 0.004469532, 0.0045898124, 0.004706746, 0.0047632423, 0.004871192, 0.0049709114, 0.0050620288, 0.005104648, 0.0051850914, 0.00526086, 0.0052975607, 0.0053696437, 0.0054404666, 0.0055099335, 0.00554387, 0.0056090807, 0.005669401, 0.005697278, 0.005748213, 0.005793151, 0.0058135963, 0.005850968, 0.0058841687, 0.005913907, 0.005927521, 0.005952165, 0.0059731174, 0.00598205, 0.0059966794, 0.006006929, 0.0060133203, 0.006015184, 0.0060165827, 0.0060151247, 0.006013439, 0.006008287, 0.0060006967, 0.0059906943, 0.0059845154, 0.005969933, 0.0059521818, 0.005942107, 0.005919512, 0.0058936942, 0.005879525, 0.00584874, 0.00581472, 0.0057778363, 0.0057584476, 0.0057179234, 0.005675516, 0.005653692, 0.0056090616, 0.005563056, 0.005515425, 0.005490733, 0.0054394873, 0.0053851753, 0.0053568985, 0.00529829, 0.005237083, 0.0052057095, 0.0051417514, 0.005076827, 0.005010935, 0.0049777664, 0.0049103703, 0.004841137, 0.0048056706, 0.0047327625, 0.0046574157, 0.004579954, 0.004540521, 0.0044606193, 0.004379287, 0.0043380572, 0.0042540557, 0.004167458, 0.0041229236, 0.0040307036, 0.003934099, 0.003833319, 0.0037815575, 0.0036757877, 0.0035674735, 0.003512541, 0.003401232, 0.003287889, 0.0031718116, 0.0031124677, 0.0029906775, 0.0028646663, 0.0028001983, 0.0026686653, 0.0025344153, 0.0024665266, 0.0023293756, 0.0021905105, 0.0020493912, 0.0019777115, 0.0018314645, 0.0016803719, 0.0016028045, 0.0014431984, 0.0012773562, 0.0011044537, 0.001014806, 0.00082689495, 0.00062281784, 0.0005132778, 0.00028340583, 8.0770915e-05
0, 0, 0, 0, 0, 0, 0, 0.0002219511, 0.0003140508, 0.00049730676, 0.00069905794, 0.0007967028, 0.0009838722, 0.0011650362, 0.0012554848, 0.0014392815, 0.0016275673, 0.0018184639, 0.0019135542, 0.0020996493, 0.0022770122, 0.0023616534, 0.0025236157, 0.0026773799, 0.0027523935, 0.0029012256, 0.003051266, 0.0032043594, 0.0032821437, 0.0034389074, 0.0035945058, 0.0036708193, 0.0038185448, 0.0039586653, 0.004091706, 0.00415599, 0.004281515, 0.0044044224, 0.0044652917, 0.0045861555, 0.00470522, 0.0047635366, 0.004876039, 0.00498118, 0.0050775306, 0.0051223184, 0.0052056224, 0.005281918, 0.005318006, 0.0053872215, 0.0054536285, 0.0055180364, 0.005549362, 0.005609831, 0.0056659537, 0.0056920606, 0.0057402253, 0.005782977, 0.0058026244, 0.0058388086, 0.0058716605, 0.005901882, 0.005916166, 0.005942977, 0.0059668687, 0.005977442, 0.0059953136, 0.0060081556, 0.0060159676, 0.006018053, 0.0060185916, 0.006014737, 0.0060112975, 0.006001435, 0.0059881555, 0.005971637, 0.005962181, 0.0059409877, 0.005917239, 0.005904541, 0.005877526, 0.0058484855, 0.00583312, 0.0058005312, 0.0057650576, 0.005726413, 0.005705917, 0.0056626718, 0.005616814, 0.0055930917, 0.005544689, 0.0054954863, 0.005445744, 0.0054205703, 0.005369446, 0.005316677, 0.0052894894, 0.0052331574, 0.005174029, 0.005143432, 0.005080387, 0.005015471, 0.004949354, 0.0049159257, 0.0048482763, 0.0047791917, 0.0047439532, 0.00467173, 0.0045969626, 0.0045197303, 0.004480183, 0.0043994375, 0.0043167886, 0.004274881, 0.0041898964, 0.0041032406, 0.004059143, 0.0039689094, 0.0038752705, 0.0037779876, 0.0037279283, 0.003625019, 0.003518497, 0.0034640122, 0.0033530453, 0.0032394677, 0.0031231737, 0.0030639123, 0.002942892, 0.0028184557, 0.002754928, 0.0026254873, 0.0024931782, 0.0024260285, 0.002289981, 0.0021517833, 0.0020112463, 0.001939925, 0.0017947378, 0.0016453686, 0.0015688412, 0.001411547, 0.0012480218, 0.0010769827, 0.0009880358, 0.0008010428, 0.00059788424, 0.00048883783, 0.00026027136, 5.854594e-05
0, 0, 0, 0, 0, 0, 0, 0.00027724323, 0.00025247273, 0.00040853408, 0.0006125473, 0.00071366166, 0.0009080247, 0.0010959482, 0.0011896417, 0.0013794809, 0.0015734503, 0.0017693257, 0.0018667305, 0.002057518, 0.0022398531, 0.0023274254, 0.002495421, 0.0026558854, 0.0027342115, 0.0028892176, 0.0030438066, 0.0031996253, 0.0032780035, 0.0034343733, 0.0035879773, 0.0036626738, 0.0038063752, 0.0039418414, 0.0040696976, 0.00413117, 0.0042509926, 0.004368731, 0.0044272994, 0.004544845, 0.004663029, 0.0047219023, 0.004837702, 0.004948653, 0.005052011, 0.005100419, 0.0051904754, 0.005272142, 0.0053102365, 0.005382163, 0.005449933, 0.005514825, 0.0055462685, 0.005606904, 0.0056634545, 0.005689891, 0.0057387524, 0.005782036, 0.0058018123, 0.0058380696, 0.0058708196, 0.005901073, 0.0059155133, 0.005942914, 0.0059679775, 0.005979304, 0.005998644, 0.0060128774, 0.006021511, 0.0060237246, 0.0060239993, 0.0060192416, 0.0060150544, 0.0060033114, 0.005987578, 0.005968311, 0.0059573925, 0.0059332587, 0.0059064906, 0.005892307, 0.005862535, 0.0058310917, 0.0058146925, 0.005780315, 0.0057433737, 0.0057034753, 0.005682244, 0.0056373, 0.005589198, 0.0055641555, 0.00551278, 0.0054604905, 0.005407979, 0.0053817267, 0.0053291745, 0.0052761035, 0.00524915, 0.0051938035, 0.0051360764, 0.0051061814, 0.0050442475, 0.004980017, 0.0049141194, 0.004880669, 0.0048127854, 0.0047433516, 0.004707907, 0.004635181, 0.004559514, 0.004480641, 0.0044399407, 0.004356288, 0.0042701126, 0.004226342, 0.0041379533, 0.0040487587, 0.0040038805, 0.0039130095, 0.003820268, 0.003724477, 0.0036753037, 0.0035738263, 0.0034681838, 0.0034138684, 0.003302646, 0.003188467, 0.0030718008, 0.0030125878, 0.00289243, 0.002769669, 0.0027072092, 0.0025799607, 0.002449441, 0.0023829169, 0.002247426, 0.0021089148, 0.0019677395, 0.0018961631, 0.0017510111, 0.0016027493, 0.0015271867, 0.0013726794, 0.0012127591, 0.0010455139, 0.0009583723, 0.0007746629, 0.00057430787, 0.00046654735, 0.00024023687, 3.9602204e-05
0, 0, 0, 0, 0, 0, 0, 0, 0.00015375712, 0.0003398924, 0.0005585258, 0.0006654844, 0.0008691466, 0.0010639728, 0.0011597801, 0.001351073, 0.0015427353, 0.0017337884, 0.0018284236, 0.00201439, 0.0021946176, 0.0022822497, 0.0024529668, 0.0026184951, 0.0026996068, 0.0028596648, 0.0030173205, 0.0031736745, 0.0032513512, 0.0034051843, 0.0035554534, 0.0036285894, 0.0037696022, 0.0039027587, 0.0040281285, 0.0040882323, 0.004204597, 0.0043178527, 0.0043740366, 0.00448689, 0.0046014064, 0.0046592117, 0.0047745313, 0.004887441, 0.0049947756, 0.0050457963, 0.005141651, 0.0052294796, 0.0052706213, 0.0053483136, 0.005421738, 0.0054922, 0.0055264775, 0.005592748, 0.005655114, 0.005684369, 0.0057383394, 0.0057858713, 0.0058071828, 0.0058454648, 0.0058787973, 0.005908497, 0.0059223254, 0.0059481664, 0.0059715733, 0.0059820223, 0.005999927, 0.006012875, 0.0060203415, 0.0060220235, 0.006021393, 0.006015905, 0.0060116, 0.0060001723, 0.0059854137, 0.0059676585, 0.005957668, 0.005935318, 0.005909723, 0.005895782, 0.005865873, 0.0058334502, 0.0058163856, 0.005780527, 0.005742406, 0.005701756, 0.0056804125, 0.005635505, 0.005587552, 0.0055624554, 0.0055103656, 0.0054564746, 0.005401555, 0.005373956, 0.0053184973, 0.0052626836, 0.0052345255, 0.005177336, 0.0051185014, 0.005088229, 0.0050259563, 0.0049613398, 0.0048947847, 0.0048608426, 0.004791804, 0.004721042, 0.004684911, 0.0046107206, 0.004533506, 0.0044527464, 0.0044109714, 0.0043248893, 0.0042358143, 0.004190474, 0.0040989583, 0.0040068887, 0.003960765, 0.0038680327, 0.0037742509, 0.003678186, 0.0036290623, 0.0035279684, 0.0034226596, 0.003368428, 0.0032572288, 0.0031429892, 0.0030264785, 0.0029676089, 0.0028486638, 0.0027277803, 0.0026664156, 0.0025413889, 0.002412603, 0.0023467175, 0.0022118064, 0.002073012, 0.001931144, 0.0018592405, 0.0017138221, 0.0015662428, 0.0014915284, 0.0013397938, 0.0011836187, 0.0010206728, 0.00093573704, 0.00075618643, 0.0005593335, 0.00045305138, 0.00022884949, 2.8671338e-05
0, 0, 0, 0, 0, 0, 0, 0, 0.00015523924, 0.0003151815, 0.00053048925, 0.00064090535, 0.00085521716, 0.0010588806, 0.0011571278, 0.0013476443, 0.0015320524, 0.0017119524, 0.0018006222, 0.0019761273, 0.0021492643, 0.0022350524, 0.0024043988, 0.0025703365, 0.0026517892, 0.0028110433, 0.0029656873, 0.00311686, 0.0031914546, 0.003339519, 0.003485739, 0.0035579756, 0.0036994554, 0.003835743, 0.0039654695, 0.004027677, 0.004147094, 0.004261338, 0.0043172752, 0.0044280584, 0.0045392816, 0.0045951963, 0.0047073322, 0.0048181224, 0.004925063, 0.0049765757, 0.0050746, 0.0051658, 0.0052090883, 0.0052916645, 0.0053706835, 0.005447337, 0.005484938, 0.0055583785, 0.0056281337, 0.005661164, 0.005722272, 0.005775769, 0.005799492, 0.005841158, 0.0058760927, 0.0059057507, 0.005919155, 0.005943603, 0.005965385, 0.0059749824, 0.0059914878, 0.0060034622, 0.0060101445, 0.0060115177, 0.006010264, 0.0060045305, 0.0060003097, 0.0059899683, 0.005977578, 0.005963294, 0.00595532, 0.005937073, 0.00591494, 0.0059022964, 0.005873771, 0.0058412408, 0.0058236555, 0.005786438, 0.0057470445, 0.005706061, 0.005684997, 0.0056415386, 0.0055958247, 0.005571911, 0.005521848, 0.0054687075, 0.005412958, 0.0053842748, 0.005325538, 0.005265465, 0.0052350964, 0.0051734922, 0.0051107625, 0.0050788634, 0.005013722, 0.004946401, 0.0048770765, 0.004841609, 0.0047693197, 0.004695055, 0.0046572806, 0.004580099, 0.004500494, 0.00441806, 0.0043756925, 0.0042885276, 0.004198615, 0.0041527147, 0.0040598097, 0.0039658, 0.0039185835, 0.003823636, 0.003727754, 0.0036301988, 0.0035805593, 0.0034788887, 0.003373627, 0.0033195575, 0.0032087627, 0.0030950762, 0.0029792737, 0.0029208416, 0.002802944, 0.002683463, 0.0026229087, 0.0024996488, 0.0023726574, 0.0023075414, 0.0021739805, 0.0020362108, 0.0018951086, 0.0018235785, 0.0016790065, 0.0015328416, 0.0014590982, 0.0013098766, 0.0011569657, 0.0009978565, 0.0009149214, 0.000739385, 0.0005462049, 0.00044145848, 0.00021948924, 1.9646626e-05
0, 0, 0, 0, 0, 0, 0, 0, 0.00019301451, 0.00029254373, 0.000501703, 0.0006171111, 0.0008452107, 0.001058694, 0.0011588067, 0.0013470643, 0.0015225537, 0.0016905294, 0.001773257, 0.0019384421, 0.0021047832, 0.0021882341, 0.0023542035, 0.002516567, 0.0025955802, 0.0027480691, 0.0028935808, 0.003034454, 0.0031040483, 0.0032436568, 0.0033848889, 0.0034563532, 0.003599842, 0.0037420997, 0.00388009, 0.003946727, 0.0040742196, 0.004194457, 0.0042522866, 0.0043650568, 0.004475732, 0.0045307144, 0.0046401517, 0.0047485083, 0.004853888, 0.004905037, 0.0050030383, 0.005095035, 0.00513888, 0.005222905, 0.005303591, 0.005382556, 0.005421664, 0.0054988638, 0.0055734636, 0.005609062, 0.0056756395, 0.0057343715, 0.0057604033, 0.0058058235, 0.005843205, 0.005874366, 0.005888276, 0.005913827, 0.0059369993, 0.005947648, 0.005966471, 0.005981163, 0.0059904912, 0.0059928894, 0.005993406, 0.005988795, 0.0059850146, 0.0059758243, 0.0059651765, 0.005953503, 0.00594711, 0.005932228, 0.0059133107, 0.0059019844, 0.0058750818, 0.0058427313, 0.0058247396, 0.005785984, 0.005745062, 0.005703269, 0.005682357, 0.0056402623, 0.0055971704, 0.005574855, 0.00552787, 0.0054770974, 0.005422072, 0.005392996, 0.0053321193, 0.0052683577, 0.005235714, 0.005169442, 0.005102034, 0.00506789, 0.004998618, 0.0049273497, 0.004853598, 0.0048157475, 0.0047383197, 0.004658723, 0.0046182666, 0.004536242, 0.0044528483, 0.004367997, 0.0043249284, 0.0042372113, 0.0041472763, 0.004101462, 0.0040082047, 0.003913054, 0.003864883, 0.0037675656, 0.0036689711, 0.0035689818, 0.003518304, 0.0034152577, 0.0033094857, 0.0032554157, 0.0031449965, 0.0030318822, 0.002916551, 0.0028582378, 0.0027404772, 0.002621111, 0.002560729, 0.0024381909, 0.002312592, 0.0022484108, 0.0021171726, 0.0019822393, 0.0018440053, 0.0017739208, 0.0016322279, 0.0014887645, 0.0014163273, 0.0012697629, 0.0011196168, 0.00096365984, 0.0008824802, 0.00071068504, 0.000521592, 0.00041886937, 0.00020040406, 1.8730774e-06
0, 0, 0, 0, 0, 0, 0, 0, 0.00011979033, 0.00024119468, 0.00046344206, 0.0005866918, 0.0008276233, 0.0010461992, 0.0011457634, 0.0013281986, 0.0014946482, 0.0016537049, 0.0017327187, 0.0018926797, 0.0020559868, 0.0021382105, 0.0023013796, 0.0024588502, 0.0025343543, 0.0026781515, 0.0028134002, 0.002943651, 0.0030083389, 0.003139456, 0.0032756187, 0.003345756, 0.0034896678, 0.0036352526, 0.0037786919, 0.0038483995, 0.003982055, 0.0041075656, 0.0041675493, 0.004283259, 0.004395465, 0.0044509443, 0.0045612617, 0.004670642, 0.0047775926, 0.004829625, 0.0049292594, 0.005022104, 0.0050658993, 0.0051488853, 0.0052275555, 0.005304229, 0.005342304, 0.005418258, 0.005492932, 0.005529207, 0.0055979528, 0.0056597576, 0.0056874454, 0.005736205, 0.0057766642, 0.0058108834, 0.0058263517, 0.005855461, 0.0058832266, 0.0058965273, 0.005921467, 0.005942761, 0.0059584444, 0.0059636515, 0.0059686834, 0.005967077, 0.005964307, 0.005956036, 0.0059458977, 0.005934773, 0.0059288186, 0.0059154346, 0.0058985925, 0.0058883675, 0.005863567, 0.0058324756, 0.005814723, 0.0057756, 0.00573354, 0.0056904536, 0.0056691063, 0.005626792, 0.0055845985, 0.0055630743, 0.005518161, 0.0054692975, 0.005415519, 0.005386634, 0.0053251446, 0.0052595614, 0.0052256747, 0.0051564453, 0.0050859014, 0.0050502336, 0.0049777697, 0.004903257, 0.0048258947, 0.0047859587, 0.0047037248, 0.0046187844, 0.0045755007, 0.0044879355, 0.0043997043, 0.004311223, 0.0042667845, 0.0041773226, 0.004086389, 0.0040401747, 0.003945953, 0.0038491671, 0.0037999116, 0.0036996896, 0.003597769, 0.00349461, 0.0034425007, 0.0033372652, 0.0032301603, 0.0031757553, 0.003065091, 0.0029518325, 0.0028361047, 0.0027773657, 0.002658505, 0.0025378177, 0.0024768708, 0.0023537772, 0.0022287378, 0.0021653685, 0.002036791, 0.0019055138, 0.001771489, 0.0017035882, 0.0015661163, 0.0014263589, 0.0013555812, 0.0012119545, 0.0010644654, 0.00091141276, 0.00083187793, 0.00066415075, 0.00048004178, 0.00038003907, 0.00016664404, -2.8867335e-05
0, 0, 0, 0, 0, 0, 0, 0, 0.0001806601, 0.00023338053, 0.0004408225, 0.00056476874, 0.00080548885, 0.0010173018, 0.0011119494, 0.0012841299, 0.0014424691, 0.0015970691, 0.001675237, 0.0018348304, 0.0019982134, 0.002080211, 0.0022412667, 0.002394997, 0.0024680488, 0.0026065053, 0.0027363275, 0.0028612844, 0.0029235801, 0.0030504328, 0.0031827346, 0.0032511896, 0.0033918254, 0.0035349685, 0.003676309, 0.0037451892, 0.0038776025, 0.0040024696, 0.0040623355, 0.004178342, 0.004291774, 0.004348239, 0.0044617406, 0.0045754747, 0.004687562, 0.004742151, 0.0048465375, 0.004942418, 0.0049869022, 0.005069809, 0.0051461165, 0.005219141, 0.005255048, 0.0053268187, 0.0053983293, 0.005433685, 0.0055019255, 0.0055649476, 0.005593728, 0.0056452807, 0.0056889504, 0.005726528, 0.005743745, 0.005776769, 0.0058090766, 0.0058251987, 0.005856366, 0.0058848006, 0.005907798, 0.005916493, 0.005927614, 0.005930239, 0.005928837, 0.005921878, 0.0059114504, 0.005899517, 0.005893251, 0.0058801617, 0.0058650714, 0.0058563324, 0.0058350186, 0.0058075893, 0.005791501, 0.005754778, 0.005713666, 0.0056702746, 0.0056483066, 0.005604578, 0.0055610673, 0.0055391015, 0.0054938584, 0.005445432, 0.0053922017, 0.0053635556, 0.0053023347, 0.0052366424, 0.0052024866, 0.005132441, 0.005060848, 0.005024619, 0.0049510626, 0.0048754965, 0.0047969623, 0.004756232, 0.0046719, 0.004584191, 0.004539147, 0.0044476134, 0.0043551475, 0.0042625214, 0.004216285, 0.004123524, 0.004029901, 0.003982451, 0.0038858377, 0.0037864146, 0.0037356408, 0.0036321958, 0.003526663, 0.003419973, 0.0033662661, 0.0032583347, 0.003149271, 0.0030941821, 0.0029825668, 0.0028684763, 0.0027517092, 0.0026922624, 0.0025715993, 0.0024489684, 0.0023871344, 0.002262699, 0.0021374389, 0.0020744686, 0.0019478227, 0.0018195958, 0.0016894898, 0.0016236347, 0.0014902012, 0.0013541464, 0.0012850774, 0.0011444252, 0.000999805, 0.00084993045, 0.0007722982, 0.0006091957, 0.000430685, 0.00033383412, 0.00012660345, -6.52019e-05
0, 0, 0, 0, 0, 0, 0, 0, 0, 0.00023883622, 0.00044237968, 0.0005593403, 0.0007812317, 0.0009740375, 0.0010608728, 0.0012223028, 0.0013765668, 0.0015312921, 0.0016100784, 0.0017704865, 0.0019329643, 0.0020137152, 0.0021719278, 0.0023230913, 0.0023955938, 0.0025343918, 0.0026664857, 0.0027946348, 0.0028582315, 0.0029863126, 0.0031174053, 0.0031841989, 0.0033196139, 0.003455423, 0.003588696, 0.0036534993, 0.003778641, 0.0038976711, 0.0039553135, 0.0040682615, 0.004180495, 0.0042370334, 0.0043519535, 0.0044685896, 0.004584843, 0.004641719, 0.0047507426, 0.0048508937, 0.0048972187, 0.004982393, 0.0050591626, 0.0051305285, 0.0051650526, 0.005233354, 0.0053016017, 0.0053356835, 0.0054025995, 0.005465884, 0.005495462, 0.005549133, 0.0055952272, 0.005634962, 0.0056529813, 0.0056873756, 0.005720996, 0.005737886, 0.0057715774, 0.0058037634, 0.0058318395, 0.0058434075, 0.0058601303, 0.005867633, 0.0058680233, 0.005863357, 0.0058534686, 0.005841242, 0.0058349036, 0.005822262, 0.005809489, 0.005802515, 0.0057861973, 0.005764683, 0.0057515223, 0.0057201656, 0.005682784, 0.0056410646, 0.005619204, 0.0055744373, 0.0055290563, 0.0055061323, 0.0054593515, 0.0054100687, 0.005356924, 0.0053285267, 0.005268012, 0.0052028117, 0.0051688426, 0.005098732, 0.0050269696, 0.0049906024, 0.004916994, 0.0048418073, 0.004764133, 0.0047240197, 0.0046407348, 0.0045534647, 0.004508423, 0.0044159037, 0.0043214033, 0.0042258245, 0.0041778623, 0.0040816045, 0.0039845235, 0.0039354456, 0.003835811, 0.0037335788, 0.003681409, 0.003575219, 0.0034667833, 0.0033570915, 0.0033020233, 0.003191537, 0.0030804332, 0.0030245339, 0.0029115968, 0.0027966043, 0.002678994, 0.0026191093, 0.0024974528, 0.0023737585, 0.0023113736, 0.002186016, 0.002060415, 0.0019976003, 0.0018717354, 0.0017451824, 0.0016174684, 0.0015529544, 0.0014222565, 0.0012890669, 0.0012214085, 0.0010836698, 0.0009422857, 0.00079618156, 0.0007207215, 0.0005625751, 0.00038968414, 0.00029583444, 9.418749e-05, -9.460447e-05
0, 0, 0, 0, 0, 0, 0, 0, 0, 0.00035809024, 0.00047670404, 0.0005614833, 0.0007410549, 0.00091317215, 0.0009955255, 0.0011555855, 0.001313478, 0.0014718825, 0.0015514082, 0.0017102924, 0.0018675857, 0.0019452565, 0.002097897, 0.002247138, 0.002320245, 0.002463733, 0.002603659, 0.002740446, 0.0028078135, 0.0029411349, 0.0030732066, 0.0031388036, 0.0032692351, 0.0033975963, 0.003522883, 0.0035839777, 0.0037025756, 0.003816646, 0.003872292, 0.0039818897, 0.004090741, 0.0041456353, 0.0042568715, 0.0043701227, 0.0044838996, 0.004540119, 0.004648904, 0.0047507263, 0.0047982917, 0.004886292, 0.004965458, 0.005037741, 0.00507217, 0.0051391837, 0.0052057127, 0.0052390117, 0.005305065, 0.005368718, 0.0053988057, 0.0054539717, 0.00550143, 0.005541469, 0.0055591525, 0.0055915094, 0.005622003, 0.005637191, 0.005668145, 0.005699228, 0.00572846, 0.0057413816, 0.005762322, 0.0057747806, 0.0057776268, 0.0057771336, 0.0057701543, 0.0057597663, 0.005754145, 0.0057430435, 0.0057327207, 0.0057274722, 0.005715718, 0.0057002013, 0.005690236, 0.005665243, 0.0056332042, 0.005594998, 0.005574106, 0.005529934, 0.005483886, 0.005460463, 0.0054128463, 0.005363401, 0.005310925, 0.005283094, 0.0052237716, 0.005159504, 0.0051256972, 0.0050554685, 0.004982898, 0.00494605, 0.004871663, 0.004796355, 0.0047196886, 0.004680485, 0.0045996346, 0.0045148907, 0.004470946, 0.0043800436, 0.004285764, 0.004189046, 0.0041400506, 0.0040411996, 0.0039413455, 0.003890967, 0.0037890666, 0.0036851391, 0.0036322947, 0.0035248115, 0.0034150959, 0.0033037623, 0.003247716, 0.003135253, 0.0030222884, 0.002965561, 0.0028513533, 0.0027356758, 0.0026181114, 0.0025585385, 0.0024377014, 0.0023149387, 0.0022530465, 0.002128487, 0.0020034793, 0.0019409136, 0.0018155439, 0.0016896946, 0.0015629125, 0.001499083, 0.0013699642, 0.0012388654, 0.0011724234, 0.0010376079, 0.0008998999, 0.00075810635, 0.00068508205, 0.00053188135, 0.00036421965, 0.0002728155, 7.52595e-05, -0.000111924084
0, 0, 0, 0, 0, 0, 0, 0, 0, 0.0004894904, 0.00045696576, 0.00050432485, 0.0006547354, 0.00082897564, 0.0009172525, 0.001092142, 0.0012628982, 0.0014276495, 0.0015074314, 0.0016620159, 0.0018113272, 0.0018848256, 0.0020313025, 0.0021787686, 0.0022531757, 0.0024025799, 0.0025508665, 0.0026959341, 0.002766758, 0.0029044035, 0.003037269, 0.0031021112, 0.0032293443, 0.003354048, 0.003476763, 0.00353723, 0.003656018, 0.00377104, 0.0038269241, 0.0039355475, 0.0040407833, 0.0040924614, 0.0041954066, 0.004298602, 0.0044022813, 0.0044540097, 0.004555988, 0.0046539884, 0.004700746, 0.0047885724, 0.0048684403, 0.0049413196, 0.004975656, 0.005041995, 0.0051071364, 0.0051397197, 0.0052046482, 0.005267956, 0.0052983006, 0.005354322, 0.0054025673, 0.0054423814, 0.005459397, 0.0054886844, 0.0055144047, 0.0055268235, 0.0055522416, 0.005578982, 0.0056062075, 0.0056192013, 0.005642283, 0.0056591537, 0.0056647714, 0.0056699673, 0.005668096, 0.005661544, 0.005657327, 0.005648328, 0.005639574, 0.005635322, 0.0056261, 0.0056142113, 0.005606483, 0.0055863014, 0.005558956, 0.005524776, 0.005505395, 0.005463404, 0.005418515, 0.0053955256, 0.0053488305, 0.0053009116, 0.0052505066, 0.005223862, 0.005166819, 0.005104226, 0.0050708894, 0.0050006057, 0.0049267714, 0.004889, 0.004812644, 0.004735765, 0.004658642, 0.004619717, 0.004540436, 0.0044580135, 0.0044152597, 0.004326462, 0.0042333235, 0.004136603, 0.004087161, 0.0039868215, 0.0038852824, 0.0038341505, 0.0037313013, 0.003627218, 0.003574518, 0.003467464, 0.003358002, 0.0032463681, 0.0031898613, 0.003075894, 0.0029610593, 0.0029034333, 0.002787785, 0.0026716173, 0.0025546988, 0.002495901, 0.0023774581, 0.0022575464, 0.0021971005, 0.0020752326, 0.0019522713, 0.0018904568, 0.0017662096, 0.0016411939, 0.0015152338, 0.0014519182, 0.0013243478, 0.0011953429, 0.0011302872, 0.0009988811, 0.00086528383, 0.0007280869, 0.000657382, 0.0005089898, 0.00034587123, 0.00025651616, 6.199913e-05, -0.00012439041
0, 0, 0, 0, 0, 0, 0, 0, 0, 0.0003726512, 0.0003022399, 0.00035175245, 0.00052638166, 0.00073269726, 0.0008364133, 0.0010370641, 0.0012239139, 0.0013950332, 0.001474871, 0.001625873, 0.0017701184, 0.001841471, 0.0019861294, 0.0021351222, 0.0022113235, 0.0023652648, 0.002518002, 0.002666307, 0.002737797, 0.0028752603, 0.0030060827, 0.003069747, 0.0031953044, 0.0033202851, 0.003445791, 0.0035086183, 0.0036330973, 0.003753616, 0.003811488, 0.003921481, 0.0040234774, 0.004071928, 0.0041651265, 0.00425613, 0.0043468643, 0.0043924954, 0.0044838763, 0.004573974, 0.0046177995, 0.004701461, 0.0047785994, 0.004848905, 0.0048818844, 0.0049452092, 0.00500662, 0.005037258, 0.00509861, 0.005159211, 0.005188699, 0.005244134, 0.0052929786, 0.005333665, 0.005350888, 0.005379732, 0.0054032924, 0.0054140915, 0.0054354826, 0.0054580807, 0.00548222, 0.005494532, 0.0055179223, 0.0055376817, 0.0055454364, 0.0055557047, 0.005559038, 0.0055565154, 0.005553631, 0.005546082, 0.0055375732, 0.0055331336, 0.005523736, 0.0055123777, 0.0055053406, 0.0054873796, 0.0054630507, 0.005432129, 0.00541436, 0.0053751795, 0.005332805, 0.005310963, 0.0052665314, 0.005221248, 0.005173833, 0.0051489244, 0.0050952127, 0.005035453, 0.005003125, 0.0049339933, 0.004859805, 0.0048213964, 0.0047431737, 0.004664322, 0.0045855925, 0.004546215, 0.004466793, 0.0043851, 0.004342909, 0.0042551626, 0.0041627004, 0.0040658712, 0.0040161065, 0.0039148056, 0.0038122353, 0.00376076, 0.0036576502, 0.0035540757, 0.0035019368, 0.003396163, 0.0032879293, 0.0031767439, 0.0031201192, 0.0030051095, 0.0028885242, 0.0028299165, 0.0027126365, 0.0025958044, 0.0024794736, 0.0024214624, 0.0023054196, 0.0021888125, 0.002130076, 0.0020115818, 0.0018915565, 0.0018309433, 0.0017087428, 0.001585349, 0.0014610854, 0.0013987272, 0.0012734542, 0.0011475033, 0.0010842008, 0.0009566406, 0.0008272201, 0.00069433765, 0.000625688, 0.00048128463, 0.00032193042, 0.00023430987, 4.270817e-05, -0.00014262785
0, 0, 0, 0, 0, 0, 0, 0, 0, 0, 0.00012887391, 0.00020311156, 0.000415306, 0.00065503764, 0.00077273836, 0.0009934327, 0.0011904415, 0.0013652955, 0.0014459662, 0.0015987434, 0.0017465303, 0.0018206687, 0.0019717677, 0.0021271734, 0.002205933, 0.0023630625, 0.002515853, 0.0026612754, 0.0027306892, 0.002863253, 0.0029896768, 0.0030516065, 0.0031754554, 0.0033014875, 0.0034302734, 0.003495236, 0.0036241452, 0.0037481156, 0.0038070534, 0.00391707, 0.0040161805, 0.004062109, 0.0041483976, 0.0042304904, 0.0043116705, 0.0043525025, 0.004434909, 0.0045172027, 0.004557723, 0.0046356767, 0.0047078268, 0.004773368, 0.004803866, 0.0048613097, 0.004915984, 0.004942963, 0.0049968655, 0.0050512594, 0.0050782114, 0.005130494, 0.0051788716, 0.005221142, 0.005239618, 0.0052712965, 0.005296963, 0.005308383, 0.0053296676, 0.0053507043, 0.0053725825, 0.005383786, 0.005406008, 0.0054261256, 0.0054346556, 0.0054474184, 0.005453739, 0.005453667, 0.0054515535, 0.0054444247, 0.0054348833, 0.005429642, 0.005418297, 0.005405451, 0.005398043, 0.0053802584, 0.0053574904, 0.0053289416, 0.0053125783, 0.005276267, 0.005236546, 0.0052159, 0.00517377, 0.0051305825, 0.0050857393, 0.00506226, 0.0050119325, 0.004955791, 0.004925236, 0.004859056, 0.0047867983, 0.004748945, 0.0046709436, 0.0045914818, 0.0045116767, 0.004471782, 0.0043915147, 0.0043093045, 0.0042670355, 0.00417927, 0.004086807, 0.003989589, 0.0039394908, 0.0038373107, 0.0037338734, 0.0036820937, 0.0035787981, 0.0034756272, 0.0034238384, 0.0033192663, 0.0032123115, 0.0031020779, 0.0030456206, 0.002930403, 0.0028129949, 0.002753868, 0.0026356329, 0.0025182716, 0.0024022728, 0.0023447042, 0.0022301087, 0.0021156443, 0.002058116, 0.0019422128, 0.0018247247, 0.0017653307, 0.0016454692, 0.0015244123, 0.0014027074, 0.0013417584, 0.0012197024, 0.0010973903, 0.0010359656, 0.0009122981, 0.0007864093, 0.00065661996, 0.0005893687, 0.00044749762, 0.00029069057, 0.00020436727, 1.5361959e-05, -0.00016858258
0, 0, 0, 0, 0, 0, 0, 0, 0, 0, 0.00010263353, 0.00015667567, 0.00036505202, 0.0006159839, 0.0007378423, 0.0009618812, 0.0011589731, 0.0013355571, 0.0014188935, 0.0015806941, 0.0017416133, 0.0018227928, 0.0019873118, 0.0021522641, 0.0022339295, 0.0023924694, 0.002542701, 0.0026827622, 0.0027493092, 0.0028765514, 0.0029992142, 0.0030599944, 0.0031825546, 0.0033077449, 0.0034351975, 0.0034990292, 0.0036246136, 0.0037442192, 0.003800903, 0.003906663, 0.004002224, 0.0040466157, 0.0041302657, 0.0042095794, 0.004287462, 0.0043263244, 0.0044045127, 0.00448207, 0.004520155, 0.0045934888, 0.004661309, 0.004722452, 0.0047506057, 0.0048023956, 0.0048501594, 0.0048730904, 0.004918485, 0.004964323, 0.004987468, 0.0050340155, 0.005079405, 0.0051216357, 0.0051410184, 0.005175875, 0.0052052205, 0.005218208, 0.005241545, 0.0052627297, 0.0052829334, 0.0052928487, 0.005312343, 0.0053301034, 0.005337888, 0.005350093, 0.005356885, 0.005357609, 0.005355838, 0.005348825, 0.0053384537, 0.005332469, 0.005319365, 0.005304831, 0.005296859, 0.0052788663, 0.0052570337, 0.0052303234, 0.005215143, 0.005181137, 0.0051432787, 0.00512326, 0.005081802, 0.005039012, 0.0049947733, 0.0049718125, 0.0049234745, 0.004870481, 0.0048418613, 0.004779902, 0.0047117462, 0.0046756663, 0.0046005757, 0.0045229043, 0.0044438867, 0.0044040303, 0.0043235067, 0.004241036, 0.004198746, 0.004111165, 0.0040188334, 0.003921694, 0.003871632, 0.0037692927, 0.00366549, 0.003613491, 0.0035098924, 0.0034066825, 0.0033550963, 0.0032512401, 0.003145461, 0.0030366974, 0.002981018, 0.0028672593, 0.0027509355, 0.0026922724, 0.0025747588, 0.0024580252, 0.002342636, 0.0022854256, 0.0021715667, 0.0020580057, 0.0020010644, 0.0018865088, 0.0017705029, 0.0017119325, 0.0015939188, 0.0014751109, 0.0013560673, 0.0012965805, 0.0011778107, 0.0010588497, 0.0009990311, 0.00087828573, 0.0007546633, 0.0006263679, 0.00055962685, 0.00041868642, 0.00026279836, 0.00017705586, -1.050597e-05, -0.00019366249
0, 0, 0, 0, 0, 0, 0, 0, 0, 0, 0.00011228332, 0.00016692006, 0.00037405267, 0.00061469775, 0.0007298034, 0.0009417804, 0.0011328793, 0.0013125924, 0.001400706, 0.0015767746, 0.0017546318, 0.0018438934, 0.002021063, 0.002192848, 0.002275438, 0.0024330486, 0.002579881, 0.0027167932, 0.0027824263, 0.0029094531, 0.003033651, 0.0030953514, 0.0032185856, 0.0033413426, 0.0034621877, 0.0035212208, 0.0036354093, 0.0037431535, 0.0037944529, 0.0038922767, 0.0039837533, 0.004027552, 0.0041119093, 0.004193114, 0.004272303, 0.0043113506, 0.004388284, 0.0044630617, 0.0044994126, 0.0045691933, 0.004633941, 0.0046927514, 0.004719782, 0.0047693397, 0.004813747, 0.0048345025, 0.0048743687, 0.0049134623, 0.004933008, 0.004972721, 0.0050124815, 0.005051357, 0.0050699916, 0.00510468, 0.005135297, 0.005148878, 0.005172772, 0.0051930794, 0.0052106082, 0.005218628, 0.0052336487, 0.005247253, 0.005253158, 0.005262691, 0.005268196, 0.0052689486, 0.0052674282, 0.005261189, 0.005251204, 0.0052451417, 0.0052316263, 0.0052165994, 0.005208483, 0.0051907836, 0.005170089, 0.005145075, 0.0051307613, 0.005098233, 0.0050608767, 0.0050407196, 0.004998144, 0.0049535343, 0.004907528, 0.0048840046, 0.004835425, 0.004783797, 0.004756447, 0.004697995, 0.0046341396, 0.0046003396, 0.004529193, 0.004454673, 0.0043777507, 0.004338623, 0.004259083, 0.0041774972, 0.004135726, 0.0040493887, 0.0039587487, 0.00386341, 0.0038142109, 0.0037133878, 0.0036105607, 0.0035588925, 0.003455534, 0.0033524698, 0.0033010752, 0.0031979438, 0.0030936052, 0.0029871343, 0.0029328489, 0.0028222073, 0.0027091515, 0.0026520058, 0.0025373169, 0.0024228585, 0.0023091084, 0.0022526328, 0.0021398708, 0.002027178, 0.0019706097, 0.0018567751, 0.0017416633, 0.0016836469, 0.0015668132, 0.001449605, 0.0013325034, 0.0012740933, 0.0011575648, 0.0010407633, 0.0009819465, 0.00086279307, 0.00074015727, 0.00061226636, 0.00054557406, 0.0004044614, 0.0002483794, 0.00016262387, -2.4969824e-05, -0.00020844271
0, 0, 0, 0, 0, 0, 0, 0, 0, 0, 0.00028852967, 0.00030953847, 0.0004411914, 0.0006321399, 0.00073181326, 0.00092718593, 0.001116492, 0.0013043869, 0.0013988374, 0.0015893588, 0.001779275, 0.0018728423, 0.0020539826, 0.0022243615, 0.0023051, 0.0024583437, 0.0026024987, 0.0027409326, 0.0028087848, 0.0029429246, 0.0030753855, 0.0031405652, 0.0032678705, 0.0033887809, 0.003501498, 0.0035547514, 0.003655317, 0.0037499769, 0.0037957702, 0.0038857015, 0.003974182, 0.0040180045, 0.0041045966, 0.004188698, 0.0042696428, 0.0043086642, 0.0043836744, 0.004454683, 0.0044885483, 0.0045536966, 0.0046151932, 0.0046728537, 0.004700053, 0.004750962, 0.004796815, 0.004817982, 0.0048572924, 0.0048936727, 0.004911159, 0.004945278, 0.00497885, 0.005011936, 0.005028135, 0.0050591156, 0.005087192, 0.0050996295, 0.005121243, 0.005138489, 0.0051519345, 0.005157671, 0.005167586, 0.005176154, 0.0051798685, 0.005185898, 0.0051894085, 0.005189578, 0.00518829, 0.0051826937, 0.0051734517, 0.0051676524, 0.005154336, 0.005139418, 0.0051314584, 0.005114128, 0.0050942404, 0.00507041, 0.0050566057, 0.005024697, 0.0049870657, 0.0049663386, 0.0049219956, 0.0048747696, 0.0048258537, 0.004800997, 0.0047504264, 0.0046980516, 0.00467083, 0.004613624, 0.0045520915, 0.0045195925, 0.0044511673, 0.0043788953, 0.0043037157, 0.004265381, 0.004187273, 0.0041074227, 0.004066706, 0.003983068, 0.003895796, 0.0038042802, 0.00375693, 0.0036597196, 0.0035597715, 0.003509188, 0.003407506, 0.0033057174, 0.0032548532, 0.0031530971, 0.003050824, 0.0029472704, 0.0028947932, 0.002788181, 0.0026794483, 0.0026244407, 0.002513675, 0.0024025303, 0.002291544, 0.0022361246, 0.0021254364, 0.0020144586, 0.0019586573, 0.0018461539, 0.0017322856, 0.0016747871, 0.0015589214, 0.0014426145, 0.0013263499, 0.001268372, 0.0011525241, 0.00103634, 0.0009778696, 0.00085924467, 0.0007370952, 0.0006096075, 0.0005430936, 0.00040211246, 0.00024601023, 0.0001602174, -2.7751388e-05, -0.00021220159
0, 0, 0, 0, 0, 0, 0, 0, 0, 0, 0.00055262033, 0.000486762, 0.00048140055, 0.0006190595, 0.00071049714, 0.0009068663, 0.0011075622, 0.0013086939, 0.001409186, 0.0016078644, 0.0017998179, 0.001891977, 0.0020669177, 0.0022289432, 0.0023056704, 0.0024535477, 0.0025974507, 0.0027412272, 0.002813459, 0.002958361, 0.0031014376, 0.0031708588, 0.00330313, 0.0034236484, 0.0035313305, 0.003580882, 0.0036733984, 0.0037611185, 0.0038044043, 0.0038912867, 0.0039795893, 0.004024034, 0.0041123033, 0.0041972473, 0.004277069, 0.0043145036, 0.004384563, 0.0044489116, 0.004479486, 0.004538502, 0.0045960657, 0.0046525546, 0.004680292, 0.004733726, 0.0047832155, 0.004806136, 0.0048479876, 0.004884687, 0.004901413, 0.0049325787, 0.0049617584, 0.004989752, 0.005003466, 0.0050297114, 0.005053629, 0.005064298, 0.0050823465, 0.0050961133, 0.005105939, 0.005109773, 0.005115914, 0.005120629, 0.0051226174, 0.0051256455, 0.005126932, 0.005125534, 0.0051236064, 0.0051171407, 0.005107051, 0.005100803, 0.0050862627, 0.005070039, 0.005061391, 0.0050429725, 0.0050221984, 0.0049978388, 0.0049839267, 0.004951804, 0.0049138637, 0.004892834, 0.0048475536, 0.0047988645, 0.004748034, 0.00472208, 0.004669377, 0.0046152426, 0.004587337, 0.004529295, 0.004467434, 0.004434874, 0.0043666693, 0.004294681, 0.0042199795, 0.004181895, 0.004104734, 0.0040265503, 0.0039869593, 0.003906384, 0.0038231467, 0.003736406, 0.0036915329, 0.0035990805, 0.0035034786, 0.0034547658, 0.0033563748, 0.0032571303, 0.0032074389, 0.003108127, 0.0030084879, 0.0029079858, 0.0028571847, 0.0027543043, 0.002649406, 0.0025963155, 0.0024890322, 0.0023809855, 0.0022727845, 0.0022185994, 0.0021104105, 0.002001839, 0.0019472616, 0.0018370039, 0.0017249859, 0.0016682943, 0.0015536308, 0.0014378711, 0.001321504, 0.0012633154, 0.0011468627, 0.001030076, 0.0009713789, 0.0008526693, 0.0007310904, 0.00060468615, 0.00053881557, 0.00039938668, 0.00024463914, 0.00015938075, -2.7896764e-05, -0.00021261978
0, 0, 0, 0, 0, 0, 0, 0, 0, 0, 0, 0.00045371513, 0.00040659087, 0.0005506899, 0.00065328827, 0.0008739478, 0.0010945401, 0.0013077931, 0.0014111433, 0.0016096132, 0.001795369, 0.0018830342, 0.002048164, 0.0022022235, 0.0022765181, 0.002422934, 0.0025698366, 0.0027197243, 0.0027956134, 0.0029474515, 0.0030957593, 0.0031669557, 0.0033004845, 0.0034204514, 0.003527414, 0.0035768047, 0.0036703215, 0.0037603844, 0.0038052744, 0.0038956269, 0.003986577, 0.004031857, 0.004120088, 0.00420316, 0.004278822, 0.004313609, 0.0043773893, 0.004435412, 0.0044630365, 0.004517359, 0.004571974, 0.0046274345, 0.0046552825, 0.0047100526, 0.004761751, 0.004785848, 0.004829648, 0.004867671, 0.0048846207, 0.004915481, 0.004943377, 0.0049694213, 0.004981839, 0.005005364, 0.005026398, 0.0050357208, 0.0050514387, 0.005063266, 0.005071681, 0.0050748396, 0.0050797514, 0.005083005, 0.0050841323, 0.0050853197, 0.0050843796, 0.0050805914, 0.005077302, 0.00506787, 0.0050546634, 0.0050468305, 0.0050288164, 0.005008918, 0.0049983165, 0.0049760574, 0.004951714, 0.0049244245, 0.0049093915, 0.004875813, 0.004837463, 0.0048165508, 0.0047715907, 0.004723377, 0.004672643, 0.004646555, 0.004593121, 0.0045379163, 0.00450942, 0.004450084, 0.004386937, 0.0043538576, 0.004284711, 0.004212096, 0.004137161, 0.004099082, 0.0040224954, 0.003945446, 0.003906716, 0.0038284163, 0.0037483, 0.0036654144, 0.0036227251, 0.003534723, 0.0034435526, 0.003396992, 0.0033026116, 0.003207002, 0.0031589745, 0.0030627039, 0.0029660326, 0.0028682256, 0.00281879, 0.002718393, 0.00261593, 0.0025639283, 0.002458645, 0.0023524095, 0.0022459726, 0.0021927184, 0.0020863481, 0.0019799648, 0.0019265563, 0.001818648, 0.0017088159, 0.0016530625, 0.0015397853, 0.0014245206, 0.0013077415, 0.0012489991, 0.0011312078, 0.001013121, 0.00095388875, 0.00083475333, 0.0007136139, 0.00058850873, 0.00052358495, 0.0003865442, 0.00023448201, 0.00015052386, -3.4532153e-05, -0.00021819225
0, 0, 0, 0, 0, 0, 0, 0, 0, 0, 0, 0, 0.00030932427, 0.00047719968, 0.00059000246, 0.0008289513, 0.0010604081, 0.0012763041, 0.0013783613, 0.0015708023, 0.00174957, 0.0018341296, 0.00199599, 0.0021510469, 0.0022273243, 0.0023791639, 0.0025319078, 0.0026850172, 0.0027613812, 0.002910978, 0.0030540058, 0.0031220207, 0.0032501733, 0.0033676117, 0.0034763024, 0.0035282227, 0.0036292449, 0.003728182, 0.0037771852, 0.003874098, 0.003968419, 0.0040141447, 0.0041009923, 0.0041807545, 0.0042525465, 0.0042855744, 0.004346715, 0.0044036214, 0.004431299, 0.0044862195, 0.0045415782, 0.0045971107, 0.0046247896, 0.004678763, 0.0047294702, 0.004753342, 0.0047971318, 0.0048360894, 0.004853914, 0.004886752, 0.0049166614, 0.004944174, 0.004956888, 0.004980297, 0.005000627, 0.005009503, 0.005024543, 0.005036166, 0.0050449627, 0.0050484, 0.005053676, 0.0050570755, 0.0050579775, 0.005058004, 0.005055172, 0.0050486703, 0.005043806, 0.0050308644, 0.0050139446, 0.0050041247, 0.004982183, 0.004957788, 0.0049447813, 0.004917414, 0.0048879418, 0.0048560766, 0.004839121, 0.0048029087, 0.0047632116, 0.0047421968, 0.0046978183, 0.004650737, 0.00460136, 0.0045758854, 0.0045232465, 0.004468242, 0.0044397237, 0.0043802285, 0.004316898, 0.0042838827, 0.004214983, 0.0041431612, 0.004069288, 0.0040318435, 0.0039565363, 0.0038806428, 0.0038424814, 0.003765324, 0.0036866455, 0.0036057392, 0.0035642774, 0.003479198, 0.0033914254, 0.003346718, 0.003256, 0.0031642364, 0.0031180575, 0.0030250587, 0.0029311003, 0.0028355876, 0.0027870594, 0.0026882016, 0.0025869654, 0.0025354226, 0.0024309845, 0.0023254533, 0.0022194928, 0.0021666284, 0.0020611032, 0.0019557595, 0.0019029238, 0.0017964708, 0.0016881529, 0.0016330961, 0.001520974, 0.0014061847, 0.001289204, 0.0012300839, 0.0011111271, 0.0009917573, 0.0009319129, 0.0008118821, 0.00069043646, 0.00056577293, 0.00050143903, 0.00036603943, 0.00021643037, 0.00013386291, -4.8580503e-05, -0.00023038736
0, 0, 0, 0, 0, 0, 0, 0, 0, 0, 0, 0, 0.0003312532, 0.00043161985, 0.000532962, 0.0007626074, 0.0009878989, 0.0011968814, 0.0012953717, 0.001482911, 0.0016609096, 0.0017471357, 0.001916011, 0.0020820296, 0.0021640584, 0.0023262866, 0.0024841689, 0.002635655, 0.0027084602, 0.0028468915, 0.0029764008, 0.0030380317, 0.0031562515, 0.0032698005, 0.003381197, 0.0034364571, 0.003546107, 0.0036538644, 0.0037066205, 0.0038082094, 0.003903636, 0.003948696, 0.0040334957, 0.004111245, 0.0041830526, 0.00421729, 0.004283389, 0.004347521, 0.0043791886, 0.0044414457, 0.004501921, 0.004559654, 0.0045871576, 0.004639407, 0.0046875267, 0.0047102207, 0.004753072, 0.0047930726, 0.004812134, 0.004848545, 0.0048823985, 0.004913112, 0.0049270447, 0.0049520335, 0.0049727275, 0.004981613, 0.0049966103, 0.005008432, 0.005017543, 0.005021177, 0.005026777, 0.0050298967, 0.0050304634, 0.0050291526, 0.005024296, 0.005015381, 0.005009353, 0.004994265, 0.0049752397, 0.004964503, 0.004940695, 0.00491393, 0.004899504, 0.0048686885, 0.0048352163, 0.0047991998, 0.004780271, 0.00474074, 0.004698946, 0.004677238, 0.0046323505, 0.0045856056, 0.0045370767, 0.0045120777, 0.0044603697, 0.004406054, 0.0043777963, 0.004319185, 0.004257284, 0.004225251, 0.004158963, 0.0040903087, 0.004019951, 0.0039841835, 0.003911649, 0.0038378134, 0.0038002785, 0.0037239287, 0.003645539, 0.0035650623, 0.0035240008, 0.0034402965, 0.0033547527, 0.0033113798, 0.003223696, 0.0031351591, 0.003090605, 0.0030005916, 0.0029090808, 0.0028155427, 0.0027678155, 0.0026704585, 0.0025704172, 0.0025194786, 0.002416005, 0.0023112025, 0.0022057972, 0.0021530776, 0.0020477565, 0.0019423874, 0.001889536, 0.0017831314, 0.0016750721, 0.0016202163, 0.0015086209, 0.0013943927, 0.0012776903, 0.001218642, 0.0010995978, 0.0009796263, 0.0009193601, 0.00079833355, 0.00067575264, 0.0005501088, 0.00048542576, 0.00034989006, 0.00020083509, 0.00011880048, -6.234948e-05, -0.00024315572
0, 0, 0, 0, 0, 0, 0, 0, 0, 0, 0, 0, 0.00027676555, 0.00037153388, 0.00045806137, 0.00066260237, 0.0008731906, 0.0010748787, 0.0011717649, 0.0013599624, 0.0015434412, 0.0016343335, 0.0018150462, 0.0019933863, 0.0020809348, 0.002250107, 0.002408317, 0.002552877, 0.0026200449, 0.002744972, 0.0028609058, 0.0029168157, 0.0030277595, 0.0031397177, 0.003254326, 0.003312326, 0.003428123, 0.0035404558, 0.003594322, 0.0036962237, 0.003789594, 0.0038334136, 0.0039164154, 0.003995354, 0.004072507, 0.0041109556, 0.0041884724, 0.004265737, 0.0043037953, 0.0043771937, 0.004445217, 0.0045064716, 0.0045346166, 0.0045864326, 0.0046335347, 0.004655885, 0.004699198, 0.004741447, 0.0047620856, 0.0048023034, 0.0048400895, 0.0048737912, 0.004888861, 0.004914981, 0.0049360543, 0.0049448465, 0.004959586, 0.0049710316, 0.004979732, 0.004983112, 0.004987954, 0.0049898927, 0.0049896413, 0.0049864273, 0.0049795923, 0.0049689324, 0.0049623507, 0.0049465913, 0.004928009, 0.004917587, 0.0048947963, 0.0048688245, 0.0048545776, 0.0048234398, 0.0047886996, 0.004750674, 0.0047305413, 0.0046885028, 0.004644564, 0.0046219677, 0.0045756805, 0.004528169, 0.004479134, 0.0044539687, 0.004401955, 0.004347572, 0.0043194294, 0.0042614643, 0.0042014685, 0.0041708057, 0.0041081556, 0.0040439665, 0.0039782417, 0.0039446913, 0.0038760474, 0.0038049025, 0.0037683113, 0.0036929783, 0.003614987, 0.003534707, 0.0034938974, 0.0034111384, 0.003327226, 0.0032848548, 0.0031997156, 0.0031136847, 0.0030703258, 0.0029826134, 0.0028930316, 0.0028011694, 0.002754391, 0.0026589986, 0.0025611797, 0.0025114757, 0.0024104645, 0.0023077966, 0.0022041262, 0.002151995, 0.0020473392, 0.0019418391, 0.0018886933, 0.0017815491, 0.0016728257, 0.001617805, 0.0015063137, 0.0013927378, 0.0012772107, 0.0012187503, 0.0011009147, 0.000981689, 0.000921585, 0.0008001456, 0.0006764062, 0.0005491987, 0.0004836788, 0.00034651003, 0.00019607088, 0.00011355199, -6.819149e-05, -0.0002496448
0, 0, 0, 0, 0, 0, 0, 0, 0, 0, 0, 0, 0.00038258507, 0.00032707537, 0.00036859055, 0.0005334867, 0.00073634746, 0.0009392763, 0.0010377562, 0.0012296216, 0.001417353, 0.0015105142, 0.0016953096, 0.0018757338, 0.001963138, 0.0021288886, 0.0022800548, 0.0024154175, 0.0024776706, 0.0025941234, 0.0027047487, 0.0027595928, 0.002871153, 0.0029867252, 0.0031060558, 0.0031661135, 0.0032846997, 0.0033973656, 0.0034505923, 0.0035500086, 0.0036411698, 0.0036843799, 0.003768319, 0.0038518386, 0.0039374335, 0.003981264, 0.004070548, 0.00415982, 0.0042032767, 0.0042856606, 0.0043600816, 0.0044256365, 0.004455437, 0.0045103147, 0.004560592, 0.004584729, 0.0046319426, 0.004678165, 0.0047008824, 0.00474462, 0.0047848523, 0.0048200237, 0.004835277, 0.004861534, 0.0048822574, 0.0048909257, 0.0049052453, 0.004916446, 0.004924878, 0.004928105, 0.004932397, 0.0049333842, 0.004932448, 0.0049277167, 0.004919317, 0.004907703, 0.0049007903, 0.004885405, 0.004868107, 0.0048585986, 0.004837772, 0.0048139654, 0.0048006577, 0.0047709183, 0.0047368123, 0.004698725, 0.00467838, 0.004635655, 0.0045907767, 0.0045677284, 0.0045206277, 0.004472161, 0.0044221818, 0.004396458, 0.004343101, 0.0042874934, 0.0042589735, 0.0042009074, 0.0041418197, 0.004112022, 0.004051978, 0.00399113, 0.0039288327, 0.0038969202, 0.0038311267, 0.0037622321, 0.0037265178, 0.0036524602, 0.0035754968, 0.003496318, 0.0034561278, 0.0033750157, 0.0032931536, 0.003251846, 0.0031686793, 0.0030844733, 0.0030418264, 0.0029552907, 0.0028666335, 0.0027759983, 0.0027299365, 0.0026366976, 0.0025418482, 0.0024937901, 0.0023965228, 0.002297616, 0.0021970468, 0.0021461819, 0.0020432367, 0.0019383495, 0.0018852704, 0.0017777687, 0.0016686948, 0.0016136183, 0.0015025587, 0.001390126, 0.0012764651, 0.00121912, 0.0011035135, 0.0009861902, 0.00092682906, 0.0008062743, 0.0006825359, 0.0005547694, 0.0004887395, 0.00035042982, 0.00019869719, 0.000115545125, -6.7478366e-05, -0.0002502063
0, 0, 0, 0, 0, 0, 0, 0, 0, 0, 0, 0, 0, 0.00019975376, 0.00022681123, 0.00039569807, 0.00061268493, 0.0008238286, 0.00092340464, 0.0011130396, 0.0012940773, 0.0013825156, 0.0015556462, 0.001722295, 0.0018021689, 0.001953487, 0.0020922625, 0.0022197044, 0.0022800614, 0.002397092, 0.002513186, 0.0025718126, 0.0026917618, 0.0028148904, 0.0029389309, 0.0030002522, 0.0031191492, 0.0032310167, 0.0032836748, 0.0033830574, 0.0034763056, 0.0035216056, 0.0036114918, 0.0037026983, 0.0037964566, 0.0038441943, 0.003940082, 0.0040339283, 0.004079059, 0.004164242, 0.0042414684, 0.004311241, 0.0043437057, 0.004405027, 0.0044629765, 0.0044910065, 0.004545461, 0.004597639, 0.0046226275, 0.004669451, 0.004710893, 0.0047460496, 0.004761206, 0.004787081, 0.0048077903, 0.004816669, 0.00483189, 0.0048443875, 0.0048543536, 0.0048581874, 0.0048635625, 0.0048650377, 0.004864128, 0.00485906, 0.004850117, 0.0048381593, 0.004831223, 0.0048159244, 0.0047989897, 0.004789834, 0.0047696927, 0.004746454, 0.004733443, 0.0047043175, 0.004670906, 0.0046334076, 0.004613464, 0.0045715906, 0.0045277304, 0.004505117, 0.0044587413, 0.004410539, 0.004360186, 0.004334119, 0.0042799567, 0.00422327, 0.004194253, 0.0041354205, 0.0040761307, 0.004046479, 0.003986825, 0.003926555, 0.0038647896, 0.0038331617, 0.0037678229, 0.0036994913, 0.0036640933, 0.003591016, 0.0035153858, 0.0034380737, 0.0033990503, 0.0033203391, 0.0032409169, 0.0032007757, 0.003119356, 0.0030361624, 0.0029937408, 0.0029072047, 0.002818573, 0.0027281903, 0.0026825366, 0.0025906144, 0.0024981466, 0.0024516091, 0.0023578454, 0.0022626794, 0.0021655846, 0.0021162224, 0.0020156382, 0.001912457, 0.0018600087, 0.0017535067, 0.0016454133, 0.0015909144, 0.0014812262, 0.0013706576, 0.0012592552, 0.0012031086, 0.0010898012, 0.00097474904, 0.000916385, 0.00079761376, 0.000675448, 0.00054899737, 0.0004836084, 0.00034642743, 0.00019575407, 0.00011298591, -6.954598e-05, -0.00025253496
0, 0, 0, 0, 0, 0, 0, 0, 0, 0, 0, 0, 0, 5.4786517e-05, 0.000107374195, 0.00030527526, 0.00053121196, 0.00073827093, 0.00083258643, 0.0010071449, 0.0011682983, 0.0012456154, 0.0013949705, 0.0015373727, 0.0016062346, 0.0017389453, 0.0018662317, 0.0019903767, 0.0020524755, 0.0021771984, 0.0023041326, 0.002368434, 0.0024978088, 0.002626703, 0.0027526226, 0.0028138522, 0.0029319548, 0.0030441359, 0.0030981933, 0.0032031005, 0.0033052512, 0.003355906, 0.0034569057, 0.0035578245, 0.0036579715, 0.0037072988, 0.0038034252, 0.0038946085, 0.003938091, 0.0040207454, 0.0040982077, 0.0041718055, 0.004207451, 0.0042771096, 0.0043443465, 0.0043769013, 0.0044394643, 0.0044976654, 0.0045247045, 0.0045740134, 0.004616404, 0.0046517747, 0.004667251, 0.0046941377, 0.004717043, 0.0047273054, 0.004745948, 0.0047620577, 0.004775362, 0.0047807232, 0.004788569, 0.0047918176, 0.0047914744, 0.004787231, 0.004778699, 0.004766843, 0.0047599087, 0.0047442387, 0.0047262614, 0.0047163893, 0.0046946686, 0.0046696393, 0.0046558566, 0.0046254126, 0.004591453, 0.00455455, 0.0045352103, 0.0044950983, 0.0044534225, 0.004432028, 0.0043876506, 0.00434107, 0.0042917104, 0.0042659463, 0.0042121545, 0.004155713, 0.0041267034, 0.004067689, 0.0040078494, 0.003977762, 0.003917106, 0.003855325, 0.0037917509, 0.0037591308, 0.0036921285, 0.003622546, 0.0035868268, 0.0035138722, 0.0034393521, 0.0033639502, 0.003325996, 0.0032497789, 0.0031724463, 0.0031332637, 0.0030532961, 0.0029706273, 0.0029282311, 0.0028414764, 0.002752501, 0.0026618524, 0.0026162725, 0.0025249615, 0.0024335592, 0.002387909, 0.0022960005, 0.0022029995, 0.0021081613, 0.0020598758, 0.0019614566, 0.001860473, 0.0018091375, 0.001705013, 0.0015994206, 0.0015462033, 0.0014389473, 0.0013306962, 0.0012212353, 0.0011660048, 0.0010542182, 0.00094061485, 0.0008829666, 0.0007659071, 0.0006459962, 0.0005222424, 0.00045849232, 0.00032478967, 0.00017784818, 9.695686e-05, -8.2346814e-05, -0.0002636225
0, 0, 0, 0, 0, 0, 0, 0, 0, 0, 0, 0, 0, 9.6710646e-05, 0.0001303339, 0.0002821699, 0.0004724903, 0.0006524506, 0.0007349237, 0.0008864886, 0.001025134, 0.0010906816, 0.0012168724, 0.0013384228, 0.0013983815, 0.0015183105, 0.0016408119, 0.0017675814, 0.001832821, 0.0019663882, 0.0021018293, 0.0021694158, 0.0023023312, 0.0024305212, 0.002553255, 0.002612851, 0.00272937, 0.0028440112, 0.0029012705, 0.0030161329, 0.0031317836, 0.0031895384, 0.00330384, 0.0034143936, 0.0035190666, 0.0035687743, 0.0036625883, 0.0037497368, 0.0037913155, 0.003871825, 0.0039504166, 0.0040285494, 0.004067471, 0.0041443924, 0.004218979, 0.0042547816, 0.0043225526, 0.004384001, 0.0044120876, 0.0044625993, 0.0045060515, 0.0045432183, 0.0045600655, 0.0045907805, 0.0046186177, 0.0046314807, 0.0046554445, 0.004676274, 0.0046932856, 0.00470024, 0.0047103153, 0.004715159, 0.0047156042, 0.004712607, 0.0047050705, 0.0046939137, 0.0046871435, 0.004671132, 0.004651854, 0.004640956, 0.004616681, 0.0045890617, 0.004574092, 0.004541758, 0.0045070117, 0.004470402, 0.0044516246, 0.004413319, 0.004373815, 0.004353536, 0.004311314, 0.004266425, 0.004218658, 0.004193519, 0.0041411826, 0.0040861536, 0.004057815, 0.0039997594, 0.0039402004, 0.0039099446, 0.0038482947, 0.0037848242, 0.0037190167, 0.003685251, 0.003615968, 0.0035445786, 0.003508286, 0.0034348748, 0.003360698, 0.0032863203, 0.0032490569, 0.0031741327, 0.0030980094, 0.003059278, 0.0029800348, 0.0028979052, 0.0028557563, 0.0027694642, 0.002681003, 0.00259112, 0.0025458687, 0.002455138, 0.0023644322, 0.002318918, 0.0022274558, 0.0021348626, 0.0020406225, 0.001992803, 0.0018957232, 0.0017968097, 0.0017467565, 0.0016456441, 0.0015433232, 0.0014917053, 0.0013874898, 0.0012816283, 0.0011736725, 0.0011189171, 0.00100768, 0.00089439336, 0.0008369455, 0.0007207628, 0.0006025968, 0.00048162133, 0.00041959184, 0.0002901822, 0.00014820794, 6.98381e-05, -0.000104715764, -0.00028319206
0, 0, 0, 0, 0, 0, 0, 0, 0, 0, 0, 0, 0, 0.0002254651, 0.0001940305, 0.0002368471, 0.0003691058, 0.0005197459, 0.0005925166, 0.00072974194, 0.00085603265, 0.0009160576, 0.0010320782, 0.0011461909, 0.001203743, 0.0013226463, 0.0014482512, 0.0015807801, 0.0016488952, 0.0017868782, 0.0019233234, 0.0019898415, 0.0021179523, 0.0022396035, 0.0023565248, 0.0024141967, 0.0025302365, 0.002649248, 0.0027104346, 0.0028359191, 0.0029634975, 0.003027076, 0.003151047, 0.003267713, 0.0033751195, 0.0034252629, 0.0035191095, 0.0036067888, 0.0036492234, 0.0037331653, 0.003817047, 0.0039010742, 0.0039429, 0.004024762, 0.004102268, 0.0041388003, 0.0042067454, 0.0042673415, 0.0042950595, 0.004345468, 0.0043903417, 0.004430944, 0.0044500716, 0.0044864565, 0.0045201196, 0.004535807, 0.004564394, 0.0045882114, 0.0046069315, 0.004614274, 0.004624771, 0.00463004, 0.0046308767, 0.00462909, 0.004623195, 0.0046137045, 0.0046076686, 0.004592663, 0.004573449, 0.004562224, 0.0045369933, 0.004508335, 0.00449288, 0.0044600503, 0.0044253906, 0.004389439, 0.0043711183, 0.004333879, 0.0042953957, 0.004275501, 0.004234011, 0.0041895155, 0.0041422225, 0.004117493, 0.0040662033, 0.0040127225, 0.003985174, 0.0039286204, 0.0038702497, 0.003840286, 0.0037788157, 0.0037148672, 0.0036482906, 0.0036139574, 0.0035436293, 0.0034713678, 0.0034347193, 0.0033607981, 0.003286514, 0.0032120424, 0.0031746589, 0.0030995389, 0.0030231508, 0.002984325, 0.0029051332, 0.002823662, 0.0027821015, 0.0026973812, 0.0026109654, 0.0025234737, 0.00247934, 0.0023905162, 0.0023009675, 0.0022557906, 0.0021645813, 0.002071818, 0.0019775021, 0.0019298502, 0.0018335759, 0.0017363436, 0.0016874232, 0.001589119, 0.0014899207, 0.0014399068, 0.0013386237, 0.0012350118, 0.0011285736, 0.0010742613, 0.00096357, 0.0008503398, 0.0007930315, 0.0006773367, 0.0005603095, 0.00044153832, 0.0003808718, 0.0002548886, 0.000117032454, 4.0906634e-05, -0.00012949223, -0.0003056599
0, 0, 0, 0, 0, 0, 0, 0, 0, 0, 0, 0, 0, 0, 0.000109613386, 8.388583e-05, 0.00018780537, 0.00033280638, 0.00040622233, 0.000545394, 0.000674148, 0.00073569606, 0.0008558295, 0.0009755965, 0.0010367722, 0.0011635211, 0.0012966444, 0.0014341349, 0.0015033968, 0.0016399168, 0.0017711943, 0.0018341515, 0.001954634, 0.002069925, 0.0021840392, 0.0022416627, 0.002360548, 0.002485517, 0.0025502495, 0.0026825394, 0.0028153828, 0.0028807223, 0.0030063004, 0.003123261, 0.0032311424, 0.0032820764, 0.0033794346, 0.0034735114, 0.0035200112, 0.0036127202, 0.003704933, 0.0037952706, 0.0038390672, 0.0039222823, 0.003998521, 0.0040336736, 0.0040981225, 0.0041556233, 0.0041823485, 0.0042327307, 0.004280018, 0.0043251044, 0.004346831, 0.004388188, 0.0044259136, 0.004442951, 0.0044726157, 0.0044959025, 0.004512896, 0.0045192307, 0.0045280578, 0.0045324834, 0.004533297, 0.0045325235, 0.004528823, 0.004521808, 0.004517039, 0.004504435, 0.0044874796, 0.0044773095, 0.00445382, 0.004426785, 0.004412061, 0.0043809465, 0.004347829, 0.0043130405, 0.0042951405, 0.0042581186, 0.004219233, 0.0041988934, 0.004156024, 0.004110205, 0.004061634, 0.004036533, 0.003984862, 0.0039315056, 0.0039041645, 0.0038483774, 0.0037909262, 0.0037614396, 0.003700881, 0.0036376747, 0.003571884, 0.00353791, 0.0034681687, 0.003396518, 0.0033600817, 0.0032863894, 0.0032118703, 0.0031365952, 0.0030987083, 0.0030222535, 0.002944706, 0.0029054326, 0.0028258278, 0.002744934, 0.0027039873, 0.002621432, 0.002537947, 0.0024535963, 0.002411068, 0.0023251388, 0.0022377323, 0.0021933708, 0.0021032149, 0.0020110821, 0.0019172818, 0.0018699013, 0.0017745865, 0.0016787929, 0.0016308005, 0.001534663, 0.001437914, 0.0013891098, 0.0012902189, 0.0011888375, 0.0010845907, 0.001031241, 0.00092228147, 0.0008107304, 0.0007542373, 0.0006401793, 0.00052510784, 0.00040842526, 0.00034891584, 0.00022541417, 9.034537e-05, 1.5705495e-05, -0.00015200699, -0.00032698474
0, 0, 0, 0, 0, 0, 0, 0, 0, 0, 0, 0, 0, 0, 0, -0.0001194957, -1.6964124e-05, 0.00014062236, 0.00021987667, 0.00036913733, 0.00050696015, 0.0005730157, 0.0007026402, 0.000832964, 0.0008994843, 0.0010355636, 0.0011747351, 0.0013140995, 0.0013823974, 0.0015150274, 0.0016407351, 0.001701022, 0.001818393, 0.0019342947, 0.0020526047, 0.0021134806, 0.002239608, 0.0023708572, 0.0024376842, 0.0025709406, 0.002700794, 0.0027634262, 0.0028828816, 0.0029948791, 0.0031010474, 0.0031528077, 0.0032552686, 0.0033577415, 0.0034090113, 0.003510848, 0.0036098028, 0.0037032075, 0.0037470874, 0.0038283959, 0.0039007177, 0.003933706, 0.003994545, 0.0040503084, 0.004077098, 0.0041293213, 0.004180487, 0.0042299046, 0.0042535844, 0.0042976104, 0.0043359394, 0.004352405, 0.0043798834, 0.004400095, 0.00441378, 0.004418724, 0.0044254195, 0.004428906, 0.0044296915, 0.004429527, 0.0044272505, 0.0044223145, 0.004418604, 0.004408482, 0.0043944195, 0.0043858048, 0.004365574, 0.0043416517, 0.004328459, 0.0043000327, 0.004269072, 0.004235652, 0.004218041, 0.0041808034, 0.0041407975, 0.0041196425, 0.004074952, 0.0040271147, 0.003976627, 0.0039505824, 0.003897197, 0.0038424043, 0.0038145834, 0.0037579762, 0.0037000189, 0.0036705278, 0.0036102992, 0.0035478692, 0.003483118, 0.003449839, 0.0033815575, 0.0033113041, 0.0032755148, 0.0032026533, 0.0031282564, 0.0030524665, 0.0030140986, 0.0029364554, 0.002857815, 0.0028181812, 0.0027383082, 0.0026578747, 0.0026174362, 0.002536323, 0.002454858, 0.0023727557, 0.0023313728, 0.002247631, 0.0021623126, 0.0021188755, 0.0020304376, 0.0019400398, 0.0018478767, 0.0018012867, 0.0017075286, 0.0016133249, 0.0015661113, 0.0014714029, 0.0013761384, 0.0013281218, 0.0012308671, 0.0011316955, 0.0010303108, 0.000978668, 0.0008734304, 0.0007660314, 0.0007116223, 0.0006016902, 0.0004904452, 0.0003771493, 0.00031916998, 0.00019837003, 6.5747336e-05, -7.728813e-06, -0.00017336212, -0.00034779255
0, 0, 0, 0, 0, 0, 0, 0, 0, 0, 0, 0, 0, 0, 0, -0.00029773198, -0.00017456723, -4.0159875e-06, 7.948749e-05, 0.00023540702, 0.00037879072, 0.00044772826, 0.00058378035, 0.0007206525, 0.0007901515, 0.0009306539, 0.0010712447, 0.0012089318, 0.0012759548, 0.0014056979, 0.0015304838, 0.0015917153, 0.0017138544, 0.0018380866, 0.0019667335, 0.002032715, 0.0021672435, 0.0023026064, 0.0023693393, 0.0024986004, 0.002620337, 0.0026780867, 0.002788618, 0.0028942456, 0.0029985313, 0.0030507888, 0.0031569786, 0.0032646963, 0.0033185119, 0.003423887, 0.0035235449, 0.0036147302, 0.0036567599, 0.0037336817, 0.003802167, 0.003833914, 0.0038941177, 0.0039517, 0.00398009, 0.0040364414, 0.004091346, 0.004143411, 0.0041676145, 0.004211276, 0.00424749, 0.004262692, 0.004287473, 0.0043056104, 0.0043182247, 0.0043229135, 0.004329567, 0.00433351, 0.0043345564, 0.0043348605, 0.0043327636, 0.0043278146, 0.004324198, 0.0043145213, 0.0043014833, 0.004293664, 0.0042752684, 0.0042533604, 0.0042411685, 0.0042143455, 0.0041845823, 0.0041516717, 0.004134133, 0.004096693, 0.0040560104, 0.004034401, 0.003988939, 0.0039405324, 0.0038893854, 0.0038628627, 0.0038082611, 0.0037520006, 0.0037233026, 0.0036649613, 0.0036053823, 0.0035751935, 0.0035138347, 0.0034510978, 0.003386594, 0.003353687, 0.0032864898, 0.0032173789, 0.0031821253, 0.0031101578, 0.0030362722, 0.002960607, 0.0029222528, 0.00284455, 0.002765839, 0.0027262454, 0.0026465598, 0.0025664766, 0.0025261687, 0.0024452854, 0.0023638594, 0.0022818516, 0.0022405311, 0.0021569172, 0.0020720211, 0.0020290897, 0.001942022, 0.0018535238, 0.00176373, 0.0017182899, 0.0016267836, 0.0015344128, 0.0014879053, 0.0013942356, 0.0012997008, 0.0012520249, 0.0011558363, 0.001058554, 0.0009601308, 0.000910468, 0.0008102273, 0.0007086714, 0.00065732625, 0.0005536036, 0.00044810347, 0.000339849, 0.0002840689, 0.00016710476, 3.7900798e-05, -3.398638e-05, -0.00019704079, -0.00037058623
0, 0, 0, 0, 0, 0, 0, 0, 0, 0, 0, 0, 0, 0, 0, -0.00038457185, -0.00025711948, -8.8214576e-05, -3.990749e-06, 0.00015350927, 0.00029806857, 0.00036734727, 0.00050382613, 0.0006408874, 0.00071009056, 0.0008491019, 0.0009871372, 0.001122098, 0.001188106, 0.0013180448, 0.001446623, 0.0015111776, 0.0016422017, 0.0017768906, 0.0019150862, 0.001984903, 0.0021237317, 0.0022587003, 0.0023233865, 0.002446296, 0.002560161, 0.0026144125, 0.0027192165, 0.0028221582, 0.0029259291, 0.0029787442, 0.0030855003, 0.0031925212, 0.0032451162, 0.0033465566, 0.0034405452, 0.0035258515, 0.0035651762, 0.0036383208, 0.0037060946, 0.0037386431, 0.0038021738, 0.0038643887, 0.003895062, 0.0039548385, 0.004011221, 0.004062265, 0.004085257, 0.004125868, 0.0041593034, 0.004173563, 0.0041978955, 0.004217458, 0.004232853, 0.0042391545, 0.0042488123, 0.0042550247, 0.004256806, 0.0042575276, 0.0042545833, 0.0042481176, 0.004243578, 0.0042322557, 0.00421782, 0.0042094616, 0.0041903136, 0.0041677468, 0.00415522, 0.004127788, 0.004097215, 0.0040635276, 0.0040456625, 0.00400779, 0.003967228, 0.003945972, 0.003901622, 0.003854673, 0.0038049638, 0.003779072, 0.0037251844, 0.003668851, 0.0036397725, 0.0035804065, 0.003519486, 0.0034884722, 0.0034256435, 0.0033617686, 0.0032967026, 0.003263689, 0.0031963687, 0.0031273912, 0.0030922582, 0.0030205224, 0.0029470797, 0.0028721816, 0.0028342346, 0.002757463, 0.002679819, 0.0026406774, 0.002561773, 0.0024818198, 0.0024413825, 0.0023596152, 0.0022767747, 0.0021928633, 0.0021505454, 0.0020651708, 0.0019790647, 0.0019358355, 0.0018489887, 0.0017617188, 0.0016739134, 0.0016296917, 0.001540387, 0.0014498747, 0.0014041372, 0.0013116087, 0.0012177821, 0.0011704058, 0.0010750871, 0.0009792254, 0.0008832831, 0.0008353385, 0.00073945953, 0.0006433141, 0.0005949903, 0.00049743755, 0.0003979192, 0.00029527652, 0.00024210762, 0.00012996793, 5.289408e-06, -6.447972e-05, -0.000223858, -0.00039575965
0, 0, 0, 0, 0, 0, 0, 0, 0, 0, 0, 0, 0, 0, 0, 0, -0.00030047962, -0.00013446064, -4.845637e-05, 0.00011207718, 0.000257244, 0.0003259095, 0.0004603229, 0.00059399277, 0.0006611113, 0.0007959047, 0.0009303424, 0.0010634785, 0.0011296519, 0.0012617457, 0.0013951266, 0.001462648, 0.0015994654, 0.0017386351, 0.0018782902, 0.0019475912, 0.0020831868, 0.0022125735, 0.002274419, 0.0023919947, 0.0025030205, 0.0025568465, 0.0026628491, 0.0027683713, 0.0028739544, 0.002926738, 0.0030310454, 0.0031321335, 0.0031808754, 0.0032735537, 0.0033594004, 0.0034389358, 0.0034768062, 0.0035501798, 0.0036213114, 0.003656481, 0.003725701, 0.003792381, 0.003824238, 0.0038840654, 0.003937641, 0.0039841128, 0.0040047434, 0.0040411637, 0.004072725, 0.004087082, 0.004113349, 0.0041367915, 0.004156731, 0.004165209, 0.0041787988, 0.0041875294, 0.004190088, 0.0041913586, 0.0041878405, 0.0041801673, 0.004174871, 0.0041620056, 0.0041460847, 0.004136972, 0.004116166, 0.00409181, 0.004078229, 0.004048675, 0.0040161163, 0.00398088, 0.003962465, 0.0039241114, 0.0038841614, 0.003863529, 0.0038209583, 0.0037762164, 0.0037289313, 0.0037041737, 0.003652289, 0.0035973724, 0.0035688789, 0.003510246, 0.0034494565, 0.0034184554, 0.003355261, 0.0032908749, 0.0032252343, 0.003191789, 0.0031236552, 0.0030538235, 0.0030182572, 0.0029460802, 0.0028726996, 0.002798293, 0.0027607956, 0.0026852256, 0.002608729, 0.002570122, 0.002491887, 0.002411986, 0.0023713855, 0.0022886938, 0.002204289, 0.0021183724, 0.0020749343, 0.0019875779, 0.0018997551, 0.0018558886, 0.0017683551, 0.0016812256, 0.0015942313, 0.0015505666, 0.0014627903, 0.001373792, 0.0013288358, 0.0012378752, 0.0011454651, 0.0010988248, 0.0010047914, 0.0009104594, 0.0008163073, 0.00076946325, 0.0006761203, 0.00058320863, 0.00053675676, 0.00044310617, 0.00034791164, 0.00024974754, 0.0001988776, 9.155546e-05, -2.8262844e-05, -9.569915e-05, -0.00025084935, -0.00042074168
0, 0, 0, 0, 0, 0, 0, 0, 0, 0, 0, 0, 0, 0, 0, 0, -0.00032500608, -0.00016245471, -7.485629e-05, 9.08058e-05, 0.00023841929, 0.00030718488, 0.0004397041, 0.00056998513, 0.00063524663, 0.00076661183, 0.00089916005, 0.001032362, 0.0010993745, 0.0012341186, 0.0013697591, 0.0014378513, 0.0015736995, 0.0017080085, 0.0018396795, 0.0019040129, 0.0020295803, 0.0021505884, 0.002209507, 0.0023250799, 0.0024386556, 0.0024951184, 0.0026075577, 0.0027184985, 0.002826257, 0.0028783388, 0.002977867, 0.003070824, 0.0031148482, 0.0031989503, 0.0032789072, 0.0033569164, 0.003395528, 0.003472931, 0.0035499402, 0.0035879822, 0.0036612945, 0.0037288363, 0.0037599213, 0.0038156144, 0.0038633063, 0.0039040977, 0.0039224667, 0.0039565484, 0.003988309, 0.0040035513, 0.0040328167, 0.004059487, 0.004082455, 0.004092001, 0.0041069645, 0.0041162856, 0.00411897, 0.0041204547, 0.004117632, 0.00411099, 0.0041063786, 0.0040948913, 0.004080195, 0.0040714797, 0.0040509584, 0.0040261378, 0.0040121796, 0.0039816434, 0.0039479914, 0.003912114, 0.0038935554, 0.003855366, 0.0038159632, 0.0037957618, 0.0037541399, 0.0037104546, 0.0036641834, 0.0036399346, 0.003589331, 0.0035361832, 0.003508677, 0.0034519443, 0.0033931904, 0.0033630596, 0.00330129, 0.003237583, 0.0031718616, 0.0031382323, 0.00306923, 0.0029982235, 0.0029620905, 0.0028889717, 0.0028151365, 0.0027406951, 0.0027032355, 0.002627876, 0.002551536, 0.0025129374, 0.002434599, 0.002354469, 0.0023136958, 0.0022306514, 0.0021459467, 0.0020597465, 0.0020161944, 0.0019285256, 0.001840223, 0.0017960932, 0.0017078399, 0.0016199524, 0.0015324409, 0.0014886472, 0.0014009923, 0.0013128056, 0.0012685036, 0.0011793721, 0.0010892458, 0.0010438457, 0.00095216045, 0.0008599126, 0.00076735835, 0.00072110636, 0.0006287987, 0.0005367489, 0.00049079, 0.00039861668, 0.000305463, 0.0002100422, 0.00016088912, 5.7543042e-05, -5.795e-05, -0.00012314708, -0.00027442447, -0.0004425875
0, 0, 0, 0, 0, 0, 0, 0, 0, 0, 0, 0, 0, 0, 0, 0, -0.0003317257, -0.00019138117, -0.000102024074, 6.824759e-05, 0.0002180874, 0.00028718778, 0.00041885744, 0.0005473964, 0.00061173114, 0.00074162293, 0.0008741451, 0.0010089813, 0.0010772416, 0.0012141115, 0.0013498374, 0.0014164713, 0.0015466487, 0.0016711027, 0.001790191, 0.0018480502, 0.001961838, 0.0020749755, 0.002132096, 0.002247971, 0.0023663642, 0.0024259477, 0.0025444392, 0.002658726, 0.002765839, 0.0028160692, 0.002909419, 0.002994991, 0.0030356976, 0.0031149602, 0.003194149, 0.0032748592, 0.0033159007, 0.0033987446, 0.0034800952, 0.0035191749, 0.0035918134, 0.0036553899, 0.0036835277, 0.0037328347, 0.0037750246, 0.0038129417, 0.003831123, 0.003866751, 0.003901649, 0.003918654, 0.0039507416, 0.003978628, 0.0040009115, 0.0040097535, 0.0040226188, 0.004030202, 0.004032327, 0.0040343595, 0.004033913, 0.004031379, 0.0040291515, 0.004022572, 0.0040122205, 0.0040052985, 0.0039875726, 0.003964763, 0.0039516464, 0.003922601, 0.003890519, 0.0038565309, 0.0038388383, 0.00380246, 0.0037641344, 0.0037441172, 0.0037022121, 0.00365749, 0.0036099397, 0.003585197, 0.003534235, 0.0034816153, 0.0034548533, 0.0034002936, 0.0033439763, 0.0033150658, 0.0032554257, 0.0031929428, 0.0031274355, 0.0030936364, 0.0030239234, 0.002952061, 0.0029154688, 0.0028415916, 0.00276715, 0.0026919744, 0.0026540558, 0.00257735, 0.0024994623, 0.0024600034, 0.0023801443, 0.0022988794, 0.002257835, 0.002174908, 0.0020912117, 0.0020067743, 0.0019642692, 0.0018785452, 0.0017917227, 0.0017478906, 0.0016595755, 0.0015705934, 0.0014814569, 0.0014369652, 0.0013482278, 0.0012599523, 0.0012160033, 0.0011283973, 0.0010408361, 0.0009968111, 0.000908162, 0.00081841793, 0.00072779635, 0.00068219705, 0.0005906141, 0.0004989061, 0.00045304978, 0.0003614051, 0.0002693909, 0.0001761209, 0.00012833791, 2.8241977e-05, -8.345021e-05, -0.00014671632, -0.0002946275, -0.00046149717
0, 0, 0, 0, 0, 0, 0, 0, 0, 0, 0, 0, 0, 0, 0, 0, -0.00035628592, -0.00022108747, -0.00013880183, 2.4890369e-05, 0.00017404857, 0.00024347837, 0.00037577414, 0.0005038308, 0.0005677788, 0.0006970898, 0.0008299424, 0.00096676254, 0.0010359524, 0.0011743559, 0.0013095711, 0.0013749849, 0.0014999443, 0.0016162731, 0.0017258836, 0.0017790517, 0.0018849118, 0.0019933188, 0.0020493905, 0.0021658014, 0.002285938, 0.0023463664, 0.0024649766, 0.0025765258, 0.0026783042, 0.0027252948, 0.0028122722, 0.0028929075, 0.0029323236, 0.003011474, 0.0030938217, 0.003179349, 0.003222851, 0.003308891, 0.0033901613, 0.0034276906, 0.0034949232, 0.003551559, 0.003576248, 0.0036206294, 0.0036612628, 0.0037016626, 0.0037221385, 0.0037639325, 0.003804982, 0.003824377, 0.0038591262, 0.0038866657, 0.0039064167, 0.0039135283, 0.0039232913, 0.0039292434, 0.003931386, 0.0039356365, 0.003940126, 0.0039441823, 0.0039454503, 0.0039453, 0.003940174, 0.0039352947, 0.0039209505, 0.0039009957, 0.0038892797, 0.0038634655, 0.0038355028, 0.003805912, 0.003790436, 0.0037577816, 0.0037218684, 0.003702407, 0.0036603115, 0.0036140387, 0.003564503, 0.003538859, 0.0034866452, 0.003433898, 0.0034075044, 0.003354197, 0.0032995625, 0.0032714, 0.0032128387, 0.0031506133, 0.003084678, 0.0030504712, 0.0029798876, 0.0029073248, 0.0028705413, 0.002796332, 0.0027213497, 0.0026450776, 0.0026063523, 0.0025274244, 0.0024464813, 0.0024054272, 0.002322456, 0.0022389472, 0.0021971862, 0.002113967, 0.0020313207, 0.0019490317, 0.0019078813, 0.0018248702, 0.0017401553, 0.0016969084, 0.0016087177, 0.0015186894, 0.0014277278, 0.0013822836, 0.0012919218, 0.001202881, 0.0011589571, 0.001072089, 0.0009861749, 0.0009432264, 0.0008569057, 0.0007695339, 0.0006809426, 0.0006362812, 0.00054630724, 0.00045606727, 0.00041102397, 0.00032114692, 0.0002314104, 0.00014088386, 9.4745934e-05, -1.8494565e-06, -0.00010971387, -0.00017109481, -0.0003158108, -0.0004814628
0, 0, 0, 0, 0, 0, 0, 0, 0, 0, 0, 0, 0, 0, 0, 0, 0, -0.00026935642, -0.00020607094, -5.5482007e-05, 9.562365e-05, 0.00016700766, 0.00030207337, 0.00043063247, 0.00049404055, 0.0006220879, 0.00075414765, 0.00089067704, 0.0009599218, 0.0010985964, 0.0012331393, 0.0012979102, 0.0014207165, 0.0015341956, 0.0016404416, 0.0016921548, 0.0017953933, 0.0019019697, 0.001957191, 0.0020714034, 0.00218806, 0.0022458835, 0.0023573746, 0.002460548, 0.0025535398, 0.002596716, 0.0026782597, 0.0027570112, 0.0027966972, 0.0028786408, 0.0029650945, 0.00305424, 0.003098761, 0.0031842883, 0.003261431, 0.0032960225, 0.0033566328, 0.003407573, 0.003430582, 0.0034745613, 0.003519202, 0.0035669068, 0.0035919417, 0.0036425698, 0.00369104, 0.0037130679, 0.003750734, 0.0037784793, 0.0037969383, 0.0038033782, 0.0038129454, 0.003820899, 0.0038251546, 0.0038352679, 0.0038472163, 0.003858819, 0.0038634886, 0.0038687529, 0.003867082, 0.00386336, 0.0038506226, 0.003832445, 0.003821993, 0.00379983, 0.003776841, 0.003753131, 0.0037406527, 0.0037133328, 0.0036814888, 0.0036634426, 0.0036230222, 0.0035771676, 0.0035275018, 0.003501807, 0.003449623, 0.0033974582, 0.0033713751, 0.0033187247, 0.0032644593, 0.0032362838, 0.003176919, 0.0031133431, 0.003045672, 0.0030106038, 0.0029386797, 0.0028653168, 0.0028283298, 0.0027538273, 0.0026784856, 0.0026012291, 0.0025616353, 0.0024803542, 0.0023963042, 0.002353431, 0.0022668985, 0.0021802413, 0.0021372442, 0.0020524715, 0.0019693824, 0.0018875591, 0.0018468278, 0.0017646529, 0.0016805081, 0.0016373869, 0.0015488619, 0.0014579074, 0.0013656798, 0.0013195461, 0.0012280329, 0.0011382432, 0.0010940463, 0.0010070537, 0.00092135457, 0.0008786578, 0.0007930694, 0.0007067504, 0.00061965233, 0.0005759256, 0.00048834755, 0.0004010756, 0.00035772286, 0.00027147957, 0.00018568919, 9.915763e-05, 5.501475e-05, -3.7557224e-05, -0.00014140345, -0.00020076604, -0.00034200898, -0.0005061809
0, 0, 0, 0, 0, 0, 0, 0, 0, 0, 0, 0, 0, 0, 0, 0, 0, -0.00033530904, -0.00030274573, -0.0001650241, -5.6992294e-06, 6.986848e-05, 0.00020962323, 0.00033853238, 0.00040106886, 0.00052594725, 0.000654051, 0.0007865395, 0.00085403514, 0.000988892, 0.0011204588, 0.0011839297, 0.001304603, 0.0014170681, 0.0015227711, 0.0015742903, 0.0016770671, 0.0017815084, 0.0018351375, 0.0019440427, 0.0020528475, 0.002105969, 0.002207562, 0.0023010639, 0.0023866238, 0.002427299, 0.002506265, 0.0025854078, 0.0026261916, 0.0027109883, 0.0027997084, 0.0028893217, 0.0029329937, 0.0030152565, 0.0030877963, 0.0031200277, 0.0031773339, 0.0032281212, 0.003252492, 0.003301842, 0.0033545785, 0.0034115878, 0.0034412593, 0.0035002194, 0.0035551656, 0.0035796023, 0.0036206248, 0.0036509507, 0.003672399, 0.0036808709, 0.003696033, 0.0037115156, 0.0037202802, 0.0037396543, 0.0037602147, 0.003778668, 0.0037859573, 0.0037945437, 0.0037940932, 0.0037906612, 0.003778504, 0.0037618116, 0.0037525238, 0.0037338708, 0.003715832, 0.0036977888, 0.0036883727, 0.003666875, 0.0036401136, 0.0036243852, 0.0035878925, 0.003545636, 0.0034992853, 0.0034750963, 0.003425804, 0.003375713, 0.0033503664, 0.0032984167, 0.003243793, 0.0032150485, 0.0031539889, 0.0030880345, 0.0030179888, 0.0029818118, 0.0029081265, 0.0028335527, 0.002796152, 0.0027209315, 0.0026447028, 0.0025664782, 0.0025262667, 0.0024432684, 0.0023571113, 0.0023130528, 0.0022238537, 0.0021344542, 0.0020901568, 0.0020027803, 0.0019173304, 0.0018332842, 0.0017913408, 0.0017069841, 0.0016208828, 0.0015769987, 0.0014872757, 0.0013956762, 0.0013032422, 0.0012571164, 0.0011656968, 0.0010758325, 0.0010315375, 0.0009439615, 0.00085743435, 0.00081423926, 0.0007277158, 0.0006409524, 0.00055427756, 0.00051115046, 0.00042570574, 0.00034171788, 0.00030025837, 0.00021829785, 0.00013681826, 5.4453332e-05, 1.2231549e-05, -7.6630226e-05, -0.00017668265, -0.00023417373, -0.00037193525, -0.0005344168
0, 0, 0, 0, 0, 0, 0, 0, 0, 0, 0, 0, 0, 0, 0, 0, 0, 0, -0.00041831913, -0.00028053235, -0.00010640684, -2.6013995e-05, 0.00011773272, 0.00024527757, 0.00030577014, 0.0004249837, 0.0005453073, 0.0006689496, 0.00073159044, 0.00085685466, 0.0009795576, 0.0010391123, 0.0011532233, 0.0012606704, 0.0013628687, 0.0014126429, 0.0015115292, 0.0016108014, 0.001661126, 0.0017622855, 0.0018625675, 0.0019116243, 0.0020059259, 0.002094642, 0.002178331, 0.0022190353, 0.0022996124, 0.0023813972, 0.0024232331, 0.0025092652, 0.0025972428, 0.0026844144, 0.0027265253, 0.002805595, 0.002876571, 0.0029090438, 0.0029694058, 0.0030264833, 0.0030549273, 0.0031133806, 0.003174975, 0.0032396063, 0.0032723052, 0.0033361183, 0.003394624, 0.003420953, 0.0034662846, 0.0035026402, 0.003532352, 0.0035458717, 0.0035721879, 0.0035996544, 0.003614043, 0.0036436138, 0.0036718878, 0.0036953946, 0.003704401, 0.0037153687, 0.0037169147, 0.0037146022, 0.003705136, 0.0036921757, 0.0036851224, 0.0036712103, 0.0036579128, 0.0036447195, 0.003637551, 0.0036206765, 0.0035986756, 0.0035853912, 0.0035542375, 0.003517625, 0.0034769773, 0.0034555488, 0.00341097, 0.0033643518, 0.0033400701, 0.0032893047, 0.0032345026, 0.003205321, 0.003142835, 0.0030753314, 0.00300359, 0.0029667434, 0.0028916567, 0.002815643, 0.002777455, 0.0027005682, 0.0026225708, 0.0025426655, 0.0025017166, 0.0024176277, 0.0023306017, 0.0022861639, 0.0021960733, 0.0021054738, 0.0020603053, 0.0019705566, 0.0018818079, 0.0017937165, 0.0017495829, 0.001660812, 0.0015710772, 0.0015257668, 0.0014344747, 0.0013427414, 0.0012513163, 0.0012058968, 0.001115879, 0.0010270387, 0.000983003, 0.00089524675, 0.00080760126, 0.00076366944, 0.00067578716, 0.0005880181, 0.0005011211, 0.00045830393, 0.00037426507, 0.0002925593, 0.00025248647, 0.00017353508, 9.510729e-05, 1.555973e-05, -2.533014e-05, -0.00011157365, -0.00020895159, -0.00026494532, -0.000399736, -0.0005607974
0, 0, 0, 0, 0, 0, 0, 0, 0, 0, 0, 0, 0, 0, 0, 0, 0, 0, -0.0005469493, -0.000381616, -0.00019325907, -0.000110035835, 3.4178385e-05, 0.00015775773, 0.00021507678, 0.0003251865, 0.0004336555, 0.0005428969, 0.00059794966, 0.0007078644, 0.00081582664, 0.0008684718, 0.0009700806, 0.0010667008, 0.0011595234, 0.0012048159, 0.0012946724, 0.0013850654, 0.001430938, 0.001523942, 0.0016179688, 0.0016647802, 0.0017573913, 0.001847794, 0.0019354969, 0.001978731, 0.0020637685, 0.002148614, 0.0021910951, 0.0022764315, 0.0023620867, 0.0024462685, 0.0024872436, 0.0025664032, 0.0026412853, 0.002677057, 0.0027466447, 0.0028144359, 0.002848162, 0.0029159414, 0.0029842588, 0.0030523613, 0.0030859038, 0.003150741, 0.0032108324, 0.0032386456, 0.003289505, 0.0033351888, 0.0033772031, 0.0033974943, 0.0034375547, 0.0034772747, 0.0034967207, 0.0035341484, 0.0035676647, 0.0035948923, 0.0036056521, 0.0036209705, 0.0036283587, 0.0036295976, 0.0036284954, 0.0036240995, 0.0036210928, 0.0036140506, 0.0036059986, 0.0035963368, 0.0035905945, 0.0035762931, 0.0035574585, 0.003546118, 0.0035196375, 0.0034886023, 0.0034536754, 0.0034349004, 0.0033947495, 0.0033510332, 0.0033277203, 0.00327793, 0.003223456, 0.0031943112, 0.0031319438, 0.003064653, 0.002993406, 0.0029566188, 0.002881391, 0.0028042435, 0.0027651296, 0.002685731, 0.0026047665, 0.0025220138, 0.0024799383, 0.0023944338, 0.0023070558, 0.002262735, 0.0021732158, 0.0020829134, 0.002037512, 0.0019465475, 0.0018550203, 0.001762939, 0.0017166785, 0.0016236141, 0.0015303144, 0.0014838203, 0.0013913347, 0.0012999721, 0.0012100362, 0.0011655728, 0.0010774232, 0.0009900205, 0.00094643905, 0.0008590154, 0.00077119493, 0.0007271013, 0.00063882465, 0.0005510957, 0.00046470106, 0.0004222886, 0.00033934947, 0.0002588684, 0.00021946008, 0.00014175638, 6.44766e-05, -1.39332415e-05, -5.4082127e-05, -0.0001386235, -0.00023389333, -0.00028868526, -0.0004211202, -0.00058111286
0, 0, 0, 0, 0, 0, 0, 0, 0, 0, 0, 0, 0, 0, 0, 0, 0, 0, -0.00067555514, -0.00047433338, -0.0002781476, -0.00019419518, -5.1683823e-05, 6.5529384e-05, 0.000117859025, 0.00021518672, 0.00030774725, 0.0003993432, 0.00044530988, 0.0005370853, 0.00062796025, 0.00067269057, 0.00075971737, 0.0008434405, 0.00092421, 0.000963796, 0.001042829, 0.0011233587, 0.0011648824, 0.0012510034, 0.0013412079, 0.0013877748, 0.0014822786, 0.0015770931, 0.0016705721, 0.0017162585, 0.0018054291, 0.0018919392, 0.0019341791, 0.0020177644, 0.0021008418, 0.00218407, 0.0022258128, 0.00230936, 0.0023926517, 0.002434086, 0.0025157107, 0.0025953983, 0.002634228, 0.0027096164, 0.0027817506, 0.0028507935, 0.0028841759, 0.0029487582, 0.0030108455, 0.003040966, 0.0030995968, 0.0031565388, 0.0032117993, 0.0032387613, 0.003290524, 0.0033388797, 0.0033613504, 0.003402922, 0.0034392409, 0.0034702409, 0.003483642, 0.0035067403, 0.0035252322, 0.003532893, 0.0035451865, 0.0035534194, 0.0035559896, 0.0035577775, 0.0035551994, 0.0035482803, 0.0035432535, 0.0035301396, 0.0035129047, 0.003502802, 0.0034796013, 0.0034525192, 0.0034213425, 0.0034041328, 0.003366189, 0.003323496, 0.0033002486, 0.003250332, 0.0031960318, 0.0031672292, 0.0031063298, 0.003041354, 0.0029725553, 0.002936816, 0.002862805, 0.0027853898, 0.0027454067, 0.002663297, 0.002578779, 0.0024925508, 0.0024489956, 0.0023614527, 0.0022735004, 0.0022293697, 0.002140729, 0.0020512263, 0.0020060418, 0.0019145973, 0.0018214943, 0.0017268508, 0.0016792321, 0.0015836946, 0.001488684, 0.0014416421, 0.0013488875, 0.0012579852, 0.0011689045, 0.0011249335, 0.0010376358, 0.0009508095, 0.00090746576, 0.0008206302, 0.0007336316, 0.00069017947, 0.0006035769, 0.00051793683, 0.00043382516, 0.00039245756, 0.00031123467, 0.00023173624, 0.00019256024, 0.000115032766, 3.795392e-05, -3.97198e-05, -7.928758e-05, -0.0001617599, -0.0002541743, -0.00030736555, -0.0004368875, -0.0005954666
0, 0, 0, 0, 0, 0, 0, 0, 0, 0, 0, 0, 0, 0, 0, 0, 0, 0, 0, -0.0005573952, -0.00037841537, -0.00029512556, -0.00015600958, -4.8431088e-05, -3.0598246e-06, 7.8148274e-05, 0.00015296046, 0.00022654477, 0.00026378228, 0.00033949615, 0.00041656822, 0.0004549095, 0.0005310383, 0.00060467125, 0.00067620224, 0.00071131194, 0.00078208384, 0.00085510034, 0.00089340686, 0.0009748414, 0.0010629212, 0.0011092138, 0.0012046112, 0.0013016851, 0.0013973963, 0.0014438657, 0.0015337281, 0.0016193755, 0.0016610716, 0.0017430388, 0.001825573, 0.0019105154, 0.0019544526, 0.002044934, 0.0021382244, 0.002185102, 0.002277931, 0.0023672862, 0.0024101122, 0.0024911833, 0.0025665779, 0.0026375637, 0.0026719812, 0.0027397496, 0.0028075138, 0.002841678, 0.0029104918, 0.0029790488, 0.003045577, 0.0030773534, 0.0031364367, 0.0031888213, 0.003212476, 0.0032551894, 0.0032934868, 0.0033289525, 0.0033461472, 0.0033794418, 0.0034112337, 0.003426136, 0.003452826, 0.0034739454, 0.0034818584, 0.0034917907, 0.003494111, 0.0034896901, 0.0034853981, 0.0034734719, 0.0034580473, 0.0034490342, 0.0034286438, 0.0034043004, 0.0033751524, 0.0033583778, 0.0033203638, 0.00327638, 0.0032523982, 0.0032011673, 0.0031463506, 0.0031178356, 0.0030587558, 0.0029968955, 0.002931513, 0.0028972814, 0.0028253356, 0.002748242, 0.0027078863, 0.0026238756, 0.0025366875, 0.0024477446, 0.002403065, 0.0023138085, 0.0022251878, 0.0021811004, 0.0020927694, 0.0020035892, 0.0019583944, 0.0018664773, 0.0017724911, 0.0016770302, 0.0016290481, 0.0015332784, 0.0014385597, 0.0013917873, 0.0012995912, 0.0012089453, 0.0011195678, 0.0010751811, 0.0009868762, 0.0008990001, 0.00085532904, 0.00076855783, 0.0006829383, 0.0006406786, 0.0005573921, 0.0004757177, 0.0003955726, 0.00035594642, 0.00027727077, 0.00019910431, 0.00016022792, 8.292725e-05, 6.3248913e-06, -6.9910304e-05, -0.00010823103, -0.00018716845, -0.0002749475, -0.00032568706, -0.000450829, -0.00060704857
0, 0, 0, 0, 0, 0, 0, 0, 0, 0, 0, 0, 0, 0, 0, 0, 0, 0, 0, -0.00065871404, -0.00050786015, -0.0004231521, -0.0002859099, -0.00019031914, -0.00015275402, -8.9029665e-05, -3.1070107e-05, 2.7570604e-05, 5.8309066e-05, 0.00012292134, 0.0001912698, 0.00022625926, 0.00029656748, 0.00036549548, 0.00043271104, 0.00046587645, 0.0005324292, 0.0006020275, 0.00063856144, 0.00071681046, 0.000801914, 0.00084677356, 0.00093972386, 0.0010343308, 0.0011276787, 0.0011730985, 0.0012611087, 0.001345655, 0.001387067, 0.001469759, 0.0015545856, 0.0016436932, 0.0016902782, 0.0017872029, 0.0018876244, 0.0019380281, 0.002037479, 0.0021326821, 0.0021780129, 0.0022638289, 0.0023442754, 0.0024210154, 0.002458838, 0.0025350526, 0.0026128916, 0.0026526225, 0.0027326252, 0.0028114356, 0.0028859281, 0.002920592, 0.0029834458, 0.0030375402, 0.0030616964, 0.003105872, 0.0031472163, 0.0031883155, 0.0032092778, 0.0032519158, 0.0032942826, 0.003314543, 0.0033511475, 0.0033802167, 0.0033913092, 0.0034061326, 0.0034116511, 0.0034096208, 0.003406512, 0.003397441, 0.003385475, 0.0033783878, 0.00336181, 0.003340504, 0.0033128932, 0.0032963753, 0.0032575598, 0.0032118284, 0.0031868976, 0.0031339442, 0.0030784335, 0.0030501618, 0.0029925653, 0.0029331616, 0.0028705534, 0.0028376016, 0.002767554, 0.002691381, 0.0026510148, 0.0025667474, 0.0024790377, 0.0023898487, 0.0023451352, 0.0022560633, 0.0021676589, 0.0021236516, 0.0020352213, 0.001945549, 0.0018999598, 0.0018070575, 0.0017124431, 0.0016170393, 0.0015694038, 0.0014748944, 0.0013818895, 0.001335944, 0.0012450196, 0.0011547357, 0.001064507, 0.0010193184, 0.0009289335, 0.0008389537, 0.00079446024, 0.00070721615, 0.000622924, 0.00058194745, 0.0005022552, 0.00042494838, 0.00034900996, 0.00031122036, 0.0002352635, 0.00015875186, 0.00012039447, 4.393888e-05, -3.136167e-05, -0.00010505749, -0.00014151949, -0.00021569592, -0.00029760753, -0.00034532932, -0.00046510526, -0.00061827456
0, 0, 0, 0, 0, 0, 0, 0, 0, 0, 0, 0, 0, 0, 0, 0, 0, 0, 0, -0.000877191, -0.00067175186, -0.0005752319, -0.00043319835, -0.00034743108, -0.00031683757, -0.0002678648, -0.0002231738, -0.00017537766, -0.00014923884, -9.182052e-05, -2.913376e-05, 3.7200614e-06, 7.057128e-05, 0.00013719985, 0.00020278679, 0.00023542016, 0.0003011396, 0.00036970197, 0.00040546557, 0.00048097654, 0.0005618672, 0.00060446485, 0.00069220917, 0.00078162213, 0.0008709622, 0.0009150772, 0.0010021396, 0.0010881907, 0.001131242, 0.0012184763, 0.0013087031, 0.0014031127, 0.0014520098, 0.0015526819, 0.0016555644, 0.0017069365, 0.0018081139, 0.0019054158, 0.0019522186, 0.002042647, 0.0021297801, 0.0022151805, 0.0022579639, 0.002344855, 0.0024334504, 0.0024782622, 0.0025672005, 0.0026527515, 0.0027317638, 0.0027681454, 0.0028337485, 0.0028907757, 0.002916669, 0.0029651711, 0.0030119694, 0.0030591574, 0.0030832032, 0.003131729, 0.0031788694, 0.0032009224, 0.0032399383, 0.003270322, 0.0032817593, 0.0032971364, 0.0033039132, 0.0033042738, 0.0033029201, 0.0032981508, 0.0032913538, 0.0032869568, 0.0032751046, 0.0032574479, 0.0032320272, 0.0032160692, 0.0031776351, 0.003131662, 0.003106577, 0.0030533953, 0.002998186, 0.002970241, 0.0029136639, 0.002855666, 0.0027945363, 0.0027622557, 0.002693307, 0.002618144, 0.002578491, 0.0024957643, 0.0024101143, 0.0023233944, 0.0022800372, 0.002193501, 0.0021070389, 0.002063604, 0.0019756122, 0.0018854626, 0.0018394872, 0.0017457847, 0.001650725, 0.0015557834, 0.001508776, 0.0014160933, 0.00132541, 0.001280569, 0.0011915739, 0.0011024504, 0.0010123941, 0.000966885, 0.0008754568, 0.00078441517, 0.00073953666, 0.00065208774, 0.0005688141, 0.00052888336, 0.00045189145, 0.00037766446, 0.00030467517, 0.00026812783, 0.00019428902, 0.00011930308, 8.15826e-05, 6.5389554e-06, -6.683012e-05, -0.00013766068, -0.00017232289, -0.00024210908, -0.0003189359, -0.00036410376, -0.0004792606, -0.00062984537
0, 0, 0, 0, 0, 0, 0, 0, 0, 0, 0, 0, 0, 0, 0, 0, 0, 0, 0, 0, -0.00094690575, -0.00086484855, -0.0007131583, -0.0006227005, -0.0005944646, -0.0005557348, -0.0005256478, -0.00049404893, -0.00047657336, -0.00043674195, -0.00039162903, -0.00036738685, -0.00031567062, -0.0002602952, -0.00020092414, -0.00016951258, -0.00010386309, -3.4572e-05, 1.3587445e-06, 7.487229e-05, 0.0001511827, 0.00019046775, 0.0002715561, 0.00035631243, 0.00044497126, 0.0004908207, 0.00058556703, 0.0006840226, 0.0007342386, 0.00083584955, 0.00093816407, 0.0010402843, 0.0010911805, 0.0011922674, 0.0012924155, 0.0013421905, 0.0014415702, 0.001540504, 0.0015898349, 0.0016885097, 0.0017865966, 0.0018837117, 0.0019318573, 0.002026724, 0.0021194639, 0.0021648705, 0.0022529066, 0.002336588, 0.0024155716, 0.0024533423, 0.002525685, 0.0025942286, 0.002627054, 0.0026902382, 0.0027500507, 0.002806252, 0.0028327685, 0.0028823202, 0.0029256465, 0.002944672, 0.0029768418, 0.0030011241, 0.003010436, 0.00302459, 0.0030339833, 0.003039844, 0.0030418101, 0.0030437647, 0.003042757, 0.0030407715, 0.0030327905, 0.0030180782, 0.0029956389, 0.0029815538, 0.0029479107, 0.0029081616, 0.0028864893, 0.0028402975, 0.0027910664, 0.0027655712, 0.00271276, 0.0026568025, 0.002597165, 0.002565522, 0.0024987075, 0.0024272986, 0.0023902294, 0.002314089, 0.0022366487, 0.002158669, 0.0021197076, 0.0020414633, 0.001962234, 0.0019219434, 0.0018392773, 0.0017536437, 0.0017096837, 0.0016198638, 0.0015287093, 0.001437715, 0.001392733, 0.0013043215, 0.0012181422, 0.0011758002, 0.0010921169, 0.0010090618, 0.00092563615, 0.00088362565, 0.00079914345, 0.0007145867, 0.0006726776, 0.0005903898, 0.0005108191, 0.00047215493, 0.0003970364, 0.00032409857, 0.00025243664, 0.00021670421, 0.00014527187, 7.363493e-05, 3.782019e-05, -3.3153017e-05, -0.000102522565, -0.00016990573, -0.00020316278, -0.00027062595, -0.00034562813, -0.0003899209, -0.00050332793, -0.0006532524
0, 0, 0, 0, 0, 0, 0, 0, 0, 0, 0, 0, 0, 0, 0, 0, 0, 0, 0, 0, 0, -0.001004132, -0.00085490115, -0.00073321466, -0.00069624983, -0.0006510369, -0.0006228746, -0.00059813424, -0.0005852361, -0.0005561861, -0.00052281877, -0.00050417666, -0.00046250527, -0.0004138392, -0.00035767266, -0.00032691847, -0.00026062998, -0.00018940947, -0.00015270834, -7.737422e-05, 2.0650435e-07, 3.9970855e-05, 0.00012210672, 0.00020862896, 0.00030029452, 0.00034799814, 0.00044752198, 0.00055033795, 0.0006024239, 0.00070678117, 0.0008100418, 0.00091112586, 0.0009611271, 0.0010602542, 0.0011588755, 0.0012085027, 0.0013084054, 0.0014093006, 0.0014598821, 0.0015608129, 0.0016598349, 0.0017556215, 0.0018020712, 0.001891684, 0.0019772614, 0.0020188238, 0.0020994528, 0.0021780015, 0.0022547373, 0.0022925788, 0.0023670243, 0.0024390991, 0.0024739315, 0.0025403097, 0.0026014845, 0.002656915, 0.002682347, 0.0027285547, 0.0027684483, 0.0027860822, 0.0028166398, 0.0028415825, 0.0028520215, 0.002869301, 0.0028820173, 0.00289033, 0.0028928302, 0.0028942702, 0.0028908073, 0.0028872623, 0.002876037, 0.002859147, 0.0028365282, 0.0028231344, 0.0027925875, 0.0027573307, 0.002738237, 0.0026971193, 0.0026525687, 0.0026290556, 0.002579478, 0.002526262, 0.0024691385, 0.0024389974, 0.0023755187, 0.0023081119, 0.0022731926, 0.0022014282, 0.0021280209, 0.0020536603, 0.0020163157, 0.0019413336, 0.0018656632, 0.001827407, 0.0017494935, 0.001669383, 0.0016284126, 0.001544673, 0.0014592297, 0.0013730902, 0.0013301208, 0.0012448744, 0.0011613255, 0.0011202574, 0.00103945, 0.0009601736, 0.0008818095, 0.00084274344, 0.0007646093, 0.0006865099, 0.00064748985, 0.0005699506, 0.0004933193, 0.00045544902, 0.0003809042, 0.00030788308, 0.00023656522, 0.0002013609, 0.00013172817, 6.27279e-05, 2.8458446e-05, -3.962002e-05, -0.00010691403, -0.0001735403, -0.0002069295, -0.00027578644, -0.00035294122, -0.00039832358, -0.0005135053, -0.0006647166
0, 0, 0, 0, 0, 0, 0, 0, 0, 0, 0, 0, 0, 0, 0, 0, 0, 0, 0, 0, 0, -0.0013253255, -0.0010235277, -0.0008367263, -0.00078582985, -0.0007301124, -0.00070193654, -0.0006812229, -0.0006713118, -0.0006492492, -0.0006229934, -0.000607529, -0.0005706978, -0.00052451575, -0.0004684115, -0.00043715845, -0.00036902502, -0.00029601378, -0.0002583748, -0.0001815477, -0.00010266215, -6.2315594e-05, 2.1224887e-05, 0.00010918555, 0.00020268344, 0.00025130992, 0.00035170422, 0.00045444412, 0.0005058324, 0.00060756627, 0.00070694776, 0.0008040567, 0.0008522312, 0.00094855006, 0.0010460957, 0.0010955328, 0.001196299, 0.0012984194, 0.0013493801, 0.0014496918, 0.0015461084, 0.0016368595, 0.0016798844, 0.0017618709, 0.0018394522, 0.0018772471, 0.0019519842, 0.002026733, 0.0021019639, 0.0021396722, 0.002213917, 0.002285314, 0.0023192132, 0.002382489, 0.0024390186, 0.0024888858, 0.0025114752, 0.0025526509, 0.0025895482, 0.0026065498, 0.0026382164, 0.0026664888, 0.0026790928, 0.002700784, 0.0027165033, 0.002725397, 0.0027273176, 0.0027259567, 0.002718388, 0.002712638, 0.002697825, 0.0026792819, 0.0026573671, 0.0026451282, 0.0026179997, 0.0025871887, 0.0025702692, 0.0025335453, 0.002493111, 0.002471506, 0.0024256802, 0.002376607, 0.0023243781, 0.002297026, 0.0022396639, 0.0021787048, 0.0021467707, 0.0020806512, 0.0020115816, 0.0019405694, 0.0019046107, 0.0018322997, 0.0017598559, 0.0017236429, 0.001650962, 0.0015776571, 0.0015405174, 0.0014647399, 0.0013868709, 0.0013072526, 0.0012669446, 0.0011860518, 0.001105656, 0.0010659858, 0.0009880654, 0.00091221236, 0.0008383387, 0.0008018367, 0.0007292877, 0.0006568641, 0.00062045146, 0.0005471531, 0.00047334516, 0.00043644468, 0.00036298888, 0.00029081196, 0.00022053925, 0.00018619174, 0.00011876363, 5.263834e-05, 1.993493e-05, -4.526685e-05, -0.0001105856, -0.00017647448, -0.00021009566, -0.0002802635, -0.000359316, -0.00040559506, -0.0005223128, -0.0006743596
0, 0, 0, 0, 0, 0, 0, 0, 0, 0, 0, 0, 0, 0, 0, 0, 0, 0, 0, 0, 0, 0, -0.0011279387, -0.0009271748, -0.00086913834, -0.0008047584, -0.00077380385, -0.00075308623, -0.0007432698, -0.00072213315, -0.00069574243, -0.00067949353, -0.0006404409, -0.0005908735, -0.0005315055, -0.00049878104, -0.00042898953, -0.00035549473, -0.00031813065, -0.00024216503, -0.00016440534, -0.00012453258, -4.192386e-05, 4.5458826e-05, 0.00013788985, 0.00018574118, 0.00028365979, 0.00038243126, 0.00043125547, 0.0005271636, 0.0006203596, 0.0007121923, 0.0007581103, 0.0008510195, 0.0009466642, 0.0009956025, 0.001095352, 0.0011956646, 0.0012453302, 0.0013417855, 0.00143249, 0.0015162621, 0.00155584, 0.001631097, 0.0017032685, 0.0017389776, 0.001810991, 0.0018843998, 0.001958638, 0.0019954953, 0.0020670672, 0.002133327, 0.0021638414, 0.0022189657, 0.00226657, 0.0023077645, 0.0023266594, 0.0023622622, 0.002396341, 0.0024132107, 0.0024462738, 0.0024772447, 0.0024912364, 0.0025148273, 0.0025307268, 0.0025380496, 0.0025386605, 0.0025343397, 0.0025243317, 0.0025177496, 0.0025027422, 0.00248611, 0.002467812, 0.002457831, 0.002435482, 0.0024090572, 0.0023941032, 0.0023607793, 0.002323372, 0.0023034494, 0.002261587, 0.0022178132, 0.0021723574, 0.0021489754, 0.0021002623, 0.002048199, 0.0020206042, 0.001962032, 0.0018990376, 0.0018327311, 0.0017986927, 0.001730051, 0.0016616374, 0.0016278357, 0.0015609259, 0.0014946741, 0.0014614959, 0.0013940043, 0.00132432, 0.0012518746, 0.0012147259, 0.001139134, 0.0010628203, 0.001024942, 0.0009503388, 0.0008778058, 0.00080737035, 0.0007727545, 0.00070392253, 0.00063498406, 0.00060026214, 0.00052981917, 0.00045828032, 0.00042229303, 0.00035050354, 0.00027983528, 0.00021106553, 0.00017750236, 0.00011178759, 4.7334084e-05, 1.5337058e-05, -4.8596186e-05, -0.00011307102, -0.00017883282, -0.00021255466, -0.00028333114, -0.00036312258, -0.0004097735, -0.00052692194, -0.0006790356
0, 0, 0, 0, 0, 0, 0, 0, 0, 0, 0, 0, 0, 0, 0, 0, 0, 0, 0, 0, 0, 0, -0.00119819, -0.0010314288, -0.00096098625, -0.0008770523, -0.00083717075, -0.0008120652, -0.0008007502, -0.0007759262, -0.00074450206, -0.0007253706, -0.0006801033, -0.00062497327, -0.00056185835, -0.00052809593, -0.00045832238, -0.00038695434, -0.00035116266, -0.00027882677, -0.00020468753, -0.00016637058, -8.6722146e-05, -2.0361247e-06, 8.7541826e-05, 0.00013374694, 0.00022764866, 0.00032122125, 0.00036727637, 0.0004572743, 0.00054489134, 0.0006317119, 0.0006754352, 0.00076429074, 0.0008561809, 0.00090303016, 0.000998099, 0.0010927569, 0.0011392186, 0.0012284537, 0.0013115918, 0.0013885364, 0.0014250128, 0.001495535, 0.0015646885, 0.0015994224, 0.0016700628, 0.0017420383, 0.0018137948, 0.0018485917, 0.001914498, 0.0019728227, 0.0019988723, 0.002044411, 0.0020827253, 0.00211614, 0.002131937, 0.0021628311, 0.0021944107, 0.0022105512, 0.002242971, 0.0022731712, 0.00228643, 0.0023076418, 0.0023204824, 0.002325016, 0.002324565, 0.0023195962, 0.0023110888, 0.0023062178, 0.0022961085, 0.0022857632, 0.0022744513, 0.0022678757, 0.0022516623, 0.0022301087, 0.0022171286, 0.002187121, 0.0021528176, 0.0021346004, 0.0020972437, 0.002059628, 0.0020222259, 0.0020034376, 0.0019646934, 0.001923076, 0.0019005524, 0.0018515338, 0.0017971342, 0.0017382855, 0.0017077214, 0.0016455225, 0.0015833509, 0.0015527693, 0.0014927093, 0.0014337047, 0.0014042233, 0.0013444043, 0.0012821399, 0.0012167655, 0.0011828818, 0.0011134362, 0.0010426146, 0.0010072178, 0.0009370257, 0.0008683935, 0.0008011741, 0.0007679044, 0.0007013433, 0.00063424127, 0.00060029136, 0.0005314533, 0.00046168937, 0.00042672557, 0.00035692067, 0.00028806814, 0.00022056895, 0.00018731653, 0.00012156481, 5.6314035e-05, 2.374875e-05, -4.1763913e-05, -0.000107706495, -0.00017479186, -0.00020892097, -0.0002801245, -0.00035996444, -0.0004065367, -0.00052347314, -0.0006753496
0, 0, 0, 0, 0, 0, 0, 0, 0, 0, 0, 0, 0, 0, 0, 0, 0, 0, 0, 0, 0, 0, -0.0015176277, -0.001169211, -0.0010603343, -0.0009378926, -0.0008827562, -0.0008518075, -0.0008387527, -0.00081031764, -0.00077491277, -0.00075369724, -0.00070414273, -0.00064614095, -0.00058221363, -0.0005490765, -0.000481863, -0.0004145583, -0.0003809761, -0.0003131213, -0.00024314267, -0.00020677164, -0.00013029546, -4.858421e-05, 3.812743e-05, 8.272629e-05, 0.00017285816, 0.00026223488, 0.00030613682, 0.0003918126, 0.00047548395, 0.00055778195, 0.00059898145, 0.00068235776, 0.0007674726, 0.00081047445, 0.0008969602, 0.0009824178, 0.0010241668, 0.0011041753, 0.001179138, 0.0012494317, 0.0012834128, 0.0013498832, 0.0014158955, 0.0014491596, 0.00151621, 0.0015834367, 0.0016488209, 0.0016800289, 0.0017376826, 0.0017877828, 0.0018097087, 0.001848197, 0.001880878, 0.0019102086, 0.001924395, 0.0019530641, 0.0019824328, 0.001997349, 0.0020264839, 0.0020522058, 0.0020630774, 0.0020794333, 0.002088415, 0.0020913566, 0.002091127, 0.0020888215, 0.002085819, 0.0020844212, 0.0020823614, 0.0020806463, 0.002077378, 0.0020745087, 0.0020647282, 0.0020486652, 0.002038145, 0.0020128614, 0.0019834908, 0.0019680168, 0.0019369195, 0.0019068026, 0.0018780109, 0.0018638864, 0.0018349577, 0.0018034467, 0.0017860555, 0.0017473267, 0.0017032041, 0.0016545798, 0.0016290469, 0.0015766099, 0.0015238803, 0.001497651, 0.001445829, 0.0013942852, 0.0013682769, 0.0013150001, 0.001259191, 0.0012002924, 0.0011697563, 0.0011071056, 0.0010431336, 0.001010973, 0.00094676245, 0.00088309613, 0.00081953115, 0.00078756374, 0.00072298147, 0.0006570947, 0.0006236318, 0.00055607874, 0.0004880908, 0.00045410788, 0.00038651717, 0.00031944056, 0.00025261758, 0.00021914195, 0.00015171064, 8.351013e-05, 4.9085957e-05, -2.0349622e-05, -9.003468e-05, -0.00015973132, -0.00019487312, -0.00026714016, -0.00034739118, -0.00039408018, -0.0005112662, -0.00066321046
0, 0, 0, 0, 0, 0, 0, 0, 0, 0, 0, 0, 0, 0, 0, 0, 0, 0, 0, 0, 0, 0, 0, -0.0012432596, -0.0011342829, -0.0009806738, -0.000907935, -0.0008721886, -0.00085840496, -0.00082985585, -0.0007943678, -0.00077325164, -0.000724721, -0.0006690252, -0.0006083445, -0.0005772095, -0.0005140153, -0.00045070742, -0.00041898785, -0.00035432435, -0.00028736563, -0.00025234232, -0.0001788284, -0.00010006344, -1.6887165e-05, 2.589014e-05, 0.00011226973, 0.00019798585, 0.00024005235, 0.0003223134, 0.00040194823, 0.00047935284, 0.0005175054, 0.00059325946, 0.00066873117, 0.0007063926, 0.0007817613, 0.00085624564, 0.0008927091, 0.00096340396, 0.0010306606, 0.0010948805, 0.0011261601, 0.0011874322, 0.0012476197, 0.0012775256, 0.0013365938, 0.0013944595, 0.0014498163, 0.0014761856, 0.001524939, 0.0015682445, 0.001587792, 0.0016232511, 0.0016551714, 0.0016847183, 0.0016990955, 0.0017275023, 0.0017552881, 0.001768758, 0.001793779, 0.0018146904, 0.0018233055, 0.0018363302, 0.0018443519, 0.0018489755, 0.0018507093, 0.0018539189, 0.001857794, 0.0018601851, 0.0018657356, 0.0018708823, 0.0018739761, 0.0018739486, 0.0018697309, 0.0018596011, 0.0018523583, 0.0018343712, 0.0018133773, 0.001802274, 0.0017802872, 0.0017593926, 0.0017396134, 0.0017298108, 0.001709368, 0.0016862699, 0.001673334, 0.0016439769, 0.0016103671, 0.0015731734, 0.0015535955, 0.0015131402, 0.001471736, 0.0014508136, 0.0014083544, 0.0013645693, 0.0013418968, 0.0012945608, 0.0012443141, 0.0011914384, 0.0011641581, 0.001108585, 0.0010519731, 0.0010234402, 0.0009661098, 0.00090797903, 0.0008485084, 0.0008180854, 0.00075566396, 0.00069125695, 0.0006585305, 0.0005925103, 0.00052637974, 0.00049343647, 0.00042779255, 0.00036207717, 0.00029536537, 0.0002614027, 0.00019191997, 0.00012024245, 8.374828e-05, 1.0065184e-05, -6.3718144e-05, -0.00013670856, -0.00017311337, -0.00024736594, -0.00032906575, -0.00037644675, -0.00049509, -0.0006479545
0, 0, 0, 0, 0, 0, 0, 0, 0, 0, 0, 0, 0, 0, 0, 0, 0, 0, 0, 0, 0, 0, 0, -0.0014421478, -0.0012505673, -0.0010194539, -0.0009240611, -0.00088321464, -0.00086934963, -0.00084212306, -0.00080956373, -0.0007907402, -0.0007470837, -0.00069699046, -0.00064169907, -0.00061288907, -0.0005532834, -0.0004923021, -0.00046136213, -0.0003982751, -0.00033304704, -0.00029951162, -0.00022990053, -0.00015647395, -7.9546655e-05, -4.0070627e-05, 3.9977655e-05, 0.00011987533, 0.0001591283, 0.00023605782, 0.0003100053, 0.00038057708, 0.00041467015, 0.00048092543, 0.00054552424, 0.00057757285, 0.00064171385, 0.0007057493, 0.0007375396, 0.0008003288, 0.00086139253, 0.00092006865, 0.00094835926, 0.0010029526, 0.0010546469, 0.00107952, 0.0011273932, 0.0011734678, 0.001217756, 0.0012392157, 0.0012804739, 0.0013196267, 0.0013383217, 0.001374101, 0.0014077844, 0.0014395771, 0.0014547589, 0.0014836335, 0.0015104004, 0.0015228037, 0.0015452858, 0.0015646544, 0.0015730237, 0.0015875873, 0.0015996662, 0.0016102949, 0.0016153639, 0.0016254635, 0.0016355963, 0.0016406548, 0.0016506196, 0.0016593132, 0.0016654842, 0.0016671781, 0.0016675764, 0.0016639875, 0.0016609355, 0.0016529874, 0.0016434543, 0.0016384074, 0.0016283204, 0.0016180283, 0.001607275, 0.0016013855, 0.0015879553, 0.001571603, 0.0015622533, 0.001541003, 0.0015169678, 0.0014908945, 0.0014771633, 0.0014485794, 0.0014185538, 0.0014028685, 0.0013697417, 0.0013337012, 0.0013143844, 0.0012729998, 0.0012284098, 0.0011813627, 0.0011572327, 0.0011082233, 0.0010583786, 0.0010331202, 0.0009816334, 0.00092835387, 0.0008725744, 0.00084361294, 0.00078366586, 0.000721297, 0.00068949413, 0.0006252183, 0.00056072656, 0.0005285117, 0.00046398322, 0.0003986579, 0.00033153058, 0.00029709825, 0.0002260837, 0.00015233307, 0.00011467625, 3.8600716e-05, -3.760202e-05, -0.000113129274, -0.00015076419, -0.00022759456, -0.00031210875, -0.00036096812, -0.0004824856, -0.00063713937
0, 0, 0, 0, 0, 0, 0, 0, 0, 0, 0, 0, 0, 0, 0, 0, 0, 0, 0, 0, 0, 0, 0, -0.0014579358, -0.0012930073, -0.0010574256, -0.0009477836, -0.0008977598, -0.00088138884, -0.00085333816, -0.00082411926, -0.0008076769, -0.0007705678, -0.0007269602, -0.0006770922, -0.0006501313, -0.0005930362, -0.0005330969, -0.00050226774, -0.00044031424, -0.00037839462, -0.00034723504, -0.00028460927, -0.00022047707, -0.00015422364, -0.000120380435, -5.090328e-05, 1.9420355e-05, 5.4424378e-05, 0.00012283966, 0.00018834801, 0.00024988202, 0.00027916688, 0.00033515395, 0.00038918125, 0.00041613297, 0.0004703014, 0.00052580517, 0.0005541297, 0.000610988, 0.0006671001, 0.0007209705, 0.00074651116, 0.0007942959, 0.0008373304, 0.0008573156, 0.00089491135, 0.0009308607, 0.0009667357, 0.0009848421, 0.0010216426, 0.0010589933, 0.0010776496, 0.0011144329, 0.0011495107, 0.0011821641, 0.001197385, 0.0012256932, 0.0012515468, 0.0012637115, 0.0012868206, 0.0013089344, 0.0013196339, 0.00134089, 0.0013615736, 0.0013813371, 0.001390569, 0.0014077147, 0.0014229098, 0.0014297123, 0.0014418964, 0.0014518833, 0.001459882, 0.0014630924, 0.0014684916, 0.0014727734, 0.0014747797, 0.0014785425, 0.0014819353, 0.0014833058, 0.0014853375, 0.0014855184, 0.0014832766, 0.0014810761, 0.0014743151, 0.0014644484, 0.0014585583, 0.0014450678, 0.001429934, 0.0014136222, 0.0014049391, 0.0013863263, 0.0013655996, 0.0013542154, 0.0013291156, 0.0013001931, 0.0012842886, 0.001249492, 0.001211316, 0.001170596, 0.0011494841, 0.0011062379, 0.0010615016, 0.001038472, 0.0009906556, 0.0009403035, 0.0008870701, 0.0008593556, 0.00080178113, 0.00074189703, 0.0007111837, 0.00064884237, 0.0005855004, 0.000553466, 0.0004886699, 0.00042217452, 0.0003537045, 0.0003185595, 0.0002465705, 0.00017258231, 0.00013496699, 5.9125035e-05, -1.715877e-05, -9.37679e-05, -0.00013245123, -0.00021227454, -0.0003009492, -0.0003520194, -0.0004775202, -0.0006347503
0, 0, 0, 0, 0, 0, 0, 0, 0, 0, 0, 0, 0, 0, 0, 0, 0, 0, 0, 0, 0, 0, 0, 0, -0.0013417711, -0.001149993, -0.000998918, -0.0009207964, -0.00089761126, -0.00086517324, -0.0008390817, -0.0008256926, -0.0007959441, -0.00075933867, -0.00071499107, -0.00069014856, -0.0006358783, -0.00057780626, -0.0005482077, -0.0004899603, -0.0004339605, -0.00040689716, -0.00035466583, -0.00030305408, -0.00025043747, -0.00022313501, -0.00016656923, -0.00010781549, -7.806539e-05, -1.9551379e-05, 3.6365935e-05, 8.826622e-05, 0.0001125631, 0.00015875263, 0.00020318892, 0.0002254232, 0.00027098216, 0.00031926538, 0.00034448205, 0.00039609047, 0.00044779957, 0.00049714546, 0.00052024785, 0.0005626163, 0.0005996516, 0.00061659096, 0.00064843154, 0.00067965843, 0.00071219733, 0.0007291273, 0.0007648301, 0.0008021418, 0.00082092744, 0.00085768325, 0.0008920946, 0.0009230707, 0.0009374082, 0.0009639912, 0.0009891853, 0.0010018535, 0.0010278376, 0.0010556395, 0.001070265, 0.0011005303, 0.0011312555, 0.0011604149, 0.0011739403, 0.0011981406, 0.0012183356, 0.0012269506, 0.0012420199, 0.0012548955, 0.0012669573, 0.0012729756, 0.0012857337, 0.00129997, 0.0013075394, 0.0013228231, 0.0013377904, 0.0013445427, 0.0013562154, 0.0013648226, 0.0013699266, 0.0013712383, 0.0013716844, 0.0013696298, 0.0013679122, 0.0013633587, 0.0013573691, 0.0013496031, 0.0013449228, 0.0013334912, 0.0013189418, 0.0013104517, 0.001290977, 0.0012680988, 0.0012554278, 0.0012277891, 0.0011969545, 0.0011632009, 0.0011452836, 0.0011071183, 0.0010658042, 0.0010438722, 0.0009976638, 0.00094850734, 0.00089673407, 0.00086999993, 0.00081497803, 0.0007580511, 0.000728776, 0.0006686894, 0.0006061984, 0.0005739715, 0.0005073894, 0.00043827022, 0.00036698973, 0.00033072245, 0.00025746692, 0.00018386343, 0.0001469643, 7.29065e-05, -2.040172e-06, -7.877885e-05, -0.00011831745, -0.00020148749, -0.000295051, -0.00034875446, -0.0004789701, -0.0006392839
0, 0, 0, 0, 0, 0, 0, 0, 0, 0, 0, 0, 0, 0, 0, 0, 0, 0, 0, 0, 0, 0, 0, 0, -0.0017471046, -0.0013272909, -0.0010652841, -0.0009443858, -0.0009133694, -0.00087866595, -0.0008591407, -0.00085042004, -0.00083003624, -0.00080212404, -0.0007653185, -0.00074361014, -0.0006952362, -0.0006431613, -0.0006170134, -0.0005659055, -0.0005190316, -0.0004971841, -0.00045616136, -0.00041699197, -0.0003764002, -0.00035507404, -0.00030943696, -0.00026071345, -0.00023551835, -0.00018558068, -0.00013799856, -9.4364754e-05, -7.406145e-05, -3.6203193e-05, -3.6155424e-08, 1.810339e-05, 5.5881956e-05, 9.654247e-05, 0.00011815765, 0.00016327994, 0.00020918537, 0.00025339544, 0.00027420634, 0.00031261635, 0.0003468985, 0.0003629521, 0.00039419835, 0.0004258878, 0.00045947038, 0.00047727354, 0.00051443285, 0.00055260403, 0.0005715406, 0.0006078647, 0.0006408241, 0.0006700207, 0.0006835716, 0.0007094584, 0.00073563505, 0.00074947765, 0.000779701, 0.00081359566, 0.0008317819, 0.00086988136, 0.00090844475, 0.0009450289, 0.00096200075, 0.0009926917, 0.0010187005, 0.0010302187, 0.0010513515, 0.0010714105, 0.001091912, 0.001102818, 0.001126353, 0.0011516074, 0.0011645221, 0.0011895348, 0.0012124026, 0.0012225112, 0.0012399718, 0.0012538192, 0.0012647863, 0.0012694446, 0.0012778036, 0.0012853596, 0.0012887026, 0.0012944436, 0.001297986, 0.0012980555, 0.0012964578, 0.0012896681, 0.0012785009, 0.0012715379, 0.0012553384, 0.0012368041, 0.0012268904, 0.0012059137, 0.0011827594, 0.0011563622, 0.0011415853, 0.0011083642, 0.0010697352, 0.0010484946, 0.0010028683, 0.00095408724, 0.000903473, 0.00087778876, 0.0008257989, 0.00077257317, 0.0007452511, 0.0006882254, 0.00062701036, 0.0005945724, 0.0005259401, 0.00045321984, 0.00037798003, 0.00034009363, 0.0002646424, 0.00019062111, 0.0001541769, 8.171636e-05, 8.217283e-06, -6.847291e-05, -0.00010873952, -0.00019503142, -0.00029310913, -0.0003491931, -0.0004837717, -0.0006470948
0, 0, 0, 0, 0, 0, 0, 0, 0, 0, 0, 0, 0, 0, 0, 0, 0, 0, 0, 0, 0, 0, 0, 0, 0, -0.0014124389, -0.0011060731, -0.00096431, -0.00093188265, -0.0009035723, -0.00089497725, -0.0008920414, -0.0008831007, -0.00086606434, -0.00083934877, -0.0008225538, -0.00078421534, -0.00074202736, -0.00072109763, -0.00068048574, -0.00064415915, -0.0006273917, -0.0005959482, -0.0005654476, -0.0005329972, -0.00051542814, -0.0004771834, -0.00043505878, -0.00041315332, -0.00036953253, -0.00032794935, -0.00029001923, -0.0002726624, -0.0002406141, -0.00021046585, -0.00019561118, -0.0001648601, -0.00013174061, -0.00011410064, -7.681211e-05, -3.8175003e-05, -1.0658061e-07, 1.8302351e-05, 5.3375592e-05, 8.669685e-05, 0.00010298597, 0.00013585034, 0.00017007257, 0.00020643239, 0.0002253589, 0.00026454695, 0.00030416873, 0.00032362284, 0.00036079236, 0.0003948334, 0.0004259576, 0.00044064544, 0.00046992238, 0.00050018664, 0.0005163412, 0.0005516608, 0.0005905495, 0.00061119656, 0.00065390754, 0.0006967802, 0.000737695, 0.00075701205, 0.0007929865, 0.0008255706, 0.00084097515, 0.00087093003, 0.0009013848, 0.00093363057, 0.0009505612, 0.0009859267, 0.0010215536, 0.0010388265, 0.0010706297, 0.001097923, 0.0011096138, 0.0011296817, 0.0011463764, 0.0011617274, 0.0011694366, 0.0011855504, 0.0012026477, 0.0012112643, 0.0012272664, 0.0012397568, 0.0012465683, 0.0012473394, 0.0012437028, 0.001234237, 0.0012278656, 0.0012132361, 0.0011976056, 0.0011897408, 0.001174147, 0.0011576243, 0.0011379881, 0.0011261995, 0.0010975335, 0.001061759, 0.0010412983, 0.0009963786, 0.0009481778, 0.0008989729, 0.00087450317, 0.00082594546, 0.00077717606, 0.00075209414, 0.00069902575, 0.0006399232, 0.0006076681, 0.0005378762, 0.00046208044, 0.00038314733, 0.00034345582, 0.0002653428, 0.00018990635, 0.0001532769, 8.131051e-05, 8.592865e-06, -6.791851e-05, -0.00010859077, -0.00019648079, -0.00029700733, -0.00035447621, -0.00049153646, -0.00065688894
0, 0, 0, 0, 0, 0, 0, 0, 0, 0, 0, 0, 0, 0, 0, 0, 0, 0, 0, 0, 0, 0, 0, 0, 0, -0.0014282775, -0.0011523472, -0.0010095059, -0.000977328, -0.000954826, -0.000955934, -0.00095842447, -0.0009603315, -0.0009544458, -0.00093940075, -0.0009287613, -0.00090254593, -0.0008727097, -0.0008577285, -0.0008284077, -0.0008014997, -0.0007888136, -0.000764187, -0.0007390624, -0.00071154383, -0.00069667166, -0.0006636983, -0.00062756846, -0.000608678, -0.00057046686, -0.00053382537, -0.0005000984, -0.00048452694, -0.0004556044, -0.00042889317, -0.0004159985, -0.00038997756, -0.0003626153, -0.00034810853, -0.00031755024, -0.00028530348, -0.00025239357, -0.0002357922, -0.0002030114, -0.00017000781, -0.00015328577, -0.00011913432, -8.346775e-05, -4.5930494e-05, -2.6501113e-05, 1.3514603e-05, 5.467931e-05, 7.532596e-05, 0.00011603363, 0.00015536412, 0.00019363628, 0.00021241119, 0.0002497906, 0.00028801142, 0.00030769355, 0.0003485469, 0.0003914955, 0.00041357733, 0.00045852596, 0.00050316047, 0.0005464262, 0.0005672921, 0.00060764357, 0.00064652535, 0.0006656976, 0.0007046186, 0.00074502634, 0.00078759046, 0.00080963125, 0.0008541283, 0.00089721836, 0.00091739674, 0.00095366966, 0.00098378, 0.0009965521, 0.0010184387, 0.001037505, 0.0010562409, 0.0010662011, 0.0010882575, 0.0011124284, 0.0011248852, 0.0011485657, 0.0011677212, 0.0011795308, 0.0011822149, 0.0011812439, 0.0011730699, 0.0011671517, 0.0011536359, 0.0011398391, 0.0011333743, 0.0011214357, 0.0011095111, 0.0010947521, 0.0010853091, 0.0010605664, 0.0010275187, 0.0010080198, 0.0009644693, 0.0009173391, 0.00086963235, 0.00084625755, 0.00080064754, 0.0007557519, 0.00073274405, 0.0006834062, 0.00062711455, 0.00059569994, 0.0005263563, 0.00044967537, 0.00036889274, 0.00032817986, 0.00024816737, 0.0001714494, 0.00013447588, 6.2356354e-05, -9.712134e-06, -8.519853e-05, -0.00012531206, -0.00021208168, -0.00031159061, -0.0003686262, -0.0005049836, -0.0006705264
0, 0, 0, 0, 0, 0, 0, 0, 0, 0, 0, 0, 0, 0, 0, 0, 0, 0, 0, 0, 0, 0, 0, 0, 0, 0, -0.0012859267, -0.0011191596, -0.001072335, -0.0010374389, -0.0010404586, -0.0010462336, -0.0010565728, -0.0010604882, -0.0010568473, -0.0010523251, -0.0010388877, -0.0010215207, -0.0010121266, -0.0009930003, -0.0009737916, -0.00096426666, -0.0009449108, -0.0009245341, -0.0009025629, -0.00089075783, -0.00086515956, -0.00083681726, -0.00082201057, -0.0007910626, -0.00076006015, -0.00072972383, -0.00071531645, -0.0006877232, -0.0006615843, -0.0006490074, -0.000624323, -0.0005988564, -0.0005857843, -0.00055805006, -0.00052810647, -0.0004964207, -0.00048000252, -0.0004462933, -0.00041173186, -0.00039427695, -0.00035905265, -0.00032325866, -0.0002863172, -0.00026721013, -0.00022725467, -0.000184484, -0.0001621219, -0.00011588456, -6.798262e-05, -1.9246521e-05, 5.0739145e-06, 5.3285545e-05, 0.00010047727, 0.000123808, 0.00017007132, 0.00021636687, 0.00023951063, 0.0002862381, 0.00033281482, 0.00037881406, 0.00040146205, 0.00044625782, 0.0004905757, 0.00051260873, 0.00055736006, 0.0006033535, 0.0006509244, 0.0006751649, 0.00072349276, 0.0007699448, 0.000791759, 0.0008315012, 0.0008651347, 0.00087967166, 0.00090508274, 0.000927267, 0.0009488236, 0.00096011115, 0.0009846239, 0.0010114962, 0.0010254026, 0.0010520977, 0.0010743401, 0.0010891451, 0.0010932548, 0.0010948345, 0.0010888912, 0.0010839909, 0.00107211, 0.0010597728, 0.0010540847, 0.0010438466, 0.0010339069, 0.001021476, 0.001013213, 0.0009909788, 0.00096019945, 0.0009417382, 0.0008998191, 0.00085402676, 0.0008073097, 0.0007844269, 0.00074005005, 0.00069677224, 0.0006747588, 0.00062765006, 0.00057380664, 0.0005435817, 0.0004764369, 0.00040162558, 0.00032216386, 0.00028188928, 0.00020236794, 0.00012601429, 8.92599e-05, 1.7873408e-05, -5.254444e-05, -0.00012536424, -0.00016366728, -0.00024620674, -0.00034078382, -0.00039535513, -0.00052751374, -0.0006911241
0, 0, 0, 0, 0, 0, 0, 0, 0, 0, 0, 0, 0, 0, 0, 0, 0, 0, 0, 0, 0, 0, 0, 0, 0, 0, -0.0016121735, -0.0012841949, -0.001201188, -0.0011373421, -0.0011364414, -0.001143338, -0.0011595788, -0.0011724356, -0.0011798897, -0.0011817452, -0.0011810913, -0.0011757794, -0.0011718952, -0.0011620685, -0.0011501674, -0.0011437451, -0.0011304467, -0.0011167646, -0.0011027816, -0.0010956284, -0.0010803386, -0.001063009, -0.0010529351, -0.0010307014, -0.0010054159, -0.0009780618, -0.0009641207, -0.00093572156, -0.0009078106, -0.00089424674, -0.00086767913, -0.00084097276, -0.0008271957, -0.00079777173, -0.0007652301, -0.0007295942, -0.00071074814, -0.00067167846, -0.0006321383, -0.0006126025, -0.0005743852, -0.000537375, -0.00050051033, -0.00048147823, -0.00044084698, -0.00039578864, -0.00037128452, -0.00031890604, -0.00026252045, -0.0002042666, -0.00017523997, -0.000118414224, -6.445149e-05, -3.859067e-05, 1.1344849e-05, 6.016665e-05, 8.454014e-05, 0.00013408836, 0.00018466321, 0.0002357202, 0.00026115577, 0.00031137656, 0.00036031194, 0.00038422318, 0.00043078192, 0.0004767885, 0.0005228976, 0.00054623856, 0.00059322757, 0.0006397863, 0.00066246034, 0.0007055134, 0.0007441782, 0.0007616142, 0.00079237286, 0.00081862084, 0.00084223814, 0.000853762, 0.00087738695, 0.0009023775, 0.0009151717, 0.0009401855, 0.0009619525, 0.000977893, 0.0009831561, 0.000987649, 0.00098508, 0.000981611, 0.00097201584, 0.000961027, 0.0009555086, 0.0009451766, 0.0009347125, 0.00092186185, 0.00091364613, 0.0008921893, 0.0008629187, 0.00084532186, 0.0008051131, 0.00076037395, 0.00071404595, 0.0006908969, 0.0006456175, 0.00060128345, 0.00057881954, 0.00053164025, 0.00047899628, 0.0004499255, 0.00038608137, 0.000315507, 0.0002404345, 0.00020222209, 0.00012647045, 5.313259e-05, 1.7757411e-05, -5.095433e-05, -0.00011814616, -0.0001865088, -0.00022203496, -0.0002978404, -0.00038474522, -0.00043536664, -0.00056057563, -0.0007207878
0, 0, 0, 0, 0, 0, 0, 0, 0, 0, 0, 0, 0, 0, 0, 0, 0, 0, 0, 0, 0, 0, 0, 0, 0, 0, -0.0017379533, -0.0014196432, -0.0013250096, -0.0012427422, -0.0012341753, -0.0012408145, -0.0012617061, -0.0012845296, -0.0013046204, -0.0013132152, -0.0013262398, -0.0013338064, -0.0013356002, -0.0013354376, -0.0013318985, -0.0013292739, -0.0013237855, -0.0013187771, -0.0013147873, -0.0013129385, -0.0013086809, -0.0013014632, -0.001296054, -0.0012806897, -0.0012591914, -0.0012325712, -0.0012179699, -0.0011870898, -0.0011560909, -0.0011407994, -0.0011108847, -0.0010809981, -0.0010655536, -0.0010319123, -0.0009937858, -0.0009507809, -0.0009278463, -0.0008800619, -0.0008321782, -0.00080891367, -0.0007645765, -0.0007230989, -0.00068314, -0.0006626181, -0.00061915594, -0.00057059265, -0.0005438624, -0.00048607247, -0.00042403486, -0.00036029992, -0.0003288645, -0.00026836462, -0.00021228442, -0.00018574636, -0.00013471338, -8.409555e-05, -5.8425736e-05, -4.9763357e-06, 5.1272862e-05, 0.00010928432, 0.0001382651, 0.00019471599, 0.00024765317, 0.00027245923, 0.00031857088, 0.00036139117, 0.00040278258, 0.000423665, 0.00046692576, 0.0005120561, 0.0005350708, 0.0005809214, 0.0006243899, 0.00064451684, 0.0006802824, 0.00070994894, 0.0007344183, 0.00074537063, 0.00076592603, 0.00078624696, 0.0007965923, 0.00081700966, 0.00083628966, 0.00085212797, 0.00085816876, 0.000865662, 0.00086659327, 0.00086477975, 0.0008574873, 0.00084718596, 0.0008414244, 0.0008293736, 0.0008165173, 0.00080125546, 0.0007922475, 0.0007701668, 0.00074163143, 0.0007247877, 0.00068623596, 0.00064280455, 0.000596524, 0.00057299057, 0.0005259733, 0.0004791027, 0.00045547858, 0.00040666695, 0.00035422685, 0.0003261781, 0.00026606227, 0.0002009239, 0.00013239481, 9.7527576e-05, 2.8048731e-05, -3.966802e-05, -7.2558076e-05, -0.00013649916, -0.00019898042, -0.0002618083, -0.0002940546, -0.00036227738, -0.00044041526, -0.0004864606, -0.00060345547, -0.0007595172
0, 0, 0, 0, 0, 0, 0, 0, 0, 0, 0, 0, 0, 0, 0, 0, 0, 0, 0, 0, 0, 0, 0, 0, 0, 0, 0, -0.0016104464, -0.0015033195, -0.0013685633, -0.0013329779, -0.0013362219, -0.001361854, -0.0013975872, -0.0014336413, -0.001450388, -0.0014793583, -0.001500857, -0.0015088422, -0.0015195085, -0.0015250918, -0.0015267233, -0.0015294281, -0.0015326821, -0.0015371729, -0.0015394442, -0.001542742, -0.0015414642, -0.001538218, -0.0015253646, -0.0015037018, -0.0014751238, -0.0014589144, -0.0014245663, -0.001389924, -0.0013731463, -0.00134038, -0.0013077043, -0.0012905267, -0.0012530695, -0.0012095529, -0.0011595624, -0.0011325674, -0.0010761049, -0.0010190259, -0.0009912517, -0.0009385362, -0.0008896827, -0.0008429767, -0.00081967417, -0.00077093707, -0.00071735913, -0.00068842375, -0.0006267839, -0.0005619839, -0.00049692026, -0.00046541402, -0.00040545093, -0.00035050418, -0.00032444036, -0.00027381055, -0.0002222505, -0.00019525437, -0.00013813446, -7.669911e-05, -1.279743e-05, 1.90944e-05, 8.06619e-05, 0.0001366776, 0.00016214854, 0.00020774353, 0.0002479953, 0.00028589164, 0.00030498995, 0.00034517812, 0.00038866777, 0.00041146792, 0.00045795244, 0.000503061, 0.0005241827, 0.00056159, 0.0005919255, 0.0006154986, 0.0006252071, 0.0006423069, 0.0006579077, 0.00066584424, 0.0006819815, 0.0006982488, 0.00071328843, 0.0007196013, 0.0007286027, 0.000731518, 0.00073062704, 0.000724477, 0.00071393733, 0.00070748467, 0.0006930867, 0.000676902, 0.0006587157, 0.0006485217, 0.0006250781, 0.00059672084, 0.00058041065, 0.000543532, 0.0005017668, 0.00045658744, 0.00043326098, 0.00038570675, 0.0003375491, 0.00031319188, 0.00026350855, 0.0002117288, 0.00018475922, 0.00012850776, 6.925076e-05, 7.833608e-06, -2.3212371e-05, -8.501034e-05, -0.00014550304, -0.00017506612, -0.00023275672, -0.00028932828, -0.00034600592, -0.00037489834, -0.00043556307, -0.00050488504, -0.00054628594, -0.0006548329, -0.0008067085
0, 0, 0, 0, 0, 0, 0, 0, 0, 0, 0, 0, 0, 0, 0, 0, 0, 0, 0, 0, 0, 0, 0, 0, 0, 0, 0, -0.0020292616, -0.0017877592, -0.0015064715, -0.0014242914, -0.0014237469, -0.0014594392, -0.0015136799, -0.0015694145, -0.0015955376, -0.0016415262, -0.0016777476, -0.001692036, -0.0017138298, -0.0017281781, -0.0017336422, -0.0017427882, -0.0017515697, -0.0017600894, -0.0017639511, -0.0017689246, -0.001767953, -0.0017643614, -0.0017496881, -0.0017253155, -0.0016932662, -0.001675361, -0.0016377256, -0.0016004659, -0.0015826162, -0.0015482025, -0.001513915, -0.0014958841, -0.001456218, -0.0014095863, -0.0013554426, -0.0013258385, -0.00126348, -0.0011997141, -0.0011682382, -0.0011077714, -0.0010509231, -0.0009966278, -0.00096965523, -0.00091436575, -0.00085555017, -0.00082461094, -0.00076011824, -0.00069413363, -0.00062922173, -0.0005981567, -0.0005394648, -0.00048532913, -0.0004595016, -0.0004085788, -0.00035601007, -0.00032819193, -0.0002690805, -0.00020574077, -0.00014004168, -0.000107359265, -4.434485e-05, 1.27072535e-05, 3.850459e-05, 8.477487e-05, 0.00012539489, 0.00016347886, 0.00018242579, 0.00022178197, 0.00026366083, 0.000285421, 0.0003292646, 0.00037129148, 0.0003906452, 0.00042489814, 0.0004522002, 0.0004729925, 0.00048145422, 0.0004958291, 0.0005088318, 0.00051534857, 0.00052887277, 0.0005427988, 0.00055580126, 0.0005612957, 0.0005688358, 0.0005706905, 0.00056933647, 0.00056218315, 0.0005503394, 0.0005430888, 0.0005264891, 0.000507861, 0.00048713115, 0.00047589437, 0.00045101714, 0.0004222722, 0.00040621072, 0.00037061327, 0.00033098896, 0.00028839963, 0.00026624528, 0.00022086398, 0.00017461128, 0.00015106074, 0.00010310851, 5.3780936e-05, 2.8498935e-05, -2.3412513e-05, -7.695086e-05, -0.00013150355, -0.00015880719, -0.00021282252, -0.0002653156, -0.00029102937, -0.00034139707, -0.00039096604, -0.00044048048, -0.00046561222, -0.000518144, -0.00057821936, -0.0006147758, -0.0007144385, -0.0008619945
0, 0, 0, 0, 0, 0, 0, 0, 0, 0, 0, 0, 0, 0, 0, 0, 0, 0, 0, 0, 0, 0, 0, 0, 0, 0, 0, -0.0021928828, -0.0019509871, -0.0016024243, -0.0014985395, -0.0015011344, -0.0015543266, -0.0016296863, -0.0017053416, -0.0017406499, -0.0018030012, -0.0018531475, -0.0018735501, -0.0019057143, -0.0019279609, -0.0019364844, -0.0019499303, -0.00196052, -0.0019692683, -0.0019723843, -0.0019755808, -0.0019718923, -0.0019669766, -0.0019496859, -0.0019228363, -0.0018884349, -0.0018695405, -0.0018299939, -0.0017911636, -0.0017725745, -0.0017366152, -0.0017007672, -0.0016820645, -0.00164086, -0.0015931559, -0.0015376478, -0.0015074176, -0.0014432146, -0.0013765651, -0.0013432275, -0.0012780563, -0.0012155639, -0.0011552955, -0.0011252781, -0.0010646321, -0.0010016776, -0.0009690852, -0.00090248405, -0.0008352211, -0.0007694968, -0.00073777116, -0.00067749777, -0.00062091806, -0.0005937438, -0.0005399501, -0.00048554584, -0.00045738157, -0.00039885222, -0.00033770656, -0.00027537855, -0.00024454755, -0.00018508341, -0.00013006611, -0.000104588085, -5.7395977e-05, -1.4186521e-05, 2.6809761e-05, 4.685252e-05, 8.6957385e-05, 0.0001269881, 0.0001468065, 0.00018501299, 0.00021997125, 0.00023562303, 0.00026304118, 0.00028485735, 0.00030212698, 0.00030951333, 0.00032277184, 0.00033525832, 0.0003414796, 0.00035366055, 0.0003650119, 0.00037408632, 0.0003772461, 0.00037991928, 0.00037725075, 0.00037393128, 0.00036393185, 0.0003503461, 0.00034245243, 0.0003248688, 0.00030514706, 0.0002832444, 0.00027132418, 0.00024518417, 0.0002155513, 0.00019935267, 0.00016446419, 0.00012679773, 8.7476954e-05, 6.741824e-05, 2.668406e-05, -1.4830102e-05, -3.6000634e-05, -7.9362704e-05, -0.00012411772, -0.0001470176, -0.00019389852, -0.00024177905, -0.0002898868, -0.00031366304, -0.00036016045, -0.00040462296, -0.00042621838, -0.00046824984, -0.0005093316, -0.00055002497, -0.0005704727, -0.0006129579, -0.00066204066, -0.0006928945, -0.0007821598, -0.00092461886
0, 0, 0, 0, 0, 0, 0, 0, 0, 0, 0, 0, 0, 0, 0, 0, 0, 0, 0, 0, 0, 0, 0, 0, 0, 0, 0, 0, -0.0020296674, -0.0016968272, -0.0015854944, -0.0015885497, -0.0016497119, -0.0017390252, -0.0018297331, -0.0018723479, -0.0019485158, -0.002011087, -0.002037046, -0.0020786119, -0.0021081502, -0.0021191628, -0.0021358314, -0.0021473074, -0.0021551074, -0.0021576274, -0.002159328, -0.0021548753, -0.0021497342, -0.0021327662, -0.002106956, -0.002073381, -0.0020544967, -0.0020147366, -0.001974449, -0.0019546433, -0.0019156795, -0.0018762607, -0.0018558857, -0.0018121515, -0.0017630806, -0.0017076072, -0.001677696, -0.0016143421, -0.0015482007, -0.0015147919, -0.0014485129, -0.0013838208, -0.0013203116, -0.001288727, -0.0012251285, -0.0011599811, -0.0011267572, -0.0010591325, -0.0009905192, -0.00092256325, -0.00088903727, -0.00082396826, -0.0007617394, -0.0007315147, -0.00067259395, -0.0006151303, -0.00058663805, -0.0005299333, -0.0004737083, -0.0004182522, -0.0003911621, -0.000338465, -0.00028815196, -0.00026384802, -0.00021677875, -0.00017135331, -0.00012770625, -0.000106656364, -6.618682e-05, -2.8665972e-05, -1.1354701e-05, 2.0040254e-05, 4.6822282e-05, 5.852857e-05, 7.8592195e-05, 9.5320574e-05, 0.00010981082, 0.00011670777, 0.0001301012, 0.0001429153, 0.00014894597, 0.00015942032, 0.00016674135, 0.0001697335, 0.00016938141, 0.00016487607, 0.00015603617, 0.0001503913, 0.00013728866, 0.00012254155, 0.000114571696, 9.732393e-05, 7.7984914e-05, 5.5971122e-05, 4.3697513e-05, 1.6529508e-05, -1.4071552e-05, -3.055412e-05, -6.52784e-05, -0.00010121249, -0.00013731538, -0.00015519666, -0.00019068965, -0.00022636943, -0.00024456487, -0.00028199726, -0.00032103827, -0.00034117606, -0.0003823984, -0.0004244281, -0.00046595212, -0.00048632748, -0.00052543584, -0.0005619857, -0.000579351, -0.0006124359, -0.00064382335, -0.00067392836, -0.00068863545, -0.0007186901, -0.0007545657, -0.0007786556, -0.00085546623, -0.0009916032
0, 0, 0, 0, 0, 0, 0, 0, 0, 0, 0, 0, 0, 0, 0, 0, 0, 0, 0, 0, 0, 0, 0, 0, 0, 0, 0, 0, 0, -0.0019055719, -0.0017372022, -0.0017123495, -0.0017478564, -0.0018368439, -0.0019365747, -0.001984587, -0.002071804, -0.002144801, -0.0021756315, -0.002225894, -0.0022618298, -0.0022755219, -0.0022957954, -0.0023092316, -0.0023182782, -0.002321577, -0.002325358, -0.0023242056, -0.002321094, -0.0023091075, -0.0022880626, -0.0022585997, -0.0022412164, -0.0022024263, -0.0021606365, -0.002139062, -0.002095202, -0.0020504456, -0.0020275174, -0.0019795054, -0.0019280665, -0.0018720827, -0.0018424721, -0.0017805304, -0.0017160437, -0.0016834154, -0.0016178557, -0.0015528336, -0.0014883908, -0.0014562911, -0.0013919158, -0.0013268533, -0.0012938132, -0.0012266391, -0.0011581103, -0.0010883393, -0.0010533185, -0.0009835904, -0.0009151645, -0.0008817808, -0.000817181, -0.0007560983, -0.00072707527, -0.00067171466, -0.0006198923, -0.0005710157, -0.00054744974, -0.0005013498, -0.0004559301, -0.00043322673, -0.00038775214, -0.00034243285, -0.00029827698, -0.00027723817, -0.0002380936, -0.00020416814, -0.00018926231, -0.00016364256, -0.00014305381, -0.00013426915, -0.00011851943, -0.000104321975, -9.047806e-05, -8.345506e-05, -6.964622e-05, -5.7415127e-05, -5.2431675e-05, -4.5525147e-05, -4.396622e-05, -4.802256e-05, -5.1978903e-05, -6.294781e-05, -7.656237e-05, -8.379877e-05, -9.836153e-05, -0.00011294852, -0.0001204332, -0.00013641307, -0.00015480173, -0.00017657535, -0.00018897622, -0.00021666147, -0.00024767529, -0.00026412404, -0.00029799176, -0.00033190395, -0.0003648039, -0.00038078174, -0.00041200567, -0.00044296833, -0.00045865632, -0.0004907885, -0.0005243446, -0.0005416326, -0.0005768951, -0.0006123235, -0.0006468399, -0.0006634229, -0.0006948708, -0.00072348857, -0.00073670567, -0.00076112495, -0.0007827912, -0.00080173294, -0.0008103666, -0.0008270406, -0.0008482805, -0.0008649455, -0.0009282836, -0.0010573026
0, 0, 0, 0, 0, 0, 0, 0, 0, 0, 0, 0, 0, 0, 0, 0, 0, 0, 0, 0, 0, 0, 0, 0, 0, 0, 0, 0, 0, -0.0023843597, -0.0019414766, -0.0018546574, -0.0018422566, -0.0019258035, -0.0020318008, -0.0020838804, -0.0021800653, -0.002261512, -0.002296543, -0.002353929, -0.0023960664, -0.002412144, -0.0024364537, -0.0024534846, -0.0024662812, -0.0024715816, -0.0024803504, -0.002484986, -0.0024852208, -0.0024800752, -0.0024659561, -0.0024423606, -0.002427223, -0.002391172, -0.0023491317, -0.0023265763, -0.002279366, -0.0022304135, -0.0022054713, -0.0021540166, -0.0021003394, -0.0020439473, -0.0020145182, -0.001953542, -0.0018901336, -0.0018577642, -0.0017924921, -0.001726892, -0.0016615769, -0.0016290603, -0.0015644829, -0.0015001915, -0.0014679064, -0.0014027494, -0.001336051, -0.0012674688, -0.0012323637, -0.0011612228, -0.0010900397, -0.0010549059, -0.0009867109, -0.00092278625, -0.00089295843, -0.0008373903, -0.00078701536, -0.0007409503, -0.00071895245, -0.0006759271, -0.0006331175, -0.00061145326, -0.00056754134, -0.0005238399, -0.00048171316, -0.00046192858, -0.0004259247, -0.00039568578, -0.00038273528, -0.00036067562, -0.00034275223, -0.00033469885, -0.00031941544, -0.00030430467, -0.00028911233, -0.0002816776, -0.00026816587, -0.00025830645, -0.00025542642, -0.0002539216, -0.00025860287, -0.00026851188, -0.00027484866, -0.0002889862, -0.00030360933, -0.00031068714, -0.00032419228, -0.00033730737, -0.00034410052, -0.00035915498, -0.00037726838, -0.00039920586, -0.0004116082, -0.00043904534, -0.0004689404, -0.000484347, -0.0005152572, -0.0005455136, -0.00057459116, -0.0005888156, -0.0006169482, -0.00064510835, -0.000659242, -0.0006878761, -0.0007169883, -0.0007315567, -0.00076052616, -0.0007885121, -0.00081472873, -0.0008271293, -0.00085022685, -0.00087093323, -0.00088035397, -0.0008970373, -0.00091021624, -0.000919395, -0.00092249754, -0.0009268607, -0.00093420135, -0.0009436958, -0.0009941332, -0.0011164
0, 0, 0, 0, 0, 0, 0, 0, 0, 0, 0, 0, 0, 0, 0, 0, 0, 0, 0, 0, 0, 0, 0, 0, 0, 0, 0, 0, 0, -0.0025190203, -0.002075989, -0.0019726318, -0.0019396355, -0.0020171625, -0.002125217, -0.0021798715, -0.0022822055, -0.0023706378, -0.0024085604, -0.0024719941, -0.0025194183, -0.0025379253, -0.0025667206, -0.0025883191, -0.0026057037, -0.002613453, -0.0026269858, -0.0026367716, -0.0026398082, -0.002640295, -0.0026321292, -0.0026144772, -0.0026020664, -0.0025708643, -0.0025323946, -0.0025110557, -0.0024654577, -0.002417315, -0.002392615, -0.0023419973, -0.002289485, -0.0022346175, -0.0022059437, -0.0021466068, -0.0020840846, -0.0020518582, -0.0019856656, -0.0019183118, -0.0018507629, -0.0018172545, -0.001751236, -0.0016868145, -0.0016550821, -0.0015918291, -0.0015281494, -0.0014627076, -0.0014291821, -0.0013606097, -0.0012907927, -0.0012558968, -0.0011875188, -0.0011226357, -0.0010921127, -0.0010351059, -0.0009833656, -0.00093576196, -0.0009130354, -0.00086861633, -0.00082466385, -0.0008027297, -0.0007589624, -0.0007164917, -0.0006770712, -0.0006590012, -0.000626493, -0.0005994095, -0.0005876825, -0.0005669054, -0.00054840086, -0.00053944753, -0.00052148313, -0.0005033667, -0.0004859696, -0.00047827142, -0.00046612753, -0.00045996837, -0.0004593953, -0.00046338112, -0.0004726163, -0.0004850457, -0.0004917677, -0.0005048079, -0.0005164424, -0.00052182405, -0.00053207483, -0.0005432051, -0.0005495907, -0.0005650223, -0.00058433024, -0.00060722604, -0.0006197606, -0.00064601854, -0.0006725961, -0.0006856466, -0.00071097125, -0.00073509297, -0.00075910526, -0.00077134743, -0.0007966901, -0.00082323246, -0.0008367469, -0.00086347875, -0.00088905264, -0.0009011801, -0.0009235207, -0.00094300165, -0.00095989055, -0.00096753344, -0.0009816389, -0.0009945888, -0.0010006143, -0.0010109202, -0.0010176185, -0.0010193503, -0.0010181378, -0.0010124589, -0.0010080151, -0.0010113728, -0.0010507207, -0.0011674436
0, 0, 0, 0, 0, 0, 0, 0, 0, 0, 0, 0, 0, 0, 0, 0, 0, 0, 0, 0, 0, 0, 0, 0, 0, 0, 0, 0, 0, 0, -0.002301602, -0.0021833617, -0.0020782424, -0.0021148336, -0.0022111584, -0.0022657374, -0.002372272, -0.0024664365, -0.0025074128, -0.0025764576, -0.0026295886, -0.0026510959, -0.002686332, -0.0027142197, -0.0027369752, -0.002747107, -0.0027643887, -0.002777357, -0.0027818682, -0.0027858685, -0.0027822277, -0.0027701557, -0.0027610848, -0.002737111, -0.0027063459, -0.0026889797, -0.0026508593, -0.002609441, -0.0025877855, -0.0025429751, -0.0024959592, -0.0024460603, -0.0024197765, -0.0023641875, -0.0023040324, -0.0022724022, -0.0022060727, -0.0021370284, -0.0020668446, -0.002031974, -0.0019634373, -0.0018973671, -0.0018653362, -0.0018026233, -0.0017406301, -0.0016781336, -0.0016463237, -0.0015812706, -0.0015146217, -0.0014810486, -0.0014144216, -0.0013502358, -0.0013195173, -0.001261195, -0.0012071127, -0.0011563208, -0.0011318028, -0.0010833049, -0.0010357933, -0.0010122393, -0.0009664499, -0.000923626, -0.0008853041, -0.00086808135, -0.0008377983, -0.0008126005, -0.0008012904, -0.00078017736, -0.0007595371, -0.00074897276, -0.0007273896, -0.00070596306, -0.000686813, -0.00067888293, -0.0006680928, -0.0006648307, -0.0006659201, -0.00067274034, -0.00068335084, -0.000694637, -0.00069981586, -0.00070831715, -0.0007145616, -0.00071736187, -0.000723626, -0.0007328435, -0.00073926634, -0.000756001, -0.00077750493, -0.0008017838, -0.00081422826, -0.0008384622, -0.0008602114, -0.0008699476, -0.0008876073, -0.0009041786, -0.0009218779, -0.00093176216, -0.0009542684, -0.00097944, -0.0009925043, -0.0010179812, -0.00104065, -0.0010504005, -0.0010660847, -0.0010768656, -0.0010839733, -0.0010867869, -0.0010920056, -0.0010976895, -0.0011006885, -0.0011057344, -0.0011076254, -0.0011038295, -0.001099355, -0.0010858345, -0.0010720948, -0.0010705006, -0.0011007197, -0.0012131032
0, 0, 0, 0, 0, 0, 0, 0, 0, 0, 0, 0, 0, 0, 0, 0, 0, 0, 0, 0, 0, 0, 0, 0, 0, 0, 0, 0, 0, 0, -0.0028917403, -0.0025679932, -0.0022313362, -0.002184571, -0.0022630577, -0.0023181618, -0.0024310825, -0.0025327238, -0.0025774082, -0.0026540314, -0.0027159464, -0.0027421024, -0.0027873109, -0.0028247447, -0.002855741, -0.0028691364, -0.0028914004, -0.0029081765, -0.0029142601, -0.002922273, -0.0029239028, -0.0029188243, -0.0029138813, -0.0028992838, -0.0028787467, -0.0028665524, -0.002838584, -0.002806436, -0.0027890392, -0.00275219, -0.0027124705, -0.0026695577, -0.0026465459, -0.0025970652, -0.0025419048, -0.0025121537, -0.002448232, -0.0023797795, -0.0023088118, -0.0022729323, -0.0022023572, -0.0021343199, -0.0021014526, -0.0020376001, -0.0019753936, -0.0019135226, -0.0018821979, -0.0018185133, -0.0017533019, -0.0017204086, -0.0016550095, -0.0015917423, -0.0015611398, -0.0015028861, -0.0014480966, -0.0013953894, -0.0013695507, -0.0013178828, -0.0012663928, -0.0012409507, -0.0011915613, -0.0011458888, -0.0011056286, -0.0010879089, -0.0010572635, -0.0010316938, -0.001020208, -0.0009979572, -0.00097532355, -0.0009634591, -0.0009388868, -0.0009147292, -0.00089374854, -0.0008853403, -0.0008741201, -0.0008708197, -0.0008718425, -0.00087780727, -0.00088598684, -0.00089336967, -0.0008959729, -0.00089889264, -0.00089942245, -0.0008995895, -0.00090185873, -0.0009091397, -0.00091527094, -0.0009326113, -0.0009552342, -0.0009798241, -0.0009917486, -0.0010130656, -0.001029601, -0.001036042, -0.0010464148, -0.0010558566, -0.0010677491, -0.0010754528, -0.0010948089, -0.001118172, -0.001130549, -0.001154288, -0.0011740667, -0.0011816227, -0.001191351, -0.0011944761, -0.0011931908, -0.0011918449, -0.0011894618, -0.0011888695, -0.0011891967, -0.0011897768, -0.0011874619, -0.001179055, -0.0011718498, -0.0011518775, -0.0011305286, -0.0011248543, -0.0011477529, -0.0012567268
0, 0, 0, 0, 0, 0, 0, 0, 0, 0, 0, 0, 0, 0, 0, 0, 0, 0, 0, 0, 0, 0, 0, 0, 0, 0, 0, 0, 0, 0, -0.0031066285, -0.002755382, -0.0022889175, -0.0021912844, -0.0022667542, -0.002326355, -0.0024494433, -0.002560641, -0.002610168, -0.0026978217, -0.0027727904, -0.0028060912, -0.0028662481, -0.0029176655, -0.002960677, -0.0029790797, -0.0030103198, -0.003034462, -0.0030443491, -0.0030598636, -0.003069972, -0.0030746744, -0.0030749876, -0.0030712609, -0.00306114, -0.003053591, -0.003034384, -0.0030092353, -0.0029949767, -0.0029637406, -0.002929604, -0.0028927573, -0.0028730019, -0.0028300527, -0.0027812659, -0.0027543965, -0.0026956217, -0.0026306119, -0.002561477, -0.0025261054, -0.0024557868, -0.0023872934, -0.0023541246, -0.0022895292, -0.002226535, -0.002163559, -0.002131549, -0.0020661454, -0.001999142, -0.001965516, -0.0018991427, -0.0018355605, -0.0018052032, -0.0017479544, -0.0016943963, -0.00164261, -0.0016168724, -0.0015646676, -0.0015110854, -0.0014838836, -0.0014302827, -0.0013796139, -0.001334665, -0.001314829, -0.0012806712, -0.001252698, -0.0012401959, -0.0012164622, -0.0011922322, -0.0011794616, -0.0011528392, -0.00112604, -0.001102096, -0.0010920487, -0.0010771997, -0.0010698609, -0.0010687647, -0.0010701515, -0.0010735298, -0.0010758864, -0.0010760104, -0.001073996, -0.001069927, -0.0010679687, -0.0010663476, -0.0010704726, -0.0010752144, -0.0010901603, -0.0011105735, -0.0011325803, -0.0011429144, -0.0011605271, -0.001172692, -0.0011767716, -0.0011824821, -0.0011875548, -0.0011956113, -0.0012016301, -0.0012179603, -0.0012386653, -0.0012497806, -0.0012708737, -0.0012871902, -0.0012927839, -0.0012980913, -0.0012960513, -0.0012894265, -0.0012853931, -0.0012778952, -0.0012726311, -0.0012707276, -0.0012670715, -0.0012604892, -0.0012474238, -0.0012376349, -0.001212039, -0.0011842494, -0.0011752774, -0.0011922768, -0.0012988284
0, 0, 0, 0, 0, 0, 0, 0, 0, 0, 0, 0, 0, 0, 0, 0, 0, 0, 0, 0, 0, 0, 0, 0, 0, 0, 0, 0, 0, 0, 0, -0.002776049, -0.0023025041, -0.0021867235, -0.0022556672, -0.0023148526, -0.0024417455, -0.0025612956, -0.0026165578, -0.002718636, -0.002810667, -0.0028531682, -0.0029313185, -0.0029999628, -0.0030577807, -0.0030830423, -0.0031262129, -0.0031618993, -0.0031773108, -0.0032043657, -0.0032264737, -0.0032434443, -0.0032496557, -0.003256993, -0.003255908, -0.0032520161, -0.0032377094, -0.0032158024, -0.0032025413, -0.003173334, -0.0031418705, -0.003108646, -0.0030913227, -0.0030539706, -0.0030112262, -0.0029872605, -0.0029342952, -0.002874131, -0.0028089138, -0.0027751818, -0.0027077838, -0.002641654, -0.0026096043, -0.0025467281, -0.0024847167, -0.0024213851, -0.0023886433, -0.0023207539, -0.0022505235, -0.0022150408, -0.00214547, -0.0020799867, -0.0020492615, -0.001992496, -0.0019405736, -0.0018912456, -0.0018664813, -0.0018153198, -0.001761169, -0.0017328622, -0.0016753088, -0.0016189347, -0.0015675962, -0.0015445828, -0.001504748, -0.0014724259, -0.0014582932, -0.0014320235, -0.0014059276, -0.0013922933, -0.0013633406, -0.0013332175, -0.0013042943, -0.001291191, -0.0012694688, -0.001254703, -0.0012499663, -0.0012443583, -0.0012417792, -0.0012392808, -0.001237441, -0.0012318541, -0.0012245916, -0.0012208753, -0.0012151577, -0.0012141959, -0.001216072, -0.0012247463, -0.0012384537, -0.0012542162, -0.0012618161, -0.0012748594, -0.0012837922, -0.0012868363, -0.0012910134, -0.0012949033, -0.0013013964, -0.0013062545, -0.0013195691, -0.0013365773, -0.0013455797, -0.0013624683, -0.0013749802, -0.0013788661, -0.0013812496, -0.0013771971, -0.0013687868, -0.0013638716, -0.0013543727, -0.0013462228, -0.0013426193, -0.0013349606, -0.0013238899, -0.0013060309, -0.0012938132, -0.0012632321, -0.001230413, -0.001219069, -0.001232053, -0.0013374225
0, 0, 0, 0, 0, 0, 0, 0, 0, 0, 0, 0, 0, 0, 0, 0, 0, 0, 0, 0, 0, 0, 0, 0, 0, 0, 0, 0, 0, 0, 0, 0, -0.0024616239, -0.0022793035, -0.0022764266, -0.00231648, -0.0024303414, -0.0025562553, -0.0026186695, -0.0027378243, -0.0028492394, -0.0029012822, -0.002997975, -0.003082975, -0.0031556762, -0.0031875013, -0.0032431853, -0.0032908923, -0.0033123046, -0.0033516916, -0.0033867974, -0.0034164044, -0.0034286904, -0.0034460076, -0.00345254, -0.0034513825, -0.0034404655, -0.003419795, -0.0034070765, -0.0033788404, -0.0033493317, -0.0033193668, -0.0033040012, -0.003271043, -0.003233254, -0.003211914, -0.0031634925, -0.0031075692, -0.0030462653, -0.00301463, -0.0029513303, -0.0028898637, -0.0028601005, -0.0028019717, -0.0027437585, -0.0026826933, -0.0026504868, -0.0025822276, -0.0025097262, -0.0024727546, -0.0023996714, -0.0023309735, -0.0022990538, -0.0022407658, -0.002188534, -0.0021397825, -0.002115412, -0.002064647, -0.0020097422, -0.00198057, -0.0019197186, -0.0018586646, -0.0018013545, -0.0017752873, -0.0017293178, -0.0016915466, -0.0016749869, -0.0016447256, -0.0016153237, -0.0016000676, -0.0015676809, -0.0015328715, -0.0014976644, -0.0014807619, -0.0014506323, -0.0014268799, -0.0014177461, -0.0014043454, -0.0013952265, -0.0013879982, -0.0013842642, -0.0013758235, -0.0013658315, -0.0013605183, -0.001350455, -0.0013430765, -0.0013410352, -0.0013406385, -0.0013447924, -0.0013519818, -0.0013559649, -0.0013636666, -0.0013700555, -0.0013726288, -0.001376859, -0.0013808879, -0.0013864588, -0.0013902175, -0.0013999409, -0.0014118771, -0.0014180575, -0.0014293983, -0.0014374836, -0.001439738, -0.0014404734, -0.0014364735, -0.0014290225, -0.0014245746, -0.0014151784, -0.0014055503, -0.0014005894, -0.0013892812, -0.0013737656, -0.001351388, -0.0013370843, -0.0013027957, -0.0012668832, -0.0012542235, -0.0012652868, -0.001371041
0, 0, 0, 0, 0, 0, 0, 0, 0, 0, 0, 0, 0, 0, 0, 0, 0, 0, 0, 0, 0, 0, 0, 0, 0, 0, 0, 0, 0, 0, 0, 0, -0.0030436069, -0.0024802117, -0.0023169525, -0.0023249444, -0.0024223065, -0.0025597394, -0.0026312026, -0.002770727, -0.0029012442, -0.0029624891, -0.0030749051, -0.003173507, -0.0032576742, -0.0032947925, -0.0033604705, -0.00341758, -0.0034440153, -0.0034936187, -0.0035396048, -0.0035799812, -0.0035972255, -0.003623757, -0.0036375148, -0.0036392333, -0.0036328668, -0.003615959, -0.0036050559, -0.0035808051, -0.0035560841, -0.0035312974, -0.0035185528, -0.003490687, -0.0034574114, -0.0034380048, -0.003392679, -0.0033394545, -0.003280875, -0.0032507582, -0.0031911659, -0.0031343442, -0.0031071776, -0.0030545846, -0.003001645, -0.0029451123, -0.0029147558, -0.0028489341, -0.0027771348, -0.0027398218, -0.002665011, -0.0025931962, -0.002559514, -0.002497517, -0.002441819, -0.0023898939, -0.0023641177, -0.0023110858, -0.002254143, -0.0022239818, -0.0021611217, -0.0020972323, -0.002036342, -0.0020081024, -0.0019571444, -0.0019137304, -0.0018942634, -0.0018584277, -0.001823775, -0.0018059968, -0.0017686188, -0.0017285828, -0.001687287, -0.001666978, -0.0016292192, -0.001597284, -0.0015839591, -0.0015625561, -0.001546411, -0.0015334885, -0.0015274516, -0.0015153491, -0.001502084, -0.0014950508, -0.001480662, -0.0014671677, -0.0014612513, -0.0014523119, -0.001447132, -0.0014457426, -0.0014460522, -0.0014481349, -0.001451232, -0.0014529374, -0.0014561748, -0.0014592228, -0.0014626822, -0.0014647162, -0.0014696253, -0.0014753576, -0.0014782563, -0.0014832951, -0.0014865592, -0.0014872127, -0.0014864105, -0.0014829288, -0.0014769625, -0.0014731761, -0.0014642293, -0.0014533682, -0.0014470727, -0.0014320626, -0.0014123657, -0.0013861776, -0.0013702885, -0.0013336395, -0.0012963603, -0.0012832702, -0.0012941979, -0.0014014986
0, 0, 0, 0, 0, 0, 0, 0, 0, 0, 0, 0, 0, 0, 0, 0, 0, 0, 0, 0, 0, 0, 0, 0, 0, 0, 0, 0, 0, 0, 0, 0, -0.0032448438, -0.0025838185, -0.002324167, -0.0023169117, -0.0024173781, -0.0025751158, -0.0026576822, -0.0028176347, -0.0029661309, -0.003035086, -0.0031608983, -0.0032699457, -0.003362626, -0.0034033237, -0.003475554, -0.0035390856, -0.0035687685, -0.0036256975, -0.0036794767, -0.0037281823, -0.0037496286, -0.003784249, -0.0038057081, -0.0038111885, -0.0038123725, -0.0038035817, -0.0037968713, -0.0037810504, -0.0037649828, -0.0037480465, -0.0037390238, -0.0037175207, -0.0036891028, -0.0036714913, -0.0036291447, -0.00357801, -0.0035213246, -0.0034922126, -0.003435043, -0.003381298, -0.0033559273, -0.0033066617, -0.003257458, -0.0032049366, -0.003176585, -0.0031144922, -0.003045679, -0.0030093987, -0.0029354016, -0.0028624139, -0.0028272455, -0.0027610555, -0.0026999956, -0.0026420977, -0.0026136292, -0.0025557315, -0.0024955717, -0.0024644372, -0.0024006155, -0.0023363365, -0.0022747014, -0.0022455119, -0.0021915, -0.0021431188, -0.0021206688, -0.0020779276, -0.0020364108, -0.0020154186, -0.0019723591, -0.0019274999, -0.0018818178, -0.0018592472, -0.0018164772, -0.0017785854, -0.0017618923, -0.0017328801, -0.0017089878, -0.0016888211, -0.0016795349, -0.0016618415, -0.0016441887, -0.0016352361, -0.001617007, -0.0015991965, -0.0015908494, -0.0015762348, -0.0015647144, -0.0015566854, -0.0015538981, -0.0015502477, -0.0015486212, -0.0015483025, -0.0015479205, -0.0015475688, -0.0015469145, -0.0015465043, -0.0015458184, -0.0015451246, -0.0015447648, -0.0015437553, -0.0015422748, -0.0015412795, -0.0015384404, -0.0015342693, -0.0015282662, -0.0015243934, -0.0015144531, -0.0015012095, -0.0014932166, -0.0014740529, -0.0014499791, -0.0014201051, -0.0014028118, -0.0013643465, -0.001326355, -0.0013131055, -0.0013243674, -0.0014333696
0, 0, 0, 0, 0, 0, 0, 0, 0, 0, 0, 0, 0, 0, 0, 0, 0, 0, 0, 0, 0, 0, 0, 0, 0, 0, 0, 0, 0, 0, 0, 0, 0, -0.002632217, -0.002344942, -0.0023312436, -0.0024324206, -0.0026023174, -0.0026932075, -0.0028704419, -0.0030347158, -0.0031106558, -0.003248611, -0.003367527, -0.0034678036, -0.003511706, -0.0035893968, -0.003658203, -0.0036905783, -0.0037532803, -0.0038129336, -0.0038680574, -0.0038926473, -0.0039340816, -0.0039634905, -0.003973229, -0.003983997, -0.00398568, -0.003984338, -0.0039792554, -0.003972773, -0.003964818, -0.0039594765, -0.0039445846, -0.003921427, -0.0039061976, -0.0038680702, -0.0038205371, -0.003767185, -0.003739533, -0.0036847477, -0.0036325676, -0.0036074736, -0.003558544, -0.0035092488, -0.003457156, -0.003429474, -0.003369897, -0.0033045183, -0.0032700927, -0.0031991426, -0.0031277318, -0.0030925176, -0.0030241595, -0.0029585187, -0.002894609, -0.0028630656, -0.0028001277, -0.0027368004, -0.0027049687, -0.0026413668, -0.0025787258, -0.0025183808, -0.0024892723, -0.0024337077, -0.0023814163, -0.0023559676, -0.0023062103, -0.0022571553, -0.00223274, -0.0021839153, -0.0021353548, -0.0020873996, -0.0020640001, -0.002019292, -0.0019779229, -0.001958653, -0.0019230255, -0.0018909922, -0.0018620904, -0.0018487619, -0.0018235975, -0.0018002421, -0.0017891052, -0.0017678138, -0.0017477806, -0.0017384739, -0.0017214627, -0.0017067633, -0.0016943446, -0.0016888363, -0.0016793793, -0.0016716621, -0.0016682337, -0.001662152, -0.0016564528, -0.0016507162, -0.0016477543, -0.0016417925, -0.0016357346, -0.0016326715, -0.0016267047, -0.0016209771, -0.0016181889, -0.0016125314, -0.0016060085, -0.0015976873, -0.0015924646, -0.0015794215, -0.0015621564, -0.001551825, -0.001527584, -0.0014985104, -0.0014643741, -0.0014453303, -0.0014042773, -0.0013645601, -0.0013506828, -0.0013609042, -0.0014707802
0, 0, 0, 0, 0, 0, 0, 0, 0, 0, 0, 0, 0, 0, 0, 0, 0, 0, 0, 0, 0, 0, 0, 0, 0, 0, 0, 0, 0, 0, 0, 0, 0, -0.002750556, -0.0025056596, -0.0024450747, -0.0024831742, -0.0026381079, -0.0027313326, -0.0029208623, -0.0030996643, -0.0031827055, -0.0033332603, -0.0034627614, -0.0035720384, -0.003619937, -0.0037047905, -0.0037804758, -0.003816142, -0.0038850484, -0.0039505246, -0.0040107584, -0.004037892, -0.004084925, -0.004120889, -0.004134312, -0.0041535697, -0.0041644787, -0.0041678282, -0.004171558, -0.004172573, -0.0041705198, -0.0041677756, -0.0041574026, -0.004139124, -0.0041266023, -0.0040943855, -0.0040539387, -0.004007472, -0.003982987, -0.003933065, -0.0038828482, -0.003857751, -0.0038069042, -0.0037543, -0.0036993194, -0.0036707176, -0.0036109097, -0.0035481304, -0.00351566, -0.0034493343, -0.0033822882, -0.0033485992, -0.0032813353, -0.0032140822, -0.0031466421, -0.0031129972, -0.0030462216, -0.0029807934, -0.0029486686, -0.0028863084, -0.0028260413, -0.002767845, -0.0027393843, -0.0026832859, -0.002627579, -0.0025996456, -0.0025434864, -0.0024875866, -0.0024600786, -0.0024064176, -0.0023553167, -0.0023068488, -0.0022836647, -0.0022388697, -0.0021958777, -0.0021748827, -0.0021337918, -0.0020939813, -0.002056135, -0.0020382963, -0.0020049405, -0.001975198, -0.0019617497, -0.0019373456, -0.0019158612, -0.0019060711, -0.0018878784, -0.0018708782, -0.0018544471, -0.0018463169, -0.0018308336, -0.0018163533, -0.0018096578, -0.0017973967, -0.0017862968, -0.0017759986, -0.001771033, -0.0017610523, -0.0017510308, -0.0017459355, -0.001735833, -0.0017260681, -0.001721402, -0.0017119757, -0.0017015754, -0.0016891436, -0.0016817749, -0.001663952, -0.0016415018, -0.001628437, -0.0015984668, -0.0015636021, -0.0015240964, -0.0015026618, -0.001457338, -0.0014137627, -0.00139798, -0.0014049911, -0.0015144515
0, 0, 0, 0, 0, 0, 0, 0, 0, 0, 0, 0, 0, 0, 0, 0, 0, 0, 0, 0, 0, 0, 0, 0, 0, 0, 0, 0, 0, 0, 0, 0, 0, -0.0036670212, -0.0028590208, -0.0026445643, -0.0025482578, -0.0026765396, -0.002770842, -0.002970876, -0.0031619624, -0.003250562, -0.0034119901, -0.003551569, -0.0036703448, -0.003722957, -0.0038180705, -0.0039035443, -0.0039439956, -0.004020986, -0.004093266, -0.004158639, -0.004187942, -0.004239121, -0.0042796247, -0.0042956956, -0.004320593, -0.0043375534, -0.0043436573, -0.004352435, -0.004357079, -0.004357216, -0.0043553524, -0.004346805, -0.004331771, -0.0043216306, -0.004296517, -0.0042654593, -0.004229619, -0.0042101573, -0.004168509, -0.0041232044, -0.0040991125, -0.004047733, -0.00399228, -0.0039336495, -0.0039036262, -0.003842842, -0.0037818002, -0.003751264, -0.0036903825, -0.0036292325, -0.003598135, -0.0035348746, -0.0034689312, -0.0034007505, -0.0033662338, -0.0032976158, -0.003231138, -0.0031991364, -0.0031378241, -0.0030797618, -0.0030236798, -0.0029958286, -0.0029396405, -0.0028815512, -0.002851821, -0.0027911477, -0.0027305358, -0.0027009, -0.002644069, -0.0025916616, -0.002543309, -0.0025203812, -0.002476002, -0.0024321524, -0.0024099417, -0.0023645733, -0.002318431, -0.0022730157, -0.0022512553, -0.0022106238, -0.0021748166, -0.0021589221, -0.002130726, -0.0021064912, -0.0020953882, -0.002074147, -0.0020528908, -0.0020309754, -0.0020198263, -0.0019979398, -0.001977329, -0.0019677877, -0.0019504072, -0.0019352087, -0.0019215149, -0.0019149185, -0.0019018105, -0.001888218, -0.0018811319, -0.001866547, -0.0018519409, -0.0018447076, -0.0018303418, -0.0018148987, -0.0017974625, -0.001787515, -0.00176448, -0.0017366046, -0.0017206867, -0.0016847694, -0.0016436581, -0.0015977432, -0.0015732041, -0.0015216107, -0.0014718605, -0.0014530062, -0.0014547012, -0.0015623701
0, 0, 0, 0, 0, 0, 0, 0, 0, 0, 0, 0, 0, 0, 0, 0, 0, 0, 0, 0, 0, 0, 0, 0, 0, 0, 0, 0, 0, 0, 0, 0, 0, 0, -0.0029883937, -0.0027490337, -0.00261669, -0.0027313342, -0.0028239465, -0.0030253942, -0.0032204166, -0.0033113915, -0.0034778977, -0.003623802, -0.0037510789, -0.0038088565, -0.0039153923, -0.0040128045, -0.004059076, -0.0041465564, -0.004226486, -0.004297503, -0.0043290746, -0.0043840692, -0.0044281846, -0.00444646, -0.004476019, -0.0044976203, -0.0045059174, -0.004518336, -0.004525251, -0.0045260442, -0.004524047, -0.0045155105, -0.0045017805, -0.004493472, -0.0044747232, -0.0044531324, -0.0044285385, -0.004415027, -0.004383855, -0.0043466794, -0.004325401, -0.004277368, -0.0042228857, -0.004164296, -0.0041342666, -0.004074707, -0.0040167486, -0.0039885454, -0.0039332095, -0.0038782388, -0.0038500077, -0.0037912424, -0.0037281893, -0.0036612176, -0.0036269596, -0.0035581128, -0.0034916317, -0.003459762, -0.0033992876, -0.0033426213, -0.0032880388, -0.0032607105, -0.003204783, -0.0031460542, -0.0031155902, -0.003053275, -0.0029910475, -0.0029608058, -0.0029034412, -0.0028507563, -0.0028026826, -0.002779789, -0.0027350732, -0.0026898966, -0.0026665034, -0.002618029, -0.0025677423, -0.002517599, -0.002493381, -0.002447962, -0.0024076148, -0.0023894715, -0.0023566356, -0.0023274359, -0.002313543, -0.0022858742, -0.00225741, -0.00222814, -0.002213488, -0.002185316, -0.0021596365, -0.0021480143, -0.0021270765, -0.0021087334, -0.0020919042, -0.0020836294, -0.0020665417, -0.002047835, -0.002037832, -0.0020167264, -0.0019951854, -0.0019844866, -0.0019634655, -0.0019420078, -0.0019188958, -0.0019063443, -0.0018781185, -0.0018449468, -0.0018262429, -0.0017842121, -0.0017363338, -0.0016830891, -0.0016546397, -0.0015950914, -0.0015370316, -0.0015141229, -0.0015088829, -0.0016140459
0, 0, 0, 0, 0, 0, 0, 0, 0, 0, 0, 0, 0, 0, 0, 0, 0, 0, 0, 0, 0, 0, 0, 0, 0, 0, 0, 0, 0, 0, 0, 0, 0, 0, -0.003128572, -0.0029893771, -0.0027930953, -0.0028260092, -0.0028946225, -0.0030722271, -0.0032596313, -0.0033496162, -0.0035169872, -0.0036669243, -0.0038017516, -0.0038644932, -0.0039827977, -0.0040930626, -0.0041454136, -0.0042432696, -0.004331441, -0.0044081258, -0.0044421903, -0.004501595, -0.004550487, -0.004571463, -0.004607379, -0.004636271, -0.004648143, -0.004666768, -0.0046781455, -0.0046814694, -0.004680211, -0.004672737, -0.0046605696, -0.0046536387, -0.004639247, -0.004624757, -0.00460926, -0.0046004024, -0.0045791906, -0.004551064, -0.004533901, -0.00449314, -0.0044447496, -0.0043917005, -0.0043642893, -0.0043101828, -0.0042579975, -0.004232786, -0.0041833934, -0.00413376, -0.0041080248, -0.0040532146, -0.003993167, -0.003928616, -0.0038953067, -0.0038283612, -0.0037633867, -0.0037322463, -0.0036730848, -0.0036178438, -0.0035645652, -0.0035378837, -0.003483115, -0.0034256238, -0.0033958186, -0.003335206, -0.0032750785, -0.0032459025, -0.0031903097, -0.003138865, -0.003090855, -0.0030675381, -0.0030214258, -0.0029741772, -0.0029495724, -0.0028987431, -0.0028464932, -0.0027948506, -0.0027699615, -0.0027230477, -0.0026803764, -0.0026605553, -0.0026231725, -0.0025875638, -0.002569817, -0.0025337285, -0.002496594, -0.0024594143, -0.0024412745, -0.0024075601, -0.002377914, -0.002364616, -0.0023407228, -0.002318967, -0.002297844, -0.0022869257, -0.0022632617, -0.002236695, -0.0022223275, -0.0021921268, -0.0021613408, -0.0021462815, -0.0021170955, -0.002088579, -0.0020591493, -0.0020436132, -0.0020095995, -0.00197045, -0.0019486104, -0.0018997386, -0.0018441204, -0.0017823916, -0.0017493344, -0.0016801176, -0.0016119413, -0.0015841135, -0.0015703727, -0.0016724094
0, 0, 0, 0, 0, 0, 0, 0, 0, 0, 0, 0, 0, 0, 0, 0, 0, 0, 0, 0, 0, 0, 0, 0, 0, 0, 0, 0, 0, 0, 0, 0, 0, 0, -0.004226821, -0.003746331, -0.0030774837, -0.002905716, -0.0029293725, -0.0030710138, -0.003253056, -0.0033441854, -0.0035164817, -0.0036742026, -0.0038192526, -0.0038881055, -0.0040193438, -0.0041421074, -0.004200039, -0.0043075373, -0.0044025406, -0.0044841575, -0.0045204405, -0.0045843995, -0.0046395217, -0.0046644183, -0.004709364, -0.004748636, -0.0047658556, -0.0047949315, -0.0048146825, -0.0048246095, -0.004825916, -0.0048228097, -0.0048143594, -0.0048092087, -0.0047986093, -0.004788633, -0.00477869, -0.004773014, -0.004758575, -0.0047379727, -0.004724893, -0.0046924995, -0.0046534785, -0.0046102344, -0.0045878333, -0.00454324, -0.0044995337, -0.004478106, -0.004435291, -0.0043905484, -0.0043666824, -0.0043152105, -0.004258471, -0.0041977316, -0.004166546, -0.004104127, -0.004043706, -0.004014739, -0.0039592534, -0.003906823, -0.0038557118, -0.0038300972, -0.003777445, -0.003722808, -0.003694803, -0.0036382908, -0.003582867, -0.0035560546, -0.0035044842, -0.0034554456, -0.003407823, -0.003384198, -0.003336263, -0.0032864523, -0.0032607599, -0.00320814, -0.0031554808, -0.0031044174, -0.0030801585, -0.0030341446, -0.0029910714, -0.0029702433, -0.0029292328, -0.002887862, -0.0028665725, -0.0028229253, -0.0027782593, -0.0027344974, -0.0027136412, -0.0026753552, -0.0026420907, -0.0026271038, -0.0025993874, -0.0025727286, -0.0025450252, -0.00253016, -0.002497431, -0.0024607002, -0.0024410617, -0.0024003617, -0.002359466, -0.0023396509, -0.0023016187, -0.0022650973, -0.0022282517, -0.0022090229, -0.0021675462, -0.0021204755, -0.0020944811, -0.0020369873, -0.001972106, -0.0019003451, -0.0018620113, -0.0017815222, -0.001701593, -0.0016678404, -0.0016438694, -0.0017418454
0, 0, 0, 0, 0, 0, 0, 0, 0, 0, 0, 0, 0, 0, 0, 0, 0, 0, 0, 0, 0, 0, 0, 0, 0, 0, 0, 0, 0, 0, 0, 0, 0, 0, 0, -0.004011213, -0.0031794484, -0.002868825, -0.002866208, -0.0029989297, -0.003193328, -0.0032922693, -0.0034812232, -0.0036554774, -0.003817172, -0.003894039, -0.0040402478, -0.0041755266, -0.0042383145, -0.0043531437, -0.00445278, -0.004537635, -0.0045752823, -0.00464356, -0.004704509, -0.004733193, -0.004787748, -0.0048382063, -0.0048610806, -0.0049009304, -0.0049305535, -0.0049490947, -0.004954594, -0.0049588457, -0.0049574706, -0.0049554254, -0.004950436, -0.004945224, -0.004939306, -0.004935509, -0.0049252952, -0.0049097426, -0.0048996867, -0.004874837, -0.0048453864, -0.004813018, -0.0047964733, -0.0047633145, -0.004729947, -0.0047130315, -0.004677405, -0.0046379804, -0.004616323, -0.0045690294, -0.004516894, -0.0044621225, -0.0044344123, -0.0043798885, -0.0043277475, -0.0043026847, -0.0042543234, -0.0042072516, -0.004160035, -0.00413602, -0.004086392, -0.004035006, -0.004009078, -0.003957453, -0.003907583, -0.0038835364, -0.0038368914, -0.0037912573, -0.0037452546, -0.0037216314, -0.00367276, -0.0036213493, -0.0035948942, -0.003541399, -0.003488796, -0.0034389095, -0.0034153285, -0.0033705344, -0.0033276218, -0.003306293, -0.003262904, -0.0032176434, -0.0031941484, -0.0031456444, -0.0030964268, -0.003048471, -0.0030257506, -0.0029837186, -0.0029463626, -0.002929026, -0.002895735, -0.0028620565, -0.0028257163, -0.0028060458, -0.0027633628, -0.0027163809, -0.0026917276, -0.0026415142, -0.002591829, -0.0025677409, -0.002521226, -0.00247605, -0.0024301303, -0.0024061622, -0.0023546848, -0.0022971374, -0.0022657465, -0.0021974237, -0.002121553, -0.0020383422, -0.0019940466, -0.0019008921, -0.0018074616, -0.0017669983, -0.0017309797, -0.0018236063
0, 0, 0, 0, 0, 0, 0, 0, 0, 0, 0, 0, 0, 0, 0, 0, 0, 0, 0, 0, 0, 0, 0, 0, 0, 0, 0, 0, 0, 0, 0, 0, 0, 0, 0, 0, -0.0031292867, -0.0027766423, -0.0027671286, -0.0029030733, -0.0031146123, -0.0032248849, -0.0034374637, -0.003635006, -0.003817678, -0.0039038293, -0.0040655225, -0.004211768, -0.0042785066, -0.004398151, -0.004499999, -0.004586447, -0.004625243, -0.0046961443, -0.004761854, -0.004793613, -0.004855293, -0.0049132165, -0.004939851, -0.0049868976, -0.0050234636, -0.0050494536, -0.005058818, -0.005071815, -0.005079681, -0.0050824108, -0.0050864783, -0.005088825, -0.005088822, -0.0050875912, -0.0050814464, -0.0050699613, -0.005062158, -0.0050432025, -0.005021522, -0.004999082, -0.0049881665, -0.0049660793, -0.0049434956, -0.004931282, -0.0049040653, -0.0048716683, -0.004853165, -0.00481197, -0.004766747, -0.004720151, -0.0046971925, -0.0046530133, -0.004611673, -0.004591917, -0.0045529413, -0.0045134053, -0.00447153, -0.004449513, -0.0044032456, -0.004355089, -0.004330766, -0.004283342, -0.0042381333, -0.00421645, -0.0041744863, -0.004132785, -0.00408961, -0.0040669893, -0.00401925, -0.003968358, -0.003942033, -0.0038887423, -0.0038364562, -0.0037870328, -0.0037635895, -0.0037187727, -0.0036752052, -0.003653287, -0.003608136, -0.0035606148, -0.0035359224, -0.0034852365, -0.0034339284, -0.0033838851, -0.0033597846, -0.0033140606, -0.0032714314, -0.0032509742, -0.003210359, -0.003167958, -0.0031223323, -0.0030979947, -0.0030461422, -0.0029911604, -0.002962966, -0.002906043, -0.0028499623, -0.0028223803, -0.0027681047, -0.0027136756, -0.0026570621, -0.0026272477, -0.0025635639, -0.0024934306, -0.0024556527, -0.0023747934, -0.0022866451, -0.0021910933, -0.0021403693, -0.002033526, -0.0019253141, -0.0018772306, -0.001827545, -0.0019137502
0, 0, 0, 0, 0, 0, 0, 0, 0, 0, 0, 0, 0, 0, 0, 0, 0, 0, 0, 0, 0, 0, 0, 0, 0, 0, 0, 0, 0, 0, 0, 0, 0, 0, 0, 0, -0.0030897341, -0.0028328954, -0.0027814992, -0.0028604167, -0.0030652736, -0.0031822124, -0.0034153755, -0.0036345753, -0.003835801, -0.0039296453, -0.0041031637, -0.004256561, -0.004325216, -0.004447251, -0.004549958, -0.004637614, -0.0046772915, -0.0047512953, -0.0048212144, -0.0048552095, -0.004921146, -0.004982599, -0.005010609, -0.0050598285, -0.0050989757, -0.0051288726, -0.0051411064, -0.0051618735, -0.0051797135, -0.0051880004, -0.005203844, -0.0052174944, -0.005227547, -0.0052304794, -0.0052313213, -0.0052251015, -0.0052197697, -0.0052061267, -0.0051912535, -0.0051770383, -0.0051706773, -0.005158627, -0.005146128, -0.005138902, -0.0051208897, -0.0050969217, -0.005082544, -0.005049448, -0.0050127916, -0.0049755815, -0.0049577113, -0.0049240123, -0.0048935465, -0.0048789554, -0.0048495345, -0.004817836, -0.004782012, -0.0047623916, -0.0047199135, -0.0046748244, -0.0046520173, -0.004607508, -0.004565602, -0.004545673, -0.0045073004, -0.0044693816, -0.004429993, -0.0044090827, -0.004364698, -0.0043165884, -0.0042915917, -0.004240336, -0.0041892277, -0.00413977, -0.0041160006, -0.0040697106, -0.0040240195, -0.004000982, -0.003953669, -0.003904206, -0.0038787476, -0.0038267144, -0.0037742862, -0.003722387, -0.0036969238, -0.0036470147, -0.0035981913, -0.0035739748, -0.003524664, -0.0034732544, -0.0034188873, -0.0033905588, -0.0033317916, -0.003271407, -0.0032409714, -0.003179857, -0.0031189194, -0.003088324, -0.0030262487, -0.0029618389, -0.0028934437, -0.0028572655, -0.0027802722, -0.0026967153, -0.0026524384, -0.002558701, -0.0024580138, -0.0023496882, -0.0022922705, -0.0021710447, -0.0020469464, -0.0019906485, -0.0019262208, -0.0020054795
0, 0, 0, 0, 0, 0, 0, 0, 0, 0, 0, 0, 0, 0, 0, 0, 0, 0, 0, 0, 0, 0, 0, 0, 0, 0, 0, 0, 0, 0, 0, 0, 0, 0, 0, 0, -0.0040373467, -0.0031699208, -0.0029522998, -0.0028869025, -0.0030630021, -0.0031811926, -0.003424736, -0.0036557121, -0.0038668017, -0.003964475, -0.0041432693, -0.0042990735, -0.004368285, -0.004490312, -0.004593661, -0.004683466, -0.00472497, -0.0048038256, -0.0048794937, -0.0049164384, -0.00498716, -0.0050514597, -0.0050802915, -0.0051303986, -0.0051704287, -0.0052025393, -0.0052165934, -0.0052433573, -0.0052702064, -0.005284052, -0.0053122705, -0.0053393175, -0.005362053, -0.0053706956, -0.0053815166, -0.005383412, -0.0053815697, -0.0053746873, -0.0053665694, -0.0053596874, -0.00535722, -0.005353709, -0.005349949, -0.0053472845, -0.0053384784, -0.005323544, -0.0053135473, -0.0052893795, -0.0052615185, -0.005233069, -0.0052194693, -0.0051943753, -0.005171889, -0.0051611564, -0.005139174, -0.00511434, -0.005084371, -0.0050674533, -0.005029765, -0.004988836, -0.004967764, -0.004926282, -0.0048867944, -0.004868001, -0.004832249, -0.004797294, -0.004761395, -0.0047426033, -0.0047024423, -0.004658822, -0.0046359007, -0.0045882827, -0.004539735, -0.0044908896, -0.0044666603, -0.004418397, -0.00437002, -0.0043454287, -0.004295332, -0.0042434786, -0.004216988, -0.0041631637, -0.004108785, -0.004054346, -0.004027063, -0.0039722715, -0.0039166855, -0.0038884957, -0.003830708, -0.0037708927, -0.0037091263, -0.003677614, -0.00361365, -0.0035490969, -0.0035166992, -0.003451559, -0.0033851294, -0.0033510127, -0.003280203, -0.003204963, -0.0031244687, -0.0030821327, -0.002992519, -0.0028965545, -0.0028462214, -0.0027406232, -0.0026279, -0.0025068803, -0.0024426412, -0.0023064017, -0.0021656968, -0.0021008807, -0.0020212433, -0.0020934541
0, 0, 0, 0, 0, 0, 0, 0, 0, 0, 0, 0, 0, 0, 0, 0, 0, 0, 0, 0, 0, 0, 0, 0, 0, 0, 0, 0, 0, 0, 0, 0, 0, 0, 0, 0, 0, -0.0033242838, -0.0030734506, -0.002954623, -0.0031022571, -0.0032125262, -0.003449218, -0.003679309, -0.0038918708, -0.0039902357, -0.0041698506, -0.0043256744, -0.004394535, -0.004516677, -0.0046216943, -0.0047155293, -0.004759844, -0.0048460574, -0.004930489, -0.0049718167, -0.0050510284, -0.005122459, -0.0051543987, -0.0052094758, -0.0052536163, -0.00528982, -0.005306059, -0.005338093, -0.0053720414, -0.005390296, -0.0054287286, -0.005467297, -0.0055019613, -0.005516487, -0.0055385474, -0.005550759, -0.0055535785, -0.0055551743, -0.0055546677, -0.0055546947, -0.0055556544, -0.005558896, -0.0055628046, -0.005564038, -0.0055633024, -0.0055566314, -0.0055508134, -0.005534921, -0.00551492, -0.00549337, -0.0054827733, -0.0054628868, -0.0054451004, -0.0054365583, -0.0054191863, -0.0053993505, -0.0053751348, -0.0053612716, -0.005329734, -0.0052945362, -0.005276081, -0.005238605, -0.0052017826, -0.0051839883, -0.0051496187, -0.005116341, -0.0050827595, -0.0050653857, -0.0050288206, -0.0049894783, -0.004968784, -0.004925608, -0.004880374, -0.004833126, -0.0048089544, -0.0047595883, -0.0047090356, -0.0046832142, -0.0046304557, -0.004575999, -0.0045483084, -0.004491865, -0.004434595, -0.0043765386, -0.0043471004, -0.0042870226, -0.004224883, -0.0041931616, -0.004128146, -0.004061504, -0.00399372, -0.0039594835, -0.003890573, -0.003821089, -0.0037859692, -0.0037146474, -0.0036404065, -0.0036017452, -0.0035207747, -0.0034343975, -0.003342551, -0.003294529, -0.0031942027, -0.0030879816, -0.0030325113, -0.0029165272, -0.002792897, -0.0026593716, -0.0025882625, -0.0024367692, -0.0022791978, -0.0022058464, -0.002111089, -0.0021763823
0, 0, 0, 0, 0, 0, 0, 0, 0, 0, 0, 0, 0, 0, 0, 0, 0, 0, 0, 0, 0, 0, 0, 0, 0, 0, 0, 0, 0, 0, 0, 0, 0, 0, 0, 0, 0, -0.0047520525, -0.0041874168, -0.0034151617, -0.003220461, -0.0032517894, -0.0034298967, -0.0036588262, -0.003881891, -0.0039855065, -0.004173388, -0.0043368726, -0.004409735, -0.004541063, -0.004656856, -0.0047634486, -0.0048153196, -0.0049190875, -0.005024723, -0.0050780084, -0.0051835896, -0.0052835136, -0.0053299977, -0.005413416, -0.0054835007, -0.0055412194, -0.0055667013, -0.00561368, -0.005658877, -0.005681912, -0.005729256, -0.005777595, -0.0058242036, -0.005845826, -0.00588429, -0.005914951, -0.005927384, -0.005947263, -0.00596195, -0.0059740013, -0.005979875, -0.005991889, -0.00600463, -0.006010814, -0.0060211066, -0.006027497, -0.0060288, -0.006027366, -0.006020825, -0.006010262, -0.00600393, -0.0059900503, -0.005975516, -0.0059683514, -0.005954395, -0.0059400564, -0.0059243413, -0.005915705, -0.0058962144, -0.005873356, -0.0058605834, -0.0058323108, -0.0058009913, -0.0057845633, -0.0057506394, -0.0057162126, -0.0056816046, -0.0056640953, -0.005628456, -0.0055918293, -0.005573082, -0.005534495, -0.005493463, -0.005449486, -0.0054261656, -0.0053771352, -0.0053255465, -0.0052988445, -0.005243846, -0.005186396, -0.005156619, -0.005095253, -0.0050314204, -0.0049653146, -0.004931294, -0.0048613595, -0.0047889603, -0.0047520483, -0.004677202, -0.0046013393, -0.004524259, -0.0044850707, -0.0044047683, -0.004321472, -0.004278414, -0.0041893213, -0.004095757, -0.004047053, -0.003945957, -0.0038402164, -0.0037303306, -0.0036738706, -0.003557695, -0.0034359414, -0.003372597, -0.0032397313, -0.0030966632, -0.0029403656, -0.0028564765, -0.002676908, -0.0024890522, -0.0024005345, -0.0022791743, -0.0023326355
0, 0, 0, 0, 0, 0, 0, 0, 0, 0, 0, 0, 0, 0, 0, 0, 0, 0, 0, 0, 0, 0, 0, 0, 0, 0, 0, 0, 0, 0, 0, 0, 0, 0, 0, 0, 0, 0, -0.00440656, -0.0035068898, -0.0031933773, -0.0032071278, -0.0033884319, -0.003631015, -0.0038647512, -0.003972578, -0.0041699335, -0.0043442864, -0.0044234935, -0.0045672287, -0.004694696, -0.0048117037, -0.004868085, -0.0049804104, -0.0050948407, -0.005152972, -0.0052699056, -0.005383475, -0.0054373303, -0.0055368794, -0.0056233583, -0.005696299, -0.005728305, -0.0057856515, -0.0058378605, -0.0058631185, -0.0059131943, -0.0059631597, -0.0060118926, -0.006035193, -0.006078331, -0.006115788, -0.0061320853, -0.006159179, -0.0061801323, -0.006196574, -0.0062038945, -0.0062177693, -0.0062315604, -0.0062384726, -0.006251362, -0.006261915, -0.006266009, -0.0062709674, -0.00627149, -0.0062669828, -0.0062630572, -0.0062524374, -0.0062393835, -0.006232434, -0.006218508, -0.0062043294, -0.0061892318, -0.006181189, -0.0061635175, -0.00614295, -0.0061313873, -0.0061049936, -0.006074568, -0.0060580173, -0.0060231243, -0.0059868814, -0.005950175, -0.0059315846, -0.005894096, -0.005855732, -0.005836126, -0.005795856, -0.005753409, -0.0057082456, -0.005684447, -0.0056344112, -0.005581918, -0.0055548055, -0.005498721, -0.005439824, -0.005409198, -0.005345593, -0.0052787187, -0.0052086585, -0.005172472, -0.005098136, -0.005021334, -0.004982254, -0.0049035163, -0.0048236847, -0.0047423523, -0.004700718, -0.0046150186, -0.0045253066, -0.0044787284, -0.00438222, -0.004280998, -0.004228622, -0.0041205036, -0.0040081264, -0.003891969, -0.0038324345, -0.003709973, -0.0035815125, -0.0035145872, -0.0033740161, -0.0032223046, -0.0030568182, -0.002968094, -0.0027784372, -0.0025799708, -0.0024861589, -0.0023555253, -0.0024054302
0, 0, 0, 0, 0, 0, 0, 0, 0, 0, 0, 0, 0, 0, 0, 0, 0, 0, 0, 0, 0, 0, 0, 0, 0, 0, 0, 0, 0, 0, 0, 0, 0, 0, 0, 0, 0, 0, 0, -0.0035855977, -0.0032609922, -0.0032585785, -0.0034031249, -0.0036194853, -0.0038438293, -0.003952865, -0.00416085, -0.004353048, -0.0044422564, -0.0046064635, -0.0047528637, -0.004885804, -0.0049490677, -0.005072622, -0.005196106, -0.005258404, -0.0053832913, -0.0055057653, -0.0055649597, -0.005676107, -0.005775744, -0.005862425, -0.005901162, -0.0059702503, -0.0060314336, -0.006060063, -0.0061155143, -0.0061691487, -0.0062212595, -0.006246483, -0.0062944014, -0.006337749, -0.006357063, -0.006390697, -0.0064170854, -0.00643726, -0.006445694, -0.006460651, -0.006474367, -0.0064810934, -0.00649467, -0.006507542, -0.006513359, -0.0065231994, -0.0065292986, -0.0065301056, -0.006528268, -0.006520689, -0.006508777, -0.006501701, -0.006486514, -0.0064703566, -0.0064531774, -0.0064440626, -0.0064243297, -0.0064021884, -0.00638986, -0.0063622943, -0.006330544, -0.0063131675, -0.006276638, -0.0062383316, -0.0061995247, -0.0061799106, -0.0061402256, -0.00609931, -0.006078216, -0.006034301, -0.005988105, -0.005938893, -0.005913082, -0.005859572, -0.0058037434, -0.0057750912, -0.0057161576, -0.005654812, -0.0056229173, -0.005556622, -0.005486542, -0.0054124827, -0.0053741136, -0.005295195, -0.0052138497, -0.005172539, -0.0050890543, -0.0050046495, -0.0049185646, -0.0048745824, -0.004784103, -0.004689451, -0.0046403785, -0.004538803, -0.0044326056, -0.0043778024, -0.004264966, -0.0041479045, -0.004026662, -0.003964408, -0.0038358807, -0.0037007378, -0.0036302002, -0.0034821706, -0.0033230013, -0.003150423, -0.0030582866, -0.0028621133, -0.0026569883, -0.002559761, -0.0024230299, -0.0024712584
0, 0, 0, 0, 0, 0, 0, 0, 0, 0, 0, 0, 0, 0, 0, 0, 0, 0, 0, 0, 0, 0, 0, 0, 0, 0, 0, 0, 0, 0, 0, 0, 0, 0, 0, 0, 0, 0, 0, -0.004071905, -0.003733827, -0.0035923496, -0.0034959603, -0.0035958905, -0.0037902785, -0.0039016206, -0.0041298154, -0.0043503335, -0.004454391, -0.0046478705, -0.0048214365, -0.0049783634, -0.005052055, -0.0051932842, -0.0053295684, -0.0053967424, -0.005529201, -0.005657679, -0.005719741, -0.0058381543, -0.0059469715, -0.0060445135, -0.0060891714, -0.0061699203, -0.006241635, -0.006274964, -0.006337853, -0.00639756, -0.0064551244, -0.0064828796, -0.0065361513, -0.006585268, -0.006607617, -0.006647236, -0.0066788886, -0.006703329, -0.0067131617, -0.006729399, -0.006743095, -0.0067495923, -0.0067625553, -0.006775588, -0.0067821075, -0.006793886, -0.0068024932, -0.0068057245, -0.006804892, -0.0067982944, -0.0067860377, -0.006778223, -0.0067605916, -0.0067411554, -0.0067202183, -0.006709112, -0.0066853794, -0.0066592335, -0.006645002, -0.0066135987, -0.0065786736, -0.0065597952, -0.006520336, -0.006479627, -0.00643846, -0.0064177206, -0.0063757473, -0.0063320044, -0.0063092425, -0.0062610107, -0.0062094675, -0.0061541367, -0.0061253677, -0.006065719, -0.006003937, -0.005972532, -0.0059086643, -0.0058430587, -0.0058094496, -0.005739851, -0.005666181, -0.0055883755, -0.0055479393, -0.005464414, -0.0053782244, -0.0053343093, -0.0052455515, -0.005155501, -0.005064004, -0.005017479, -0.0049223457, -0.0048235473, -0.0047726496, -0.0046674875, -0.0045579523, -0.0045014718, -0.004385159, -0.0042644385, -0.0041385675, -0.0040736212, -0.003939086, -0.0037974233, -0.003723518, -0.003568723, -0.0034034238, -0.003225541, -0.0031311128, -0.0029306742, -0.0027214095, -0.0026219615, -0.0024811022, -0.0025286966
0, 0, 0, 0, 0, 0, 0, 0, 0, 0, 0, 0, 0, 0, 0, 0, 0, 0, 0, 0, 0, 0, 0, 0, 0, 0, 0, 0, 0, 0, 0, 0, 0, 0, 0, 0, 0, 0, 0, -0.0059341667, -0.0047493167, -0.0041509494, -0.0035306648, -0.0034873688, -0.0036818082, -0.0038099843, -0.0040785917, -0.004337995, -0.004460411, -0.0046883454, -0.0048943846, -0.005081379, -0.005168824, -0.0053338828, -0.0054880306, -0.005561956, -0.005704271, -0.0058394372, -0.0059041725, -0.006028273, -0.0061443183, -0.006251144, -0.0063007185, -0.0063922973, -0.006474369, -0.0065120715, -0.0065829135, -0.0066489372, -0.0067119063, -0.0067423373, -0.0068008387, -0.006855272, -0.006880598, -0.0069258995, -0.0069633536, -0.006992281, -0.007003876, -0.0070224544, -0.007036907, -0.0070433384, -0.0070555755, -0.0070678773, -0.0070739156, -0.00708474, -0.007092412, -0.0070946473, -0.0070931567, -0.0070851417, -0.0070706173, -0.0070614694, -0.0070407144, -0.0070176353, -0.006993416, -0.0069806953, -0.0069535626, -0.0069233943, -0.006906972, -0.0068712723, -0.0068316567, -0.0068106283, -0.006766795, -0.0067218076, -0.0066767423, -0.006654259, -0.006608933, -0.0065619154, -0.006537184, -0.006484636, -0.0064274394, -0.0063657486, -0.006333432, -0.0062663853, -0.0061972644, -0.006162263, -0.006091794, -0.0060207685, -0.005984822, -0.0059112217, -0.005834165, -0.0057528513, -0.00571056, -0.005623097, -0.0055322414, -0.005485765, -0.0053913393, -0.0052952045, -0.005197672, -0.005148348, -0.0050481586, -0.004944979, -0.0048921434, -0.004783522, -0.0046707783, -0.0046127685, -0.0044932314, -0.0043687066, -0.004238426, -0.0041709393, -0.004030845, -0.0038834598, -0.0038066497, -0.0036465693, -0.0034764153, -0.003294044, -0.0031975354, -0.002993071, -0.0027794188, -0.0026775985, -0.002532648, -0.0025794227
0, 0, 0, 0, 0, 0, 0, 0, 0, 0, 0, 0, 0, 0, 0, 0, 0, 0, 0, 0, 0, 0, 0, 0, 0, 0, 0, 0, 0, 0, 0, 0, 0, 0, 0, 0, 0, 0, 0, 0, -0.005688682, -0.004339814, -0.0033291506, -0.003307289, -0.0035720086, -0.003731473, -0.004049882, -0.0043466655, -0.0044850945, -0.004743559, -0.0049797148, -0.005196171, -0.0052974136, -0.005487274, -0.0056615374, -0.0057432815, -0.005898114, -0.006042262, -0.0061111692, -0.00624296, -0.006367107, -0.00648288, -0.0065373033, -0.0066384794, -0.006729055, -0.006770592, -0.0068474836, -0.0069179516, -0.006984619, -0.0070168115, -0.007079319, -0.007138337, -0.007166215, -0.0072169793, -0.0072597945, -0.0072934795, -0.007307027, -0.0073283697, -0.0073441477, -0.0073509184, -0.0073628915, -0.0073743854, -0.0073796953, -0.0073886714, -0.0073939147, -0.007393427, -0.007390569, -0.007379562, -0.007362067, -0.00735135, -0.007327256, -0.0073015173, -0.0072751646, -0.007261682, -0.00723303, -0.0072008036, -0.007182903, -0.0071432493, -0.007098632, -0.007074784, -0.0070248665, -0.0069732685, -0.0069214953, -0.0068957885, -0.006844729, -0.0067927246, -0.0067656944, -0.0067087477, -0.0066465107, -0.0065790117, -0.0065435283, -0.0064695207, -0.0063930326, -0.006354292, -0.0062765717, -0.0061990605, -0.0061602676, -0.0060820947, -0.00600148, -0.0059170397, -0.0058732023, -0.0057824794, -0.0056876596, -0.005638878, -0.005539251, -0.0054371143, -0.0053334334, -0.0052811285, -0.0051753926, -0.005067337, -0.005012265, -0.004899599, -0.0047830176, -0.004723195, -0.0046000406, -0.0044715083, -0.004336915, -0.004267134, -0.0041225906, -0.003970834, -0.0038921617, -0.0037283057, -0.0035541533, -0.0033673402, -0.0032682966, -0.003058154, -0.0028379075, -0.0027327146, -0.0025818802, -0.0026267439
0, 0, 0, 0, 0, 0, 0, 0, 0, 0, 0, 0, 0, 0, 0, 0, 0, 0, 0, 0, 0, 0, 0, 0, 0, 0, 0, 0, 0, 0, 0, 0, 0, 0, 0, 0, 0, 0, 0, 0, 0, -0.0032374247, -0.0031023494, -0.0032599617, -0.0035786855, -0.0037531925, -0.004094314, -0.0044094264, -0.004557085, -0.0048348485, -0.0050919903, -0.005330063, -0.0054417984, -0.0056508253, -0.005841245, -0.0059300875, -0.006097046, -0.0062520555, -0.006326118, -0.0064681508, -0.006602476, -0.00672864, -0.0067877364, -0.00689782, -0.0069955415, -0.0070398524, -0.00712085, -0.0071940455, -0.007262787, -0.0072961827, -0.007361767, -0.0074250363, -0.007455193, -0.0075108698, -0.0075585246, -0.007596525, -0.0076117385, -0.0076356363, -0.0076529365, -0.007660093, -0.007672812, -0.0076843193, -0.0076896544, -0.007698132, -0.0077021266, -0.007699851, -0.0076959794, -0.007682883, -0.0076626395, -0.0076505337, -0.007623709, -0.007595562, -0.007567744, -0.0075538284, -0.0075246617, -0.007491531, -0.0074727642, -0.0074302405, -0.0073812003, -0.0073543824, -0.0072974134, -0.0072374824, -0.007176613, -0.0071465033, -0.0070872065, -0.007028244, -0.006998331, -0.006936169, -0.0068693007, -0.006796911, -0.006758769, -0.0066790637, -0.0065958425, -0.006553414, -0.0064682923, -0.0063835788, -0.0063415826, -0.006257916, -0.006172871, -0.0060849455, -0.006039528, -0.0059455256, -0.0058472753, -0.005796482, -0.005692059, -0.005584474, -0.005475081, -0.0054200385, -0.0053088986, -0.005196002, -0.0051386133, -0.0050214035, -0.0049005924, -0.004838607, -0.0047113076, -0.00457851, -0.0044398005, -0.0043680626, -0.0042200102, -0.004065564, -0.0039856504, -0.0038190428, -0.0036413204, -0.0034493788, -0.0033472138, -0.0031295454, -0.0029005778, -0.0027909176, -0.0026322177, -0.0026740073
0, 0, 0, 0, 0, 0, 0, 0, 0, 0, 0, 0, 0, 0, 0, 0, 0, 0, 0, 0, 0, 0, 0, 0, 0, 0, 0, 0, 0, 0, 0, 0, 0, 0, 0, 0, 0, 0, 0, 0, 0, -0.0040149186, -0.0035958856, -0.003528243, -0.0037374925, -0.003886808, -0.0042077396, -0.0045231846, -0.004674054, -0.0049619884, -0.0052314103, -0.0054819766, -0.005599497, -0.005819349, -0.00601961, -0.006113025, -0.006289473, -0.006454864, -0.0065344386, -0.006687992, -0.006834233, -0.0069712717, -0.007035474, -0.007154314, -0.0072589586, -0.007306054, -0.0073911515, -0.0074676285, -0.007539473, -0.0075745396, -0.0076442277, -0.007712225, -0.0077448115, -0.0078052236, -0.007857192, -0.007898977, -0.007915636, -0.00794181, -0.007960584, -0.007968291, -0.007982216, -0.007995185, -0.008001366, -0.00801169, -0.0080174, -0.008016162, -0.008012607, -0.007999029, -0.007977568, -0.007964467, -0.007935047, -0.00790404, -0.007873525, -0.0078584915, -0.0078276545, -0.0077930246, -0.007773574, -0.0077288225, -0.0076763094, -0.007647245, -0.0075840764, -0.0075161485, -0.0074463286, -0.007411523, -0.0073430873, -0.0072761243, -0.0072427834, -0.0071746823, -0.0071028867, -0.0070260656, -0.0069855885, -0.006900806, -0.006811582, -0.0067658015, -0.0066732042, -0.006580876, -0.006535178, -0.006444686, -0.006354018, -0.006261381, -0.0062138685, -0.0061158715, -0.0060134535, -0.005960538, -0.0058513493, -0.0057386975, -0.005624258, -0.0055666952, -0.0054509575, -0.0053336686, -0.0052741333, -0.0051527205, -0.0050274213, -0.0049631796, -0.0048311115, -0.0046936125, -0.00455031, -0.0044765472, -0.0043249843, -0.004167771, -0.004086607, -0.003917255, -0.0037356385, -0.0035381569, -0.003432438, -0.0032064028, -0.002967711, -0.002853109, -0.002685772, -0.0027240478
0, 0, 0, 0, 0, 0, 0, 0, 0, 0, 0, 0, 0, 0, 0, 0, 0, 0, 0, 0, 0, 0, 0, 0, 0, 0, 0, 0, 0, 0, 0, 0, 0, 0, 0, 0, 0, 0, 0, 0, 0, -0.005639524, -0.0044112285, -0.0038881663, -0.0039123744, -0.0040241457, -0.0043207495, -0.0046392786, -0.004795498, -0.005095295, -0.0053759636, -0.0056353644, -0.0057567316, -0.0059829997, -0.0061891037, -0.0062856856, -0.0064691715, -0.006643275, -0.0067276717, -0.006892446, -0.007050263, -0.0071985293, -0.007268177, -0.0073963557, -0.007509106, -0.0075597605, -0.007651969, -0.0077347527, -0.007812909, -0.007851336, -0.0079277605, -0.008002367, -0.008037873, -0.008103857, -0.008160521, -0.008205842, -0.008224167, -0.008252698, -0.008273344, -0.008281932, -0.008297478, -0.008312698, -0.008320315, -0.008334136, -0.008343539, -0.008345475, -0.008343172, -0.008331266, -0.008310095, -0.008296397, -0.008264611, -0.008229873, -0.008194926, -0.008177631, -0.00814264, -0.008104753, -0.008084035, -0.008037309, -0.007982737, -0.007952353, -0.007885721, -0.0078129005, -0.007736629, -0.007698091, -0.0076219244, -0.0075475, -0.0075105135, -0.007436022, -0.0073587904, -0.0072772796, -0.007234452, -0.007144716, -0.007049955, -0.0070010102, -0.0069014453, -0.006801651, -0.006752155, -0.006654205, -0.006556667, -0.0064579216, -0.0064075994, -0.0063042482, -0.006196604, -0.0061410116, -0.00602654, -0.005908804, -0.005789337, -0.005729387, -0.0056093433, -0.0054880567, -0.0054265675, -0.005301006, -0.005171169, -0.0051043406, -0.004966708, -0.0048233448, -0.0046740677, -0.0045975535, -0.0044408017, -0.0042790812, -0.0041956985, -0.0040217536, -0.003835235, -0.0036315573, -0.0035222585, -0.0032878742, -0.0030398332, -0.0029203573, -0.0027444686, -0.0027795113
0, 0, 0, 0, 0, 0, 0, 0, 0, 0, 0, 0, 0, 0, 0, 0, 0, 0, 0, 0, 0, 0, 0, 0, 0, 0, 0, 0, 0, 0, 0, 0, 0, 0, 0, 0, 0, 0, 0, 0, 0, 0, -0.0047967727, -0.004077029, -0.003990485, -0.004081007, -0.0043717823, -0.004707357, -0.0048747268, -0.0051967218, -0.0054958956, -0.005769176, -0.005895985, -0.0061310744, -0.006344475, -0.006444442, -0.0066346712, -0.006816645, -0.0069055283, -0.0070798346, -0.0072480845, -0.007406878, -0.0074816416, -0.0076201446, -0.0077433744, -0.0077994303, -0.007902215, -0.007995609, -0.00808393, -0.008127177, -0.008212842, -0.0082956245, -0.008335019, -0.008407855, -0.008470206, -0.008520526, -0.00854113, -0.008573666, -0.008597488, -0.008607143, -0.008624783, -0.008642202, -0.008651127, -0.008667856, -0.008680601, -0.008686268, -0.008685582, -0.008676551, -0.008656989, -0.008643484, -0.008610691, -0.008572663, -0.00853275, -0.008512705, -0.008472282, -0.008430242, -0.008407871, -0.0083592115, -0.008303911, -0.008273447, -0.008206531, -0.008132455, -0.008053396, -0.008012801, -0.007931521, -0.007850786, -0.0078105703, -0.007729663, -0.007646657, -0.0075599337, -0.0075148176, -0.007420447, -0.0073207133, -0.0072690793, -0.007163709, -0.0070574232, -0.007004583, -0.006899719, -0.0067953235, -0.006689986, -0.0066364408, -0.0065268953, -0.0064132144, -0.0063546873, -0.0062344614, -0.0061108214, -0.0059857215, -0.005923101, -0.005797917, -0.0056719515, -0.005608167, -0.0054776864, -0.0053424705, -0.0052727927, -0.0051285173, -0.004977639, -0.0048205396, -0.004739954, -0.0045753494, -0.0044057686, -0.004318634, -0.004137463, -0.003943717, -0.0037328124, -0.0036196983, -0.0033769866, -0.0031198203, -0.0029955923, -0.002811432, -0.0028436214
0, 0, 0, 0, 0, 0, 0, 0, 0, 0, 0, 0, 0, 0, 0, 0, 0, 0, 0, 0, 0, 0, 0, 0, 0, 0, 0, 0, 0, 0, 0, 0, 0, 0, 0, 0, 0, 0, 0, 0, 0, 0, -0.0049864724, -0.004315635, -0.004082246, -0.004118334, -0.0043658577, -0.004714558, -0.004896857, -0.005251489, -0.0055782986, -0.0058729555, -0.006008431, -0.0062578823, -0.0064825946, -0.006587415, -0.0067864563, -0.006976183, -0.00706888, -0.007251169, -0.0074281003, -0.0075962744, -0.0076761623, -0.007825888, -0.007961863, -0.008024752, -0.008141287, -0.008247945, -0.008348212, -0.008396818, -0.008492372, -0.008583935, -0.008627497, -0.008708226, -0.00877807, -0.008835989, -0.008860205, -0.008899773, -0.008929133, -0.008941095, -0.008961834, -0.008980865, -0.008990166, -0.009008129, -0.009022618, -0.009030738, -0.009031645, -0.009026297, -0.009010293, -0.00899827, -0.008967105, -0.008928766, -0.008886073, -0.008864112, -0.008819483, -0.008773792, -0.008750123, -0.008700192, -0.0086451955, -0.008615281, -0.00854987, -0.00847702, -0.0083976695, -0.008356347, -0.008271787, -0.008186123, -0.008143134, -0.008056434, -0.007967869, -0.00787636, -0.007829066, -0.0077307504, -0.0076272483, -0.0075737797, -0.0074642533, -0.007353431, -0.0072981203, -0.0071879174, -0.0070779743, -0.0069668703, -0.0069105476, -0.0067953104, -0.0066759763, -0.0066144364, -0.006488015, -0.0063581266, -0.006226293, -0.0061602364, -0.0060280636, -0.005895405, -0.005828309, -0.005691493, -0.005549496, -0.0054761693, -0.00532425, -0.005164765, -0.0049982485, -0.0049126777, -0.0047376514, -0.0045572766, -0.0044647497, -0.0042730942, -0.0040694647, -0.003849253, -0.003731511, -0.0034793536, -0.0032121981, -0.0030829154, -0.002890004, -0.0029192055
0, 0, 0, 0, 0, 0, 0, 0, 0, 0, 0, 0, 0, 0, 0, 0, 0, 0, 0, 0, 0, 0, 0, 0, 0, 0, 0, 0, 0, 0, 0, 0, 0, 0, 0, 0, 0, 0, 0, 0, 0, 0, 0, -0.005185402, -0.004377257, -0.0042305873, -0.00433843, -0.0046882518, -0.0048867967, -0.005276551, -0.0056328955, -0.0059501305, -0.0060951156, -0.006361042, -0.006599451, -0.006710134, -0.006919185, -0.0071168654, -0.0072132056, -0.0074026785, -0.00758708, -0.0077644233, -0.007849393, -0.008011593, -0.0081620235, -0.0082326215, -0.008364633, -0.008485055, -0.008596867, -0.00865053, -0.008753941, -0.008853289, -0.008900793, -0.008989798, -0.009069075, -0.009137325, -0.009167031, -0.00921713, -0.009255759, -0.009271419, -0.009297093, -0.0093182875, -0.009327808, -0.009345526, -0.009360394, -0.0093702385, -0.009372751, -0.009371986, -0.009361752, -0.009352738, -0.009326941, -0.009292087, -0.009250961, -0.009229025, -0.009183324, -0.009136158, -0.009111842, -0.009061462, -0.0090069715, -0.008977666, -0.008913906, -0.008842355, -0.0087633785, -0.008721514, -0.008634664, -0.008545115, -0.008499773, -0.00840832, -0.008315373, -0.008220196, -0.0081713805, -0.008070581, -0.007965109, -0.007910604, -0.0077989767, -0.0076854373, -0.007628519, -0.0075147236, -0.0074007525, -0.0072855675, -0.0072270455, -0.007107447, -0.0069833505, -0.0069194254, -0.0067873383, -0.006650913, -0.006511583, -0.0064413967, -0.006300398, -0.0061587878, -0.0060872347, -0.005941906, -0.005791817, -0.0057143946, -0.005554061, -0.0053856536, -0.0052094194, -0.005118591, -0.00493206, -0.0047391187, -0.004640075, -0.004435384, -0.0042189853, -0.00398653, -0.0038628296, -0.0035988158, -0.0033196781, -0.0031844848, -0.0029812942, -0.003006883
0, 0, 0, 0, 0, 0, 0, 0, 0, 0, 0, 0, 0, 0, 0, 0, 0, 0, 0, 0, 0, 0, 0, 0, 0, 0, 0, 0, 0, 0, 0, 0, 0, 0, 0, 0, 0, 0, 0, 0, 0, 0, 0, -0.0072432905, -0.00471363, -0.0043387935, -0.004330152, -0.004685228, -0.004894428, -0.0053035812, -0.005674627, -0.006004163, -0.00615495, -0.0064328136, -0.0066828122, -0.006799125, -0.007018549, -0.0072251013, -0.0073257573, -0.0075234217, -0.007716784, -0.0079046255, -0.007996005, -0.008172576, -0.008339212, -0.008418139, -0.008565879, -0.008699936, -0.008821817, -0.008879247, -0.008989495, -0.009094991, -0.009145817, -0.009242981, -0.009332836, -0.009413636, -0.009450061, -0.009513689, -0.009564413, -0.009585065, -0.009618237, -0.009643473, -0.009654019, -0.009672517, -0.00968812, -0.009700465, -0.009705103, -0.009709813, -0.009706852, -0.00970178, -0.009683842, -0.009655898, -0.009619844, -0.009599699, -0.009556417, -0.009510245, -0.009486217, -0.00943626, -0.009382302, -0.009353433, -0.009290359, -0.009219365, -0.009140176, -0.009097846, -0.0090090325, -0.008916673, -0.00886976, -0.008775266, -0.008679801, -0.008582905, -0.008533567, -0.00843205, -0.008326099, -0.008271401, -0.008158938, -0.00804375, -0.007985631, -0.007868882, -0.007751464, -0.007632937, -0.0075727655, -0.0074497173, -0.0073220385, -0.0072559705, -0.007119399, -0.0069769993, -0.006830128, -0.0067555103, -0.006604761, -0.0064525446, -0.0063757612, -0.0062202383, -0.0060608606, -0.0059790667, -0.0058101728, -0.0056331377, -0.005447817, -0.005352034, -0.0051542753, -0.0049484633, -0.004842458, -0.004623073, -0.0043916316, -0.0041442197, -0.0040131016, -0.0037343332, -0.003440508, -0.003298264, -0.0030829972, -0.0031040108
0, 0, 0, 0, 0, 0, 0, 0, 0, 0, 0, 0, 0, 0, 0, 0, 0, 0, 0, 0, 0, 0, 0, 0, 0, 0, 0, 0, 0, 0, 0, 0, 0, 0, 0, 0, 0, 0, 0, 0, 0, 0, 0, 0, -0.0046446347, -0.004483174, -0.0044769994, -0.0047661313, -0.0049532256, -0.0053369836, -0.005696186, -0.006022276, -0.00617383, -0.0064568105, -0.0067159957, -0.006837834, -0.0070688515, -0.0072876685, -0.007394211, -0.0076039974, -0.007810537, -0.008013331, -0.008112718, -0.008306624, -0.008490946, -0.008578645, -0.008742583, -0.008889862, -0.009022125, -0.009083648, -0.009200665, -0.009312379, -0.009366634, -0.009472009, -0.0095721595, -0.009665377, -0.00970854, -0.009785923, -0.009849486, -0.009875693, -0.00991847, -0.009950219, -0.009963301, -0.009985713, -0.0100047095, -0.01002122, -0.010028403, -0.010039407, -0.010043723, -0.010042634, -0.010032602, -0.010012151, -0.009982574, -0.0099649755, -0.009925958, -0.009882857, -0.009860004, -0.009811826, -0.00975931, -0.0097310245, -0.009668977, -0.009598523, -0.009519377, -0.009476808, -0.009387374, -0.009294106, -0.00924679, -0.009151576, -0.00905591, -0.008959402, -0.008910289, -0.008809622, -0.008704455, -0.008649914, -0.008537089, -0.008420189, -0.008360654, -0.0082403375, -0.008118839, -0.007996279, -0.007934209, -0.0078078005, -0.0076768147, -0.0076091266, -0.0074687316, -0.0073214667, -0.0071679866, -0.007089334, -0.006929109, -0.0067661, -0.0066837417, -0.006517241, -0.006347548, -0.006260996, -0.0060831746, -0.00589773, -0.005703631, -0.0056030727, -0.0053946627, -0.0051763263, -0.005063146, -0.004828326, -0.0045804568, -0.004316145, -0.004176517, -0.0038807928, -0.0035701902, -0.003419861, -0.0031906941, -0.003206392
0, 0, 0, 0, 0, 0, 0, 0, 0, 0, 0, 0, 0, 0, 0, 0, 0, 0, 0, 0, 0, 0, 0, 0, 0, 0, 0, 0, 0, 0, 0, 0, 0, 0, 0, 0, 0, 0, 0, 0, 0, 0, 0, 0, -0.0063621528, -0.005647254, -0.0048912843, -0.0048832092, -0.0050044334, -0.0053233705, -0.0056566996, -0.005974488, -0.006126189, -0.0064160204, -0.0066884495, -0.0068183127, -0.0070671267, -0.0073044337, -0.0074203396, -0.0076486883, -0.007873917, -0.00809592, -0.008205242, -0.008418343, -0.008621229, -0.008717529, -0.008897208, -0.009058571, -0.009202524, -0.009269341, -0.009395334, -0.009514881, -0.00957291, -0.009686625, -0.0097962655, -0.009900054, -0.009948684, -0.010037185, -0.010111707, -0.010143165, -0.010195634, -0.01023612, -0.01025307, -0.010282482, -0.010308168, -0.010330947, -0.010341128, -0.0103583485, -0.010368847, -0.0103707835, -0.0103667565, -0.010352141, -0.0103278905, -0.010312937, -0.010278677, -0.010239902, -0.010219189, -0.010174953, -0.010126215, -0.010099573, -0.010040795, -0.009973084, -0.0098962635, -0.009854788, -0.009767219, -0.009675644, -0.0096291145, -0.009535645, -0.009441892, -0.009347463, -0.009299344, -0.009200569, -0.009096653, -0.009042409, -0.008929334, -0.008810457, -0.00874926, -0.008624516, -0.008498077, -0.008370436, -0.008306051, -0.008175596, -0.008041288, -0.00797191, -0.007828389, -0.0076773115, -0.007518648, -0.007436645, -0.0072681205, -0.007095037, -0.0070073283, -0.0068297847, -0.0066490844, -0.00655717, -0.00636937, -0.0061742933, -0.0059704916, -0.005864849, -0.0056452123, -0.0054138456, -0.00529346, -0.005042946, -0.0047779735, -0.0044959807, -0.004347356, -0.004033405, -0.0037045502, -0.0035454135, -0.003301148, -0.0033108809
0, 0, 0, 0, 0, 0, 0, 0, 0, 0, 0, 0, 0, 0, 0, 0, 0, 0, 0, 0, 0, 0, 0, 0, 0, 0, 0, 0, 0, 0, 0, 0, 0, 0, 0, 0, 0, 0, 0, 0, 0, 0, 0, 0, -0.00922586, -0.00693256, -0.0050911764, -0.0048333337, -0.0049081, -0.0051861387, -0.0055112666, -0.005837533, -0.0059976736, -0.0063098078, -0.006608964, -0.0067528277, -0.0070301406, -0.0072952327, -0.007424179, -0.007677277, -0.007925281, -0.00816831, -0.00828741, -0.008518848, -0.008738223, -0.008842197, -0.009036234, -0.00921106, -0.009367917, -0.0094406195, -0.009577816, -0.009706741, -0.009769239, -0.009891178, -0.01000887, -0.010120362, -0.010172621, -0.0102686025, -0.010350829, -0.01038636, -0.010447584, -0.010497189, -0.010518753, -0.01055703, -0.010590803, -0.010621143, -0.010634806, -0.010657867, -0.010673538, -0.010677624, -0.010677952, -0.010667507, -0.01064785, -0.010635187, -0.010605691, -0.010572368, -0.010554636, -0.010516779, -0.010474779, -0.010451554, -0.010399281, -0.010337849, -0.010266976, -0.010228368, -0.010145808, -0.010058628, -0.010013999, -0.009924006, -0.00983345, -0.009741943, -0.009695286, -0.009599013, -0.009496918, -0.0094432635, -0.009330528, -0.009210314, -0.009147911, -0.009019527, -0.008888312, -0.008755587, -0.008688745, -0.00855385, -0.008415772, -0.008344906, -0.008198432, -0.008044194, -0.007881499, -0.0077968603, -0.00762178, -0.00744012, -0.0073474594, -0.0071591823, -0.0069671622, -0.0068694926, -0.0066699297, -0.0064631337, -0.006247432, -0.006135641, -0.005903134, -0.0056576035, -0.005529611, -0.005262883, -0.004980689, -0.004680533, -0.004522735, -0.0041899737, -0.003842131, -0.0036736794, -0.0034135252, -0.0034167005
0, 0, 0, 0, 0, 0, 0, 0, 0, 0, 0, 0, 0, 0, 0, 0, 0, 0, 0, 0, 0, 0, 0, 0, 0, 0, 0, 0, 0, 0, 0, 0, 0, 0, 0, 0, 0, 0, 0, 0, 0, 0, 0, 0, 0, -0.005335573, -0.00474941, -0.004579512, -0.004641872, -0.004910603, -0.005258625, -0.005625768, -0.005808741, -0.006167349, -0.0065107457, -0.0066758404, -0.006992156, -0.007291432, -0.0074356846, -0.007715624, -0.007985819, -0.0082467655, -0.008373753, -0.008619101, -0.008850397, -0.008959904, -0.009164539, -0.009350369, -0.009518762, -0.009597223, -0.009744983, -0.009883299, -0.009949765, -0.010078799, -0.010202413, -0.01031914, -0.010373883, -0.010474432, -0.010561938, -0.010600764, -0.01066913, -0.010726859, -0.01075265, -0.010799402, -0.010841368, -0.010879158, -0.010896319, -0.010925873, -0.010946967, -0.010953657, -0.010958901, -0.010953406, -0.010938749, -0.010928759, -0.010905073, -0.010878243, -0.010864078, -0.0108342, -0.010800787, -0.0107821, -0.010739037, -0.0106867645, -0.010624784, -0.010590331, -0.010515322, -0.010434302, -0.010392233, -0.0103064, -0.0102194175, -0.0101312, -0.010086091, -0.009992919, -0.0098936455, -0.009841172, -0.009730058, -0.009610741, -0.009548222, -0.009418448, -0.009284457, -0.009147984, -0.009079236, -0.008940286, -0.00879859, -0.008726021, -0.008576348, -0.008419137, -0.008252868, -0.008166147, -0.007985641, -0.0077970754, -0.007700139, -0.0075021763, -0.0072990875, -0.0071954355, -0.0069832685, -0.006763219, -0.006533647, -0.0064147715, -0.0061677056, -0.0059068548, -0.0057708793, -0.0054874625, -0.005187658, -0.004869206, -0.004701949, -0.004349917, -0.0039824913, -0.0038044534, -0.0035277582, -0.0035241058
0, 0, 0, 0, 0, 0, 0, 0, 0, 0, 0, 0, 0, 0, 0, 0, 0, 0, 0, 0, 0, 0, 0, 0, 0, 0, 0, 0, 0, 0, 0, 0, 0, 0, 0, 0, 0, 0, 0, 0, 0, 0, 0, 0, 0, -0.0063070334, -0.0048621343, -0.0043230453, -0.004312311, -0.004558801, -0.0049622855, -0.005403372, -0.005622414, -0.006045255, -0.0064426363, -0.0066309567, -0.006988194, -0.007320921, -0.0074791526, -0.007781416, -0.008067476, -0.0083397925, -0.008471171, -0.008723651, -0.008961094, -0.00907337, -0.009284357, -0.009477265, -0.009653556, -0.009735952, -0.009890993, -0.01003551, -0.01010468, -0.010238369, -0.010366089, -0.010486469, -0.0105431, -0.010647936, -0.010740495, -0.010782177, -0.010856626, -0.010921262, -0.010950171, -0.011003338, -0.011051796, -0.011096476, -0.01111732, -0.011154389, -0.011183236, -0.011193824, -0.011206837, -0.011209356, -0.011202415, -0.011195966, -0.011179414, -0.011159718, -0.011149114, -0.011126958, -0.011102215, -0.0110880835, -0.011054456, -0.011012196, -0.010960038, -0.010930211, -0.010863648, -0.010789309, -0.01074997, -0.010668695, -0.01058546, -0.010500768, -0.010457476, -0.010367785, -0.010272318, -0.0102218, -0.01011432, -0.009998064, -0.00993671, -0.009808168, -0.009673822, -0.009535693, -0.009465741, -0.0093238205, -0.009178578, -0.00910422, -0.00895094, -0.008789994, -0.008619952, -0.008531098, -0.008345936, -0.0081513515, -0.008050997, -0.007844912, -0.0076320255, -0.0075229383, -0.007298901, -0.007065909, -0.006822381, -0.006696264, -0.006434218, -0.0061576786, -0.0060136686, -0.0057135136, -0.0053961645, -0.0050593866, -0.0048826067, -0.004511121, -0.0041237613, -0.003935957, -0.0036423635, -0.0036315199
0, 0, 0, 0, 0, 0, 0, 0, 0, 0, 0, 0, 0, 0, 0, 0, 0, 0, 0, 0, 0, 0, 0, 0, 0, 0, 0, 0, 0, 0, 0, 0, 0, 0, 0, 0, 0, 0, 0, 0, 0, 0, 0, 0, 0, 0, -0.0047487128, -0.0040148376, -0.003967622, -0.0042471397, -0.0047391383, -0.005266326, -0.005522044, -0.006004651, -0.006447096, -0.0066539175, -0.0070412904, -0.007396323, -0.007563098, -0.007877461, -0.008170078, -0.008445286, -0.00857743, -0.008831009, -0.0090699205, -0.0091832075, -0.009396995, -0.009593553, -0.009773433, -0.009857481, -0.010015198, -0.010161703, -0.010231621, -0.010367047, -0.01049731, -0.010621401, -0.010680388, -0.010790647, -0.0108893, -0.010934181, -0.011015032, -0.011084841, -0.0111161815, -0.011173585, -0.011226596, -0.011277266, -0.011301667, -0.011347339, -0.011386176, -0.0114021, -0.011426232, -0.011439738, -0.011442862, -0.011441021, -0.011432191, -0.011419013, -0.011411604, -0.011395812, -0.011377962, -0.011367583, -0.011342127, -0.01130867, -0.011265437, -0.011240018, -0.011181493, -0.011113837, -0.011077495, -0.0110010225, -0.010922162, -0.010841792, -0.010800722, -0.010715393, -0.010624388, -0.010576101, -0.010473189, -0.010361041, -0.010301361, -0.010175331, -0.010042013, -0.009903393, -0.009832605, -0.009688502, -0.009540049, -0.009463846, -0.009306301, -0.009140825, -0.008966107, -0.008874946, -0.008684897, -0.008484966, -0.008381557, -0.008168758, -0.007947965, -0.007834546, -0.0076009226, -0.0073569096, -0.0071011987, -0.00696862, -0.006692775, -0.0064015756, -0.006249891, -0.0059337495, -0.0055995993, -0.0052451333, -0.005059233, -0.004668696, -0.004261858, -0.004064496, -0.0037544107, -0.0037365912
0, 0, 0, 0, 0, 0, 0, 0, 0, 0, 0, 0, 0, 0, 0, 0, 0, 0, 0, 0, 0, 0, 0, 0, 0, 0, 0, 0, 0, 0, 0, 0, 0, 0, 0, 0, 0, 0, 0, 0, 0, 0, 0, 0, 0, 0, -0.0045190006, -0.0038959826, -0.003859738, -0.0041794437, -0.004720531, -0.0052915295, -0.0055654524, -0.00607693, -0.00653995, -0.0067544505, -0.007152631, -0.007513642, -0.0076816794, -0.00799562, -0.008285194, -0.008556589, -0.008687002, -0.008938347, -0.009176569, -0.009290175, -0.009505559, -0.00970385, -0.009884764, -0.00996892, -0.010125883, -0.0102706645, -0.01033986, -0.010474839, -0.010606762, -0.010734894, -0.010796818, -0.010914203, -0.011020747, -0.0110695325, -0.011156957, -0.011231551, -0.011264595, -0.011324994, -0.011381404, -0.011437088, -0.011464868, -0.011518882, -0.011568081, -0.011589883, -0.011626307, -0.011651525, -0.011664793, -0.011667263, -0.011665312, -0.011657522, -0.011652447, -0.011641427, -0.011628866, -0.011621437, -0.011602781, -0.01157659, -0.011541163, -0.011519629, -0.011468622, -0.011407808, -0.011374516, -0.01130411, -0.011230628, -0.011155468, -0.011116932, -0.011036535, -0.010950257, -0.010904079, -0.010805256, -0.010696194, -0.010637756, -0.010513391, -0.0103805335, -0.010241407, -0.010170027, -0.010023977, -0.0098725865, -0.009794448, -0.009632554, -0.009462116, -0.009282031, -0.009188218, -0.008992654, -0.008787108, -0.008680818, -0.00846202, -0.008234855, -0.008118023, -0.007876907, -0.0076244804, -0.0073589664, -0.0072209267, -0.0069332425, -0.0066288956, -0.0064703072, -0.006139642, -0.0057901437, -0.005419605, -0.005225374, -0.0048176213, -0.0043928367, -0.0041867667, -0.003861593, -0.0038377217
0, 0, 0, 0, 0, 0, 0, 0, 0, 0, 0, 0, 0, 0, 0, 0, 0, 0, 0, 0, 0, 0, 0, 0, 0, 0, 0, 0, 0, 0, 0, 0, 0, 0, 0, 0, 0, 0, 0, 0, 0, 0, 0, 0, 0, 0, 0, -0.0045458158, -0.0044429842, -0.0045434274, -0.0049545397, -0.005476157, -0.005740369, -0.0062434985, -0.00670144, -0.006913247, -0.0073046517, -0.0076569295, -0.007820039, -0.008123704, -0.008403668, -0.008667203, -0.008794772, -0.00904278, -0.009280624, -0.009395038, -0.009612446, -0.009813086, -0.009995007, -0.010078959, -0.010234054, -0.010376485, -0.010444572, -0.01057849, -0.010711941, -0.010844376, -0.010909567, -0.011034728, -0.011149838, -0.011202459, -0.011296766, -0.011376468, -0.011411481, -0.011474828, -0.011534583, -0.011594709, -0.011625202, -0.011686423, -0.011744417, -0.011771043, -0.011817493, -0.011852139, -0.011873271, -0.011879124, -0.011882478, -0.011878816, -0.0118757, -0.011868686, -0.011861007, -0.011856234, -0.0118435165, -0.011823972, -0.01179575, -0.011777824, -0.011733913, -0.011680143, -0.011650146, -0.011586056, -0.011518724, -0.011449121, -0.011413178, -0.0113375615, -0.011255325, -0.011210821, -0.011114331, -0.011006692, -0.01094847, -0.0108239865, -0.0106900595, -0.0105495835, -0.010477377, -0.010329229, -0.010175283, -0.010095585, -0.009929972, -0.009754746, -0.00956938, -0.009472679, -0.009271117, -0.00905921, -0.0089497445, -0.008724559, -0.008491249, -0.0083712395, -0.008123547, -0.007863953, -0.0075903423, -0.0074477717, -0.007149914, -0.006834147, -0.006669364, -0.0063258177, -0.0059629534, -0.0055786343, -0.005377346, -0.0049550585, -0.004515302, -0.004301753, -0.003963624, -0.003935065
0, 0, 0, 0, 0, 0, 0, 0, 0, 0, 0, 0, 0, 0, 0, 0, 0, 0, 0, 0, 0, 0, 0, 0, 0, 0, 0, 0, 0, 0, 0, 0, 0, 0, 0, 0, 0, 0, 0, 0, 0, 0, 0, 0, 0, 0, 0, -0.0068718055, -0.0060737627, -0.0052453983, -0.0053064823, -0.005721826, -0.0059649195, -0.0064454693, -0.006887225, -0.007091019, -0.0074666743, -0.0078035067, -0.007958764, -0.008248109, -0.008515979, -0.008771024, -0.008895559, -0.009140597, -0.009378954, -0.009494618, -0.009715723, -0.009920175, -0.010105047, -0.010189936, -0.010345947, -0.010488086, -0.010556072, -0.010690706, -0.010826376, -0.010963501, -0.01103154, -0.011163521, -0.011286216, -0.011342593, -0.011444038, -0.011529675, -0.011567334, -0.011635336, -0.01169938, -0.011763867, -0.011796739, -0.011863097, -0.011927261, -0.011957031, -0.012009712, -0.012050513, -0.012076947, -0.012085103, -0.012092736, -0.012092923, -0.012091831, -0.012089182, -0.012086258, -0.01208416, -0.012077405, -0.012064093, -0.012042289, -0.012027461, -0.011989701, -0.011941822, -0.011914606, -0.0118559, -0.011793459, -0.011728324, -0.011694361, -0.01162226, -0.011542491, -0.011499042, -0.011403566, -0.011295756, -0.011237071, -0.011110919, -0.010975007, -0.010832261, -0.010758952, -0.010608658, -0.010452327, -0.010371379, -0.010202945, -0.010024242, -0.0098342355, -0.009734762, -0.009526836, -0.00930777, -0.009194582, -0.008961895, -0.008721165, -0.008597506, -0.0083427625, -0.008076028, -0.007795035, -0.0076484224, -0.007341927, -0.0070163826, -0.006846355, -0.0064917644, -0.006117528, -0.0057217916, -0.00551474, -0.0050809085, -0.004629228, -0.004409715, -0.0040611434, -0.0040292265
0, 0, 0, 0, 0, 0, 0, 0, 0, 0, 0, 0, 0, 0, 0, 0, 0, 0, 0, 0, 0, 0, 0, 0, 0, 0, 0, 0, 0, 0, 0, 0, 0, 0, 0, 0, 0, 0, 0, 0, 0, 0, 0, 0, 0, 0, 0, -0.010214923, -0.0077222628, -0.0057282723, -0.005557965, -0.0059236297, -0.006156075, -0.0066197948, -0.007045006, -0.0072408835, -0.0076009226, -0.007923575, -0.008072732, -0.008350868, -0.008609823, -0.008858759, -0.00898138, -0.00922492, -0.009464461, -0.009581583, -0.009807614, -0.01001805, -0.010209345, -0.010297421, -0.010459224, -0.010606634, -0.010677259, -0.010816222, -0.0109565, -0.011098029, -0.011168545, -0.011306141, -0.011434991, -0.011494762, -0.011603342, -0.011696574, -0.011737985, -0.011813501, -0.011883574, -0.011953277, -0.011988392, -0.012058673, -0.012126147, -0.01215773, -0.012214072, -0.012258546, -0.012289173, -0.012299525, -0.012311686, -0.012316476, -0.012317699, -0.0123193655, -0.012320779, -0.012320895, -0.012318224, -0.012309616, -0.012292221, -0.012279609, -0.0122457, -0.012200875, -0.012175188, -0.0121187465, -0.0120579945, -0.011994091, -0.011960585, -0.011889435, -0.011810376, -0.011767139, -0.011671796, -0.011563322, -0.011504057, -0.011376046, -0.0112378, -0.011092329, -0.011017616, -0.010864507, -0.010705744, -0.010623681, -0.010453013, -0.010271832, -0.0100780735, -0.0099761, -0.009761827, -0.009535015, -0.009417624, -0.009176091, -0.008926514, -0.008798661, -0.008535819, -0.008261705, -0.007973891, -0.0078239655, -0.0075102877, -0.007177021, -0.007002707, -0.006639118, -0.0062555047, -0.005850278, -0.005638563, -0.005195407, -0.0047342125, -0.004509852, -0.0041529974, -0.004118686
0, 0, 0, 0, 0, 0, 0, 0, 0, 0, 0, 0, 0, 0, 0, 0, 0, 0, 0, 0, 0, 0, 0, 0, 0, 0, 0, 0, 0, 0, 0, 0, 0, 0, 0, 0, 0, 0, 0, 0, 0, 0, 0, 0, 0, 0, 0, 0, -0.0063912817, -0.005856738, -0.0057729594, -0.006075447, -0.0062829005, -0.0067143366, -0.0071226936, -0.0073129577, -0.0076659755, -0.007984857, -0.008133058, -0.008410303, -0.008669613, -0.008919532, -0.009043081, -0.009288883, -0.00953182, -0.009651387, -0.00988364, -0.01010246, -0.01030427, -0.010398132, -0.010572158, -0.010731788, -0.0108079985, -0.010957083, -0.011104777, -0.011251964, -0.011324779, -0.011467157, -0.011601753, -0.011665028, -0.011781848, -0.011884543, -0.011931046, -0.012016236, -0.01209474, -0.0121704545, -0.012207655, -0.012280992, -0.0123506915, -0.012383342, -0.012442446, -0.012490511, -0.012525843, -0.012538878, -0.012556523, -0.0125665795, -0.012569861, -0.012574633, -0.012577494, -0.012578061, -0.0125765195, -0.012569112, -0.012553084, -0.01254101, -0.012507777, -0.0124627855, -0.012436489, -0.012378213, -0.012314755, -0.0122474395, -0.012212335, -0.012138566, -0.0120579135, -0.012014243, -0.011918451, -0.011809335, -0.011749518, -0.011619859, -0.011478923, -0.011329838, -0.011253026, -0.011095609, -0.010933015, -0.010849381, -0.01067611, -0.01049226, -0.010295237, -0.010190948, -0.009970757, -0.009736254, -0.009614482, -0.00936353, -0.009104554, -0.008972148, -0.008701106, -0.008420287, -0.00812696, -0.007974478, -0.007655836, -0.007317024, -0.0071396064, -0.0067690285, -0.0063776737, -0.0059643416, -0.005748618, -0.005297251, -0.004827784, -0.0045993887, -0.004235546, -0.0041995775
0, 0, 0, 0, 0, 0, 0, 0, 0, 0, 0, 0, 0, 0, 0, 0, 0, 0, 0, 0, 0, 0, 0, 0, 0, 0, 0, 0, 0, 0, 0, 0, 0, 0, 0, 0, 0, 0, 0, 0, 0, 0, 0, 0, 0, 0, 0, 0, -0.0088195205, -0.0071724583, -0.006191317, -0.006153815, -0.0062936405, -0.006672599, -0.0070725926, -0.00726505, -0.00762795, -0.007960623, -0.008116156, -0.008409184, -0.008683782, -0.008947516, -0.009077003, -0.009332991, -0.009584835, -0.009708833, -0.009950797, -0.010181764, -0.010398238, -0.010500459, -0.010692772, -0.01087077, -0.010955592, -0.01111947, -0.011278248, -0.011433085, -0.011508984, -0.0116569735, -0.011798269, -0.011865655, -0.011992033, -0.0121062035, -0.012158555, -0.0122549, -0.012342645, -0.012424187, -0.012463307, -0.012538759, -0.012610116, -0.012643708, -0.012705714, -0.012758346, -0.012799642, -0.012815706, -0.012839361, -0.012853521, -0.0128578795, -0.012862548, -0.012862987, -0.01286194, -0.012857053, -0.012846941, -0.012829091, -0.012816218, -0.012781178, -0.012733417, -0.012705135, -0.01264163, -0.012571277, -0.012496227, -0.012457393, -0.012376997, -0.012291864, -0.012246798, -0.012149118, -0.012038865, -0.011978232, -0.011846202, -0.011701216, -0.011546506, -0.011466418, -0.011302078, -0.011132948, -0.011046553, -0.010868584, -0.0106812045, -0.010480557, -0.010374217, -0.01014856, -0.009906929, -0.0097811, -0.009521349, -0.009253414, -0.009116879, -0.008838644, -0.008552489, -0.008255319, -0.0081013255, -0.007779834, -0.0074374247, -0.0072578224, -0.006881773, -0.0064839018, -0.006063219, -0.0058436077, -0.0053844033, -0.0049071712, -0.004675105, -0.0043052705, -0.004268154
0, 0, 0, 0, 0, 0, 0, 0, 0, 0, 0, 0, 0, 0, 0, 0, 0, 0, 0, 0, 0, 0, 0, 0, 0, 0, 0, 0, 0, 0, 0, 0, 0, 0, 0, 0, 0, 0, 0, 0, 0, 0, 0, 0, 0, 0, 0, 0, -0.013571553, -0.00863591, -0.006294344, -0.005978861, -0.0060828836, -0.0064548547, -0.006878306, -0.007086027, -0.007481419, -0.007847795, -0.008020707, -0.008348213, -0.008655519, -0.008948428, -0.009090634, -0.00936826, -0.009637914, -0.009769924, -0.010027399, -0.010274985, -0.010510376, -0.010623212, -0.010837795, -0.011038092, -0.011133388, -0.0113152275, -0.011487672, -0.011652436, -0.011732347, -0.0118878875, -0.012037761, -0.012109919, -0.012247202, -0.012373477, -0.012431971, -0.012539608, -0.012635371, -0.012721659, -0.01276196, -0.012838164, -0.012909832, -0.012944237, -0.013009165, -0.013066833, -0.013114413, -0.013133562, -0.013162143, -0.013178248, -0.013181972, -0.013183054, -0.0131773185, -0.013172761, -0.013161234, -0.013145885, -0.013124386, -0.01311004, -0.013072396, -0.013021204, -0.012990502, -0.012920128, -0.012840469, -0.012754686, -0.012710296, -0.012619952, -0.012527244, -0.012479388, -0.012377332, -0.012263648, -0.012201188, -0.01206457, -0.011913264, -0.011750135, -0.01166516, -0.011490719, -0.011312052, -0.01122141, -0.01103641, -0.010843872, -0.010638721, -0.010530203, -0.010299631, -0.010051969, -0.009922624, -0.009655195, -0.009379474, -0.009239311, -0.008955058, -0.008664606, -0.0083647, -0.008209746, -0.007886236, -0.007541118, -0.007359686, -0.0069791153, -0.0065752603, -0.0061476827, -0.005924305, -0.005457531, -0.004972926, -0.004737414, -0.004362117, -0.004324461
0, 0, 0, 0, 0, 0, 0, 0, 0, 0, 0, 0, 0, 0, 0, 0, 0, 0, 0, 0, 0, 0, 0, 0, 0, 0, 0, 0, 0, 0, 0, 0, 0, 0, 0, 0, 0, 0, 0, 0, 0, 0, 0, 0, 0, 0, 0, 0, 0, -0.0064042574, -0.0057098474, -0.005577555, -0.00570036, -0.0061106333, -0.0065832273, -0.006816767, -0.00726287, -0.007679249, -0.007876795, -0.0082536, -0.00860782, -0.008942396, -0.009103245, -0.009413145, -0.0097091, -0.009852705, -0.010131531, -0.010400177, -0.010657816, -0.01078223, -0.01102072, -0.011244716, -0.011350727, -0.011551871, -0.011739084, -0.011915029, -0.011999909, -0.012164899, -0.01232456, -0.012401983, -0.012551018, -0.012689148, -0.012753407, -0.012870965, -0.012973668, -0.013062896, -0.013103429, -0.013178868, -0.013249815, -0.013284384, -0.013351325, -0.013412958, -0.013465362, -0.013486785, -0.013518427, -0.013534223, -0.013536577, -0.013532016, -0.013518477, -0.013509749, -0.013490408, -0.013469113, -0.013443705, -0.0134279635, -0.0133879455, -0.013333541, -0.0133005, -0.013223299, -0.013133702, -0.01303602, -0.01298537, -0.012883051, -0.012779793, -0.0127272885, -0.012617779, -0.012497333, -0.012431683, -0.012287677, -0.012127394, -0.011953354, -0.011862577, -0.011676088, -0.011485878, -0.011389965, -0.011196097, -0.010996645, -0.010786108, -0.010675117, -0.010439771, -0.010186775, -0.01005442, -0.009780472, -0.009497852, -0.009354416, -0.009064237, -0.008769328, -0.008466019, -0.008309589, -0.007983239, -0.0076347375, -0.007451414, -0.007066119, -0.0066566546, -0.006222741, -0.005996041, -0.0055223494, -0.005030873, -0.0047921115, -0.004411838, -0.004373495
0, 0, 0, 0, 0, 0, 0, 0, 0, 0, 0, 0, 0, 0, 0, 0, 0, 0, 0, 0, 0, 0, 0, 0, 0, 0, 0, 0, 0, 0, 0, 0, 0, 0, 0, 0, 0, 0, 0, 0, 0, 0, 0, 0, 0, 0, 0, 0, 0, -0.0074108588, -0.00573921, -0.0052645383, -0.0053396514, -0.005754085, -0.0062759286, -0.0065373946, -0.0070399824, -0.0075120726, -0.0077372487, -0.008168586, -0.008574586, -0.008956157, -0.009137753, -0.009484288, -0.009810548, -0.009967419, -0.010270395, -0.010561967, -0.010842771, -0.010978815, -0.011240904, -0.011487272, -0.011603849, -0.011823332, -0.012025573, -0.01221387, -0.0123040695, -0.012479241, -0.012649256, -0.012732168, -0.012892272, -0.013041944, -0.013111271, -0.013237831, -0.01334687, -0.013438695, -0.013479579, -0.013554242, -0.013624096, -0.01365836, -0.013725565, -0.013789217, -0.013843958, -0.013866493, -0.01389921, -0.0139138345, -0.013914633, -0.0139048565, -0.013884594, -0.013872328, -0.013846127, -0.013818997, -0.013789223, -0.013771767, -0.0137287695, -0.0136707425, -0.013635333, -0.013551707, -0.013452916, -0.013343956, -0.013287344, -0.013172349, -0.013056916, -0.012998598, -0.012878203, -0.012747968, -0.012677503, -0.012523915, -0.012353482, -0.012168479, -0.012071849, -0.011873454, -0.011671905, -0.0115706455, -0.011367087, -0.011159213, -0.01094169, -0.010827542, -0.010586675, -0.010328416, -0.010193248, -0.009913461, -0.009624545, -0.00947793, -0.009181447, -0.008880377, -0.0085713165, -0.008412136, -0.008080365, -0.0077267746, -0.007540996, -0.0071508754, -0.006736236, -0.0062969434, -0.0060674525, -0.0055877976, -0.0050898567, -0.0048478125, -0.0044621783, -0.0044224076
0, 0, 0, 0, 0, 0, 0, 0, 0, 0, 0, 0, 0, 0, 0, 0, 0, 0, 0, 0, 0, 0, 0, 0, 0, 0, 0, 0, 0, 0, 0, 0, 0, 0, 0, 0, 0, 0, 0, 0, 0, 0, 0, 0, 0, 0, 0, 0, 0, 0, -0.005574459, -0.0050162324, -0.0050731953, -0.0054892213, -0.0060433922, -0.0063267453, -0.006877934, -0.0074004475, -0.0076509616, -0.008131613, -0.008584044, -0.009007608, -0.009208123, -0.009587848, -0.009942148, -0.010111575, -0.010437613, -0.010750813, -0.011053168, -0.011199961, -0.011483097, -0.011750138, -0.011876406, -0.01211362, -0.012331089, -0.012532327, -0.012628235, -0.012814076, -0.012993971, -0.013081829, -0.013252068, -0.013411662, -0.013485995, -0.0136213135, -0.013737435, -0.013834426, -0.013877083, -0.013953611, -0.014023872, -0.014057935, -0.014124559, -0.014187699, -0.014242164, -0.014264665, -0.014296946, -0.014310621, -0.014310518, -0.014298128, -0.014273793, -0.014259005, -0.014227135, -0.014193952, -0.014157943, -0.014137592, -0.014088739, -0.014024991, -0.013986482, -0.013896221, -0.0137896035, -0.0136714, -0.01360948, -0.013483246, -0.013355374, -0.013290614, -0.01315742, -0.0130152395, -0.012939207, -0.012775382, -0.012595438, -0.012401069, -0.012299799, -0.012091944, -0.011880602, -0.0117743, -0.011560597, -0.0113426475, -0.011115967, -0.01099782, -0.010749788, -0.010485377, -0.01034756, -0.010062463, -0.009767892, -0.009618101, -0.009314809, -0.009005924, -0.008688336, -0.008524921, -0.008185155, -0.007824675, -0.007635837, -0.0072407485, -0.0068218154, -0.0063781235, -0.006146251, -0.0056610894, -0.0051564197, -0.0049107037, -0.004518062, -0.0044755656
0, 0, 0, 0, 0, 0, 0, 0, 0, 0, 0, 0, 0, 0, 0, 0, 0, 0, 0, 0, 0, 0, 0, 0, 0, 0, 0, 0, 0, 0, 0, 0, 0, 0, 0, 0, 0, 0, 0, 0, 0, 0, 0, 0, 0, 0, 0, 0, 0, 0, -0.0054796054, -0.005112114, -0.0050928188, -0.0053966637, -0.005929336, -0.0062217317, -0.006806189, -0.007368196, -0.007638434, -0.008156797, -0.008643975, -0.009098619, -0.009313285, -0.009718469, -0.010095042, -0.0102745695, -0.010620018, -0.0109520005, -0.011272618, -0.011428499, -0.011730318, -0.012015834, -0.012151232, -0.012406218, -0.0126398, -0.012855021, -0.0129571045, -0.013153667, -0.013342784, -0.013434929, -0.013613546, -0.0137816025, -0.013860401, -0.014004902, -0.014130309, -0.014236208, -0.014282797, -0.014365708, -0.014439402, -0.014474122, -0.014540509, -0.014601361, -0.014653399, -0.0146747, -0.014705599, -0.014718753, -0.014718602, -0.0147060035, -0.014680353, -0.014664139, -0.014627297, -0.014586759, -0.014541539, -0.014516175, -0.014457593, -0.0143851405, -0.014342627, -0.014245367, -0.014132607, -0.014007948, -0.013942385, -0.013807065, -0.013667843, -0.01359677, -0.013450307, -0.013295357, -0.013213613, -0.013040016, -0.012852234, -0.012651438, -0.0125471195, -0.012332817, -0.012113565, -0.012002586, -0.011778208, -0.011548241, -0.011309628, -0.01118601, -0.010928724, -0.010657371, -0.010516737, -0.010226883, -0.009927557, -0.009775052, -0.00946486, -0.009147177, -0.008819411, -0.008650664, -0.008301015, -0.007932549, -0.007740541, -0.0073404983, -0.006917863, -0.0064702635, -0.0062359534, -0.0057446104, -0.00523173, -0.0049812235, -0.004579305, -0.004532162
0, 0, 0, 0, 0, 0, 0, 0, 0, 0, 0, 0, 0, 0, 0, 0, 0, 0, 0, 0, 0, 0, 0, 0, 0, 0, 0, 0, 0, 0, 0, 0, 0, 0, 0, 0, 0, 0, 0, 0, 0, 0, 0, 0, 0, 0, 0, 0, 0, 0, -0.0072695124, -0.0057460815, -0.0054043527, -0.005426037, -0.0059042457, -0.006200215, -0.0068104942, -0.0074027833, -0.007687217, -0.008231211, -0.008740874, -0.009215483, -0.009439622, -0.009863006, -0.010256814, -0.010444695, -0.010806151, -0.011153494, -0.011489192, -0.011653001, -0.011970684, -0.012272878, -0.012417059, -0.012689939, -0.012941289, -0.013172135, -0.013281362, -0.013489564, -0.013687491, -0.013783212, -0.013968364, -0.0141432155, -0.014225847, -0.014379437, -0.014515793, -0.014633911, -0.014686329, -0.014779489, -0.014859854, -0.0148962885, -0.0149625465, -0.015020385, -0.015068375, -0.0150877535, -0.015116176, -0.015128867, -0.015129201, -0.015118118, -0.015093137, -0.015076222, -0.015035271, -0.014986229, -0.014929658, -0.014897985, -0.01482691, -0.01474391, -0.014697297, -0.014594017, -0.014477514, -0.014349531, -0.014281841, -0.014140195, -0.013991295, -0.013914289, -0.013755, -0.013587363, -0.013500019, -0.013317375, -0.013123551, -0.0129189445, -0.012812892, -0.0125943525, -0.012368623, -0.012253121, -0.012016966, -0.011773119, -0.011520419, -0.011390361, -0.011122289, -0.0108434735, -0.010700201, -0.010406141, -0.010102916, -0.009947916, -0.009630968, -0.009303797, -0.0089647705, -0.008790255, -0.008429959, -0.008052989, -0.007857904, -0.0074530584, -0.00702657, -0.0065744277, -0.006337031, -0.005837412, -0.005313348, -0.005056505, -0.0046426235, -0.004589181
0, 0, 0, 0, 0, 0, 0, 0, 0, 0, 0, 0, 0, 0, 0, 0, 0, 0, 0, 0, 0, 0, 0, 0, 0, 0, 0, 0, 0, 0, 0, 0, 0, 0, 0, 0, 0, 0, 0, 0, 0, 0, 0, 0, 0, 0, 0, 0, 0, 0, 0, -0.0059631476, -0.0055417195, -0.0054711928, -0.0059263236, -0.006225804, -0.0068551446, -0.007469857, -0.007764473, -0.008325496, -0.008849623, -0.00933769, -0.009568754, -0.010006614, -0.010415092, -0.010610312, -0.01098587, -0.011345998, -0.0116945235, -0.011864575, -0.012195542, -0.012512801, -0.01266541, -0.0129564535, -0.013226538, -0.013475624, -0.013592826, -0.013814263, -0.014021609, -0.0141208805, -0.0143115, -0.01449149, -0.014577194, -0.014738998, -0.014886533, -0.01501771, -0.015076849, -0.015182143, -0.015270713, -0.015309284, -0.015376097, -0.015430481, -0.015473243, -0.015490317, -0.015515294, -0.015527411, -0.0155283585, -0.0155198155, -0.015497126, -0.015480314, -0.015436817, -0.015380589, -0.0153132295, -0.015275578, -0.015193097, -0.015100974, -0.015051252, -0.014944379, -0.014827006, -0.014698561, -0.01463011, -0.014484406, -0.014327449, -0.014245109, -0.014073632, -0.013893923, -0.013801228, -0.013610314, -0.013411692, -0.013204579, -0.013097653, -0.012876357, -0.012644446, -0.012524483, -0.012276287, -0.012017948, -0.011750594, -0.011613843, -0.011335061, -0.0110491095, -0.010903259, -0.01060548, -0.010298305, -0.010140656, -0.009816285, -0.00947876, -0.009127482, -0.008946703, -0.008575015, -0.008189422, -0.007991013, -0.00758098, -0.0071497126, -0.006691208, -0.0064495713, -0.0059386254, -0.005399866, -0.0051350878, -0.0047066044, -0.0046454957
0, 0, 0, 0, 0, 0, 0, 0, 0, 0, 0, 0, 0, 0, 0, 0, 0, 0, 0, 0, 0, 0, 0, 0, 0, 0, 0, 0, 0, 0, 0, 0, 0, 0, 0, 0, 0, 0, 0, 0, 0, 0, 0, 0, 0, 0, 0, 0, 0, 0, 0, -0.006116469, -0.005883538, -0.0056827613, -0.0060074944, -0.006281379, -0.0069040707, -0.007532664, -0.0078346245, -0.008407814, -0.008941944, -0.009440968, -0.009678096, -0.010129383, -0.010552611, -0.01075503, -0.011144274, -0.011516493, -0.011875691, -0.0120509975, -0.012393007, -0.012723259, -0.012883291, -0.01319153, -0.013481063, -0.01375001, -0.013876379, -0.0141135985, -0.014332452, -0.014435868, -0.014632425, -0.014817109, -0.01490537, -0.015074041, -0.015230964, -0.015374049, -0.0154395215, -0.015556473, -0.01565342, -0.01569442, -0.015762594, -0.015814241, -0.015852194, -0.015866842, -0.01588845, -0.015900213, -0.015902111, -0.015897088, -0.01587835, -0.015863085, -0.01581982, -0.015760353, -0.015686328, -0.015644887, -0.015555079, -0.015457811, -0.0154066915, -0.015299371, -0.015183435, -0.015056443, -0.014988022, -0.014839739, -0.014676321, -0.0145893665, -0.014407055, -0.014216433, -0.014118937, -0.013920729, -0.0137179755, -0.013509036, -0.013401399, -0.013177666, -0.012940494, -0.012816261, -0.012556976, -0.012285383, -0.012004829, -0.011862353, -0.011574264, -0.011282162, -0.01113414, -0.010832294, -0.010520097, -0.010359065, -0.010025716, -0.009676175, -0.009311215, -0.009123634, -0.008739732, -0.008344693, -0.0081425905, -0.007726372, -0.0072887833, -0.006821826, -0.006574663, -0.0060495213, -0.00549331, -0.0052193585, -0.004774318, -0.004704767
0, 0, 0, 0, 0, 0, 0, 0, 0, 0, 0, 0, 0, 0, 0, 0, 0, 0, 0, 0, 0, 0, 0, 0, 0, 0, 0, 0, 0, 0, 0, 0, 0, 0, 0, 0, 0, 0, 0, 0, 0, 0, 0, 0, 0, 0, 0, 0, 0, 0, 0, -0.008188149, -0.007213845, -0.0060801734, -0.006093453, -0.006319751, -0.0069243144, -0.0075615537, -0.007867982, -0.008447886, -0.008988114, -0.009495681, -0.009738649, -0.0102038495, -0.01064292, -0.010853329, -0.011257485, -0.011642874, -0.012012863, -0.012192947, -0.012544674, -0.012886031, -0.013052523, -0.013376361, -0.013685139, -0.013974455, -0.0141109675, -0.014366503, -0.01459961, -0.01470839, -0.014913215, -0.015103507, -0.015194292, -0.01536875, -0.015533357, -0.01568617, -0.015756907, -0.015884276, -0.015989734, -0.016033692, -0.01610505, -0.016156351, -0.016192064, -0.016205486, -0.016225617, -0.01623853, -0.016241977, -0.016241973, -0.016229108, -0.016216518, -0.01617722, -0.016119037, -0.016043983, -0.0160015, -0.015909255, -0.01581082, -0.015759835, -0.015653951, -0.0155407265, -0.015415865, -0.015347729, -0.015198004, -0.015029801, -0.014939422, -0.014748882, -0.014549955, -0.014448816, -0.014244899, -0.014038781, -0.013828154, -0.013719794, -0.013493763, -0.013251746, -0.013124033, -0.012855837, -0.012573813, -0.0122832665, -0.012136353, -0.011840954, -0.011543579, -0.011393272, -0.011086667, -0.010768045, -0.010602708, -0.010258421, -0.009895406, -0.009515893, -0.009321192, -0.008924288, -0.008518911, -0.008312467, -0.007888613, -0.007443169, -0.0069661182, -0.0067125424, -0.0061717974, -0.005597014, -0.0053134994, -0.004851236, -0.004773225
0, 0, 0, 0, 0, 0, 0, 0, 0, 0, 0, 0, 0, 0, 0, 0, 0, 0, 0, 0, 0, 0, 0, 0, 0, 0, 0, 0, 0, 0, 0, 0, 0, 0, 0, 0, 0, 0, 0, 0, 0, 0, 0, 0, 0, 0, 0, 0, 0, 0, 0, 0, -0.0074379263, -0.0062048216, -0.0061234604, -0.0063275206, -0.0069094673, -0.007535901, -0.00783879, -0.008414373, -0.008955329, -0.009469717, -0.0097185355, -0.010199011, -0.010656913, -0.010877169, -0.0113004185, -0.011702765, -0.012086453, -0.012272261, -0.0126346275, -0.012986417, -0.013158882, -0.013496794, -0.013822927, -0.014132408, -0.014279052, -0.01455435, -0.014804411, -0.014920151, -0.015135844, -0.01533394, -0.015427977, -0.015608208, -0.01577961, -0.015940433, -0.01601576, -0.016152792, -0.016267646, -0.016315695, -0.01639327, -0.016448433, -0.016486304, -0.016500551, -0.016522892, -0.01653951, -0.01654566, -0.01655206, -0.01654656, -0.016537722, -0.016505137, -0.01645181, -0.01637992, -0.016338345, -0.01624752, -0.016150158, -0.016099842, -0.015995732, -0.01588489, -0.015761813, -0.015694248, -0.015544358, -0.01537414, -0.015282174, -0.015087601, -0.01488428, -0.014781125, -0.014573857, -0.014365471, -0.014153052, -0.014043601, -0.013814827, -0.013568634, -0.013438302, -0.013163745, -0.01287457, -0.01257712, -0.012426999, -0.012125805, -0.01182313, -0.011670155, -0.0113575505, -0.011031078, -0.010860984, -0.010505227, -0.0101290485, -0.00973575, -0.009534302, -0.009124986, -0.008708572, -0.008497178, -0.008064136, -0.0076091047, -0.007120692, -0.006860509, -0.0063043535, -0.0057119112, -0.00541924, -0.004940959, -0.004855461
0, 0, 0, 0, 0, 0, 0, 0, 0, 0, 0, 0, 0, 0, 0, 0, 0, 0, 0, 0, 0, 0, 0, 0, 0, 0, 0, 0, 0, 0, 0, 0, 0, 0, 0, 0, 0, 0, 0, 0, 0, 0, 0, 0, 0, 0, 0, 0, 0, 0, 0, 0, 0, -0.006564311, -0.00633118, -0.006424974, -0.006860543, -0.0074217375, -0.007709552, -0.008273452, -0.008816561, -0.009341499, -0.009598095, -0.010098927, -0.010581101, -0.010814406, -0.011263574, -0.011689121, -0.0120917475, -0.01228565, -0.012661325, -0.013024941, -0.01320323, -0.013553924, -0.013895401, -0.014222505, -0.014378669, -0.014672917, -0.014940291, -0.015064022, -0.0152926035, -0.01550054, -0.015598413, -0.015785636, -0.01596382, -0.016132489, -0.01621217, -0.016358985, -0.016484382, -0.016537605, -0.016624786, -0.016688284, -0.01673317, -0.01675064, -0.016779525, -0.016802903, -0.01681273, -0.016826903, -0.01682966, -0.016824719, -0.016799828, -0.016753238, -0.016686434, -0.016647007, -0.01655908, -0.01646372, -0.016414214, -0.01631161, -0.016202176, -0.016081074, -0.016014403, -0.015866438, -0.015697904, -0.015606528, -0.015412736, -0.015209553, -0.015106225, -0.014898131, -0.014688281, -0.01447353, -0.014362711, -0.014130488, -0.013880504, -0.013748174, -0.013469499, -0.013175947, -0.012873657, -0.012720961, -0.012414359, -0.012105514, -0.011949286, -0.01162936, -0.011294477, -0.011119757, -0.010754069, -0.010367267, -0.009963226, -0.009756367, -0.009336241, -0.008908889, -0.008691972, -0.008247533, -0.007780756, -0.007279823, -0.0070128934, -0.006442503, -0.0058346475, -0.0055342373, -0.0050422996, -0.004951221
0, 0, 0, 0, 0, 0, 0, 0, 0, 0, 0, 0, 0, 0, 0, 0, 0, 0, 0, 0, 0, 0, 0, 0, 0, 0, 0, 0, 0, 0, 0, 0, 0, 0, 0, 0, 0, 0, 0, 0, 0, 0, 0, 0, 0, 0, 0, 0, 0, 0, 0, 0, 0, -0.008092174, -0.0067443745, -0.006539612, -0.0066833138, -0.0071600797, -0.007438351, -0.008008045, -0.008570022, -0.009118959, -0.009389013, -0.0099194255, -0.010434035, -0.010683577, -0.011164944, -0.011618849, -0.012045286, -0.012249062, -0.012641123, -0.013017777, -0.0132020535, -0.013564297, -0.013918105, -0.014259189, -0.014422738, -0.014732725, -0.015015475, -0.015146183, -0.01538744, -0.015605979, -0.01570837, -0.015903842, -0.016089693, -0.016266514, -0.016350755, -0.01650738, -0.016643748, -0.016702807, -0.016801607, -0.016876483, -0.016932355, -0.016955053, -0.016993755, -0.017026281, -0.017040493, -0.017063359, -0.017074224, -0.017073581, -0.017056657, -0.017017357, -0.016957028, -0.016920192, -0.01683667, -0.016744353, -0.016695917, -0.016595367, -0.016487945, -0.016369605, -0.016304703, -0.016161088, -0.015997713, -0.015909059, -0.015720366, -0.0155209545, -0.015418809, -0.015211589, -0.01500032, -0.014782671, -0.014670053, -0.014434141, -0.014180725, -0.014046918, -0.013765862, -0.01346986, -0.013164175, -0.0130092045, -0.012696788, -0.0123807425, -0.012220506, -0.011892328, -0.011549294, -0.011370678, -0.010997787, -0.010604438, -0.010193611, -0.0099830665, -0.009554172, -0.009115731, -0.008892417, -0.008434171, -0.007952885, -0.0074376706, -0.0071638124, -0.006580146, -0.0059593148, -0.005652595, -0.005150105, -0.005055655
0, 0, 0, 0, 0, 0, 0, 0, 0, 0, 0, 0, 0, 0, 0, 0, 0, 0, 0, 0, 0, 0, 0, 0, 0, 0, 0, 0, 0, 0, 0, 0, 0, 0, 0, 0, 0, 0, 0, 0, 0, 0, 0, 0, 0, 0, 0, 0, 0, 0, 0, 0, 0, -0.008479994, -0.0067207604, -0.006316426, -0.006283325, -0.006746283, -0.0070398715, -0.00765194, -0.008257954, -0.008848747, -0.009139143, -0.009708827, -0.0102608325, -0.010528445, -0.011042729, -0.0115253655, -0.01197511, -0.012188614, -0.012596781, -0.0129858125, -0.013175392, -0.013547329, -0.01391005, -0.014260191, -0.014428909, -0.014749256, -0.015042746, -0.015178858, -0.01543042, -0.015658697, -0.01576584, -0.01597025, -0.016164716, -0.016350403, -0.016438963, -0.016605126, -0.016751887, -0.016816486, -0.01692744, -0.017014919, -0.017083425, -0.017112292, -0.017162727, -0.01720598, -0.017225087, -0.017257094, -0.017276607, -0.017280135, -0.017271878, -0.01724125, -0.017189173, -0.017156128, -0.017079536, -0.016992649, -0.01694668, -0.01685021, -0.016746504, -0.016632326, -0.016570132, -0.016432678, -0.016276946, -0.016192218, -0.01601107, -0.01581765, -0.015717326, -0.015511498, -0.015298951, -0.015078304, -0.014963793, -0.014724415, -0.014468673, -0.014334235, -0.014052559, -0.0137559045, -0.013448182, -0.013291296, -0.012973136, -0.012649296, -0.012484678, -0.012147707, -0.011796929, -0.011615109, -0.0112373, -0.01084036, -0.010425696, -0.010212672, -0.009776152, -0.009326143, -0.009095669, -0.008621177, -0.008122719, -0.0075911228, -0.007309954, -0.006713121, -0.0060810987, -0.0057693603, -0.0052585583, -0.0051627066
0, 0, 0, 0, 0, 0, 0, 0, 0, 0, 0, 0, 0, 0, 0, 0, 0, 0, 0, 0, 0, 0, 0, 0, 0, 0, 0, 0, 0, 0, 0, 0, 0, 0, 0, 0, 0, 0, 0, 0, 0, 0, 0, 0, 0, 0, 0, 0, 0, 0, 0, 0, 0, 0, -0.006370806, -0.0059027234, -0.0058292137, -0.0063106464, -0.0066261226, -0.0072941007, -0.007958775, -0.008602837, -0.008916368, -0.009526925, -0.010112752, -0.01039478, -0.010934261, -0.011436808, -0.011902477, -0.012122514, -0.012541847, -0.012939986, -0.013133425, -0.013511946, -0.013880189, -0.014235453, -0.014406714, -0.014732332, -0.0150319245, -0.015171266, -0.015430347, -0.015666999, -0.015778743, -0.01599258, -0.01619637, -0.016390957, -0.016483996, -0.01665904, -0.01681516, -0.016884943, -0.017007114, -0.01710729, -0.01718905, -0.017224541, -0.017287532, -0.017342187, -0.017366523, -0.017407993, -0.01743671, -0.017444795, -0.017446158, -0.017426107, -0.01738511, -0.017357746, -0.01729169, -0.017214188, -0.017172258, -0.017082471, -0.01698441, -0.016875604, -0.01681628, -0.016685713, -0.01653801, -0.01645776, -0.016284874, -0.016097805, -0.015999807, -0.015796086, -0.01558286, -0.015359807, -0.015244026, -0.015002647, -0.0147464415, -0.014612308, -0.014332264, -0.014037253, -0.013729629, -0.013571742, -0.01324895, -0.012917618, -0.012748568, -0.012402483, -0.012043728, -0.011858742, -0.0114763025, -0.011076347, -0.010658526, -0.01044306, -0.00999885, -0.009536745, -0.0092986915, -0.008806766, -0.008289718, -0.007740806, -0.007451842, -0.0068414425, -0.006198567, -0.0058821086, -0.0053641065, -0.00526758
0, 0, 0, 0, 0, 0, 0, 0, 0, 0, 0, 0, 0, 0, 0, 0, 0, 0, 0, 0, 0, 0, 0, 0, 0, 0, 0, 0, 0, 0, 0, 0, 0, 0, 0, 0, 0, 0, 0, 0, 0, 0, 0, 0, 0, 0, 0, 0, 0, 0, 0, 0, 0, 0, -0.0060544116, -0.0058197896, -0.005643938, -0.006019088, -0.006326639, -0.0070308414, -0.0077522383, -0.008444984, -0.008777787, -0.009416672, -0.01002027, -0.010308404, -0.010855503, -0.011362693, -0.011831607, -0.0120533, -0.012476216, -0.012878651, -0.013074146, -0.013456702, -0.013828184, -0.014185676, -0.014357896, -0.014685435, -0.014987881, -0.015129364, -0.01539426, -0.01563882, -0.015755288, -0.015979212, -0.016193092, -0.016396781, -0.016494181, -0.016677486, -0.016842304, -0.01691692, -0.017050007, -0.017162627, -0.017258067, -0.017300501, -0.017376812, -0.017443456, -0.017473144, -0.017524227, -0.01756203, -0.017574923, -0.017586546, -0.017578717, -0.01755124, -0.017530851, -0.017478475, -0.017413331, -0.017376652, -0.017295744, -0.017204229, -0.017100753, -0.017044084, -0.01691962, -0.016779305, -0.016703019, -0.016538253, -0.01635835, -0.016263086, -0.016062757, -0.015850553, -0.015626986, -0.015510869, -0.0152691575, -0.015014153, -0.01488141, -0.014605071, -0.014313934, -0.014008782, -0.013850948, -0.0135255065, -0.01318792, -0.013014767, -0.012659493, -0.012291912, -0.012103039, -0.011714369, -0.011309719, -0.010887171, -0.010668695, -0.010216471, -0.009742605, -0.009497327, -0.008988929, -0.008454202, -0.00788825, -0.007591484, -0.00696728, -0.0063127843, -0.0059912605, -0.0054653343, -0.0053676623
0, 0, 0, 0, 0, 0, 0, 0, 0, 0, 0, 0, 0, 0, 0, 0, 0, 0, 0, 0, 0, 0, 0, 0, 0, 0, 0, 0, 0, 0, 0, 0, 0, 0, 0, 0, 0, 0, 0, 0, 0, 0, 0, 0, 0, 0, 0, 0, 0, 0, 0, 0, 0, 0, -0.007851888, -0.0068828114, -0.005807879, -0.005907329, -0.006190099, -0.0069212425, -0.0076848017, -0.008403135, -0.008741803, -0.009382957, -0.009980456, -0.010263519, -0.010799155, -0.011295514, -0.011756207, -0.011975138, -0.012395851, -0.012799197, -0.012996013, -0.013381282, -0.013754961, -0.014113568, -0.014285822, -0.014613899, -0.014918373, -0.015061708, -0.015332838, -0.015586336, -0.015707878, -0.01594265, -0.016167145, -0.016380312, -0.01648171, -0.016673122, -0.016846336, -0.016925728, -0.017069945, -0.017195717, -0.017305648, -0.017355457, -0.017445773, -0.017524634, -0.017559573, -0.017619815, -0.017665632, -0.01768267, -0.017704235, -0.017708207, -0.017694749, -0.017681777, -0.017644253, -0.017592307, -0.017561376, -0.017489491, -0.017404351, -0.017305681, -0.017251201, -0.01713167, -0.016997669, -0.016925141, -0.01676868, -0.016596824, -0.016505096, -0.016310431, -0.016101614, -0.015879543, -0.01576379, -0.015523005, -0.015269838, -0.015138715, -0.014866523, -0.014580263, -0.01427857, -0.014121685, -0.013795535, -0.01345345, -0.013276766, -0.012913084, -0.012536046, -0.012342629, -0.011945633, -0.011533616, -0.011104325, -0.010882404, -0.010422145, -0.009938252, -0.009686971, -0.009164935, -0.008615224, -0.008034049, -0.007729822, -0.007091613, -0.0064242883, -0.006096826, -0.005561321, -0.00546106
0, 0, 0, 0, 0, 0, 0, 0, 0, 0, 0, 0, 0, 0, 0, 0, 0, 0, 0, 0, 0, 0, 0, 0, 0, 0, 0, 0, 0, 0, 0, 0, 0, 0, 0, 0, 0, 0, 0, 0, 0, 0, 0, 0, 0, 0, 0, 0, 0, 0, 0, 0, 0, 0, 0, -0.0069844066, -0.0059423414, -0.0059948117, -0.006273596, -0.007002559, -0.0077542053, -0.008451011, -0.008776957, -0.00939134, -0.009962127, -0.010232784, -0.010745534, -0.011223465, -0.011671975, -0.01188746, -0.012305028, -0.012709691, -0.012907999, -0.01329645, -0.013672172, -0.014031361, -0.01420383, -0.014532444, -0.014839504, -0.014985361, -0.015263784, -0.015527545, -0.01565469, -0.015900973, -0.01613561, -0.01635718, -0.016462494, -0.016661132, -0.016842721, -0.0169271, -0.017083084, -0.017222904, -0.017348167, -0.017405514, -0.017509995, -0.017600272, -0.017639937, -0.017707877, -0.017760076, -0.01778048, -0.017809734, -0.017823981, -0.017823178, -0.017817073, -0.0177933, -0.017753785, -0.017728172, -0.017664855, -0.017585875, -0.017491696, -0.017439175, -0.017324239, -0.017196305, -0.017127609, -0.016979914, -0.016817227, -0.01672997, -0.016542744, -0.016339064, -0.016119778, -0.016004702, -0.015764795, -0.015512879, -0.015382515, -0.015112924, -0.014829982, -0.014531289, -0.01437532, -0.014049261, -0.013704324, -0.013525083, -0.013154201, -0.012768463, -0.012570387, -0.012164072, -0.011743345, -0.011306231, -0.011080597, -0.0106128855, -0.010120981, -0.009865175, -0.009332843, -0.008771249, -0.008176738, -0.007865572, -0.007213112, -0.0065314104, -0.006197098, -0.005650004, -0.005545707
0, 0, 0, 0, 0, 0, 0, 0, 0, 0, 0, 0, 0, 0, 0, 0, 0, 0, 0, 0, 0, 0, 0, 0, 0, 0, 0, 0, 0, 0, 0, 0, 0, 0, 0, 0, 0, 0, 0, 0, 0, 0, 0, 0, 0, 0, 0, 0, 0, 0, 0, 0, 0, 0, 0, 0, -0.009992017, -0.00797319, -0.007537876, -0.0074800807, -0.0079075415, -0.0084634395, -0.008748043, -0.009304941, -0.009834928, -0.010089144, -0.010577518, -0.011042971, -0.011491048, -0.011709878, -0.012139155, -0.012557213, -0.012761578, -0.013159095, -0.013539393, -0.013900574, -0.0140739735, -0.0144072985, -0.014724527, -0.01487792, -0.015175464, -0.015460581, -0.015598333, -0.015863344, -0.016112922, -0.016346188, -0.016456727, -0.01666643, -0.016862577, -0.016956145, -0.017134644, -0.017301114, -0.017454183, -0.017524803, -0.017652394, -0.017760752, -0.017807484, -0.017886598, -0.01794884, -0.017974466, -0.018016769, -0.018048065, -0.018068576, -0.018074064, -0.018073948, -0.018056354, -0.018040435, -0.017993815, -0.017928122, -0.017845673, -0.017798949, -0.017696042, -0.017582215, -0.017521195, -0.017390136, -0.017244522, -0.017165171, -0.016991848, -0.016797803, -0.016583998, -0.016470192, -0.016230702, -0.015977558, -0.015846424, -0.015575366, -0.01529146, -0.014992124, -0.014835635, -0.014507738, -0.014158597, -0.013976101, -0.013596062, -0.01319783, -0.01299254, -0.012570631, -0.012133802, -0.011680987, -0.011447744, -0.010965563, -0.010459063, -0.0101955095, -0.009645954, -0.009063721, -0.008444759, -0.008119916, -0.007437686, -0.006724394, -0.006374681, -0.0058014896, -0.0056863693
0, 0, 0, 0, 0, 0, 0, 0, 0, 0, 0, 0, 0, 0, 0, 0, 0, 0, 0, 0, 0, 0, 0, 0, 0, 0, 0, 0, 0, 0, 0, 0, 0, 0, 0, 0, 0, 0, 0, 0, 0, 0, 0, 0, 0, 0, 0, 0, 0, 0, 0, 0, 0, 0, 0, 0, -0.014606564, -0.0086925095, -0.0077030975, -0.0072977883, -0.0076856217, -0.008263078, -0.008560898, -0.009138451, -0.0096830465, -0.009943876, -0.010446105, -0.010927343, -0.011393037, -0.011620865, -0.012066159, -0.012496609, -0.012705591, -0.01310935, -0.013493186, -0.013857555, -0.01403309, -0.014372656, -0.014698885, -0.014857595, -0.015165993, -0.015461501, -0.015603687, -0.015875606, -0.016130015, -0.016367, -0.016479343, -0.016693573, -0.016896058, -0.016993599, -0.017181315, -0.017358111, -0.017521143, -0.017596228, -0.017731672, -0.017846445, -0.017896147, -0.017981427, -0.018050484, -0.018079964, -0.018130865, -0.018172115, -0.01820344, -0.018214338, -0.018225003, -0.0182173, -0.018205976, -0.018167872, -0.018109912, -0.018034888, -0.017991796, -0.017896028, -0.017788885, -0.017730916, -0.017605156, -0.017463863, -0.017386278, -0.017215954, -0.017024333, -0.0168122, -0.0166991, -0.01646057, -0.016207635, -0.016076265, -0.01580396, -0.015517827, -0.015215673, -0.015057745, -0.01472669, -0.014374326, -0.014190142, -0.013806504, -0.013403876, -0.013196022, -0.012768426, -0.012324781, -0.011864045, -0.011626625, -0.011135277, -0.010619063, -0.010350616, -0.009790773, -0.009197358, -0.008566042, -0.0082345735, -0.007538176, -0.0068101287, -0.006453293, -0.0058680414, -0.0057478757
0, 0, 0, 0, 0, 0, 0, 0, 0, 0, 0, 0, 0, 0, 0, 0, 0, 0, 0, 0, 0, 0, 0, 0, 0, 0, 0, 0, 0, 0, 0, 0, 0, 0, 0, 0, 0, 0, 0, 0, 0, 0, 0, 0, 0, 0, 0, 0, 0, 0, 0, 0, 0, 0, 0, 0, 0, -0.00708563, -0.0067573213, -0.006771263, -0.007301925, -0.007959808, -0.008285166, -0.008902826, -0.009476732, -0.00975076, -0.010279022, -0.010787356, -0.011278911, -0.0115183825, -0.0119840605, -0.012429226, -0.012643669, -0.013055538, -0.013445827, -0.013817148, -0.013996811, -0.014346353, -0.01468429, -0.014849165, -0.015169494, -0.01547478, -0.0156211555, -0.015899481, -0.016158704, -0.016400162, -0.016515011, -0.01673518, -0.016944988, -0.017046584, -0.017242933, -0.017428257, -0.017598748, -0.017677177, -0.017818816, -0.017939748, -0.017992731, -0.018085832, -0.018164186, -0.018198958, -0.018260924, -0.018313268, -0.018354895, -0.018370701, -0.01839016, -0.018390354, -0.018382648, -0.018351512, -0.018300723, -0.01823282, -0.018193206, -0.018103935, -0.01800188, -0.017945837, -0.017822608, -0.017682191, -0.017604794, -0.017434543, -0.017243365, -0.017032541, -0.016920269, -0.016683703, -0.016432406, -0.016301552, -0.016028877, -0.01574084, -0.015435437, -0.0152753955, -0.01493979, -0.014582884, -0.0143964635, -0.014008428, -0.013601408, -0.013391292, -0.012958224, -0.012507933, -0.012038966, -0.011796793, -0.011295089, -0.010767803, -0.010493728, -0.009922745, -0.009318354, -0.008676019, -0.008338863, -0.007630795, -0.006891004, -0.0065283487, -0.0059332, -0.005809062
0, 0, 0, 0, 0, 0, 0, 0, 0, 0, 0, 0, 0, 0, 0, 0, 0, 0, 0, 0, 0, 0, 0, 0, 0, 0, 0, 0, 0, 0, 0, 0, 0, 0, 0, 0, 0, 0, 0, 0, 0, 0, 0, 0, 0, 0, 0, 0, 0, 0, 0, 0, 0, 0, 0, 0, 0, -0.007211665, -0.0066017117, -0.00645521, -0.0069701998, -0.007644905, -0.0079828175, -0.008628314, -0.00923323, -0.009523458, -0.010084989, -0.010625814, -0.011146741, -0.01139911, -0.0118861925, -0.012347808, -0.012568679, -0.012991472, -0.013391939, -0.0137740215, -0.0139597, -0.014322239, -0.014673659, -0.014844966, -0.0151768895, -0.015491814, -0.015642067, -0.015927086, -0.016192555, -0.016440706, -0.016559592, -0.016788486, -0.017007822, -0.017114228, -0.017319625, -0.017512957, -0.01769006, -0.01777151, -0.017919268, -0.018046986, -0.01810406, -0.018206479, -0.018296007, -0.018336495, -0.018409988, -0.018472614, -0.018522488, -0.018541597, -0.018566418, -0.018570907, -0.018565087, -0.018538322, -0.018492509, -0.018430168, -0.01839343, -0.018309394, -0.018210957, -0.018155951, -0.018033242, -0.01789177, -0.01781351, -0.01764149, -0.017449453, -0.01723906, -0.01712744, -0.01689272, -0.016643237, -0.01651272, -0.016239922, -0.015949737, -0.015640479, -0.015478036, -0.015136948, -0.014774288, -0.014585093, -0.014191886, -0.0137801, -0.013567472, -0.013128794, -0.0126717165, -0.012194534, -0.011947593, -0.011435738, -0.010897824, -0.010618411, -0.010037353, -0.009423839, -0.008773045, -0.0084318, -0.0077156727, -0.0069675073, -0.0066006687, -0.0059979684, -0.0058708875
0, 0, 0, 0, 0, 0, 0, 0, 0, 0, 0, 0, 0, 0, 0, 0, 0, 0, 0, 0, 0, 0, 0, 0, 0, 0, 0, 0, 0, 0, 0, 0, 0, 0, 0, 0, 0, 0, 0, 0, 0, 0, 0, 0, 0, 0, 0, 0, 0, 0, 0, 0, 0, 0, 0, 0, 0, -0.006979257, -0.006679104, -0.0063994993, -0.0067304163, -0.0073387576, -0.0076722675, -0.008337509, -0.008977929, -0.00928747, -0.009887279, -0.010462493, -0.011012272, -0.011277011, -0.011784514, -0.012261678, -0.01248962, -0.0129248835, -0.0133378245, -0.013733087, -0.013925802, -0.014301814, -0.014666073, -0.014843281, -0.015185645, -0.01550915, -0.015663026, -0.01595552, -0.016228838, -0.01648635, -0.016610412, -0.016850417, -0.017081354, -0.017193262, -0.017408656, -0.017610366, -0.01779485, -0.017879834, -0.018034702, -0.018170599, -0.01823223, -0.018344708, -0.018444866, -0.018490674, -0.018573724, -0.018643849, -0.018698547, -0.018719286, -0.018745674, -0.018751131, -0.01874587, -0.01872066, -0.018677678, -0.018619116, -0.018584453, -0.018504107, -0.018408338, -0.018353956, -0.01823115, -0.018088408, -0.018009167, -0.017835101, -0.01764138, -0.017430028, -0.017318135, -0.01708321, -0.016832914, -0.01670192, -0.016427007, -0.016133346, -0.015819306, -0.015654145, -0.015307205, -0.014938708, -0.01474678, -0.0143484725, -0.013931472, -0.01371635, -0.013272108, -0.012808505, -0.012323694, -0.012072734, -0.011552396, -0.011006031, -0.01072253, -0.010133928, -0.009513858, -0.008857372, -0.008513462, -0.007791911, -0.007037791, -0.0066676815, -0.006058896, -0.0059292647
0, 0, 0, 0, 0, 0, 0, 0, 0, 0, 0, 0, 0, 0, 0, 0, 0, 0, 0, 0, 0, 0, 0, 0, 0, 0, 0, 0, 0, 0, 0, 0, 0, 0, 0, 0, 0, 0, 0, 0, 0, 0, 0, 0, 0, 0, 0, 0, 0, 0, 0, 0, 0, 0, 0, 0, 0, -0.009030669, -0.007875324, -0.006525226, -0.006484198, -0.0070161643, -0.0073551903, -0.00806041, -0.008749185, -0.009081484, -0.009720374, -0.010326534, -0.01089994, -0.011174186, -0.011697274, -0.012187258, -0.0124209635, -0.012867728, -0.013292604, -0.013700155, -0.013898649, -0.014286067, -0.014660503, -0.01484229, -0.015192926, -0.0155241545, -0.015681969, -0.015982855, -0.016265608, -0.016534075, -0.01666391, -0.01691596, -0.017158616, -0.017276095, -0.01750173, -0.017712517, -0.0179056, -0.017994793, -0.018158643, -0.018303925, -0.018370483, -0.018492447, -0.018601257, -0.01865087, -0.018740311, -0.018814692, -0.018871672, -0.01889275, -0.01891939, -0.018924598, -0.018919464, -0.018895293, -0.018853892, -0.018797494, -0.018763945, -0.018685639, -0.01859114, -0.01853722, -0.018414646, -0.018271372, -0.018191604, -0.018015983, -0.017820278, -0.017606176, -0.01749283, -0.017254088, -0.016999377, -0.016865956, -0.016585747, -0.016286645, -0.015967047, -0.015799116, -0.0154472375, -0.015074199, -0.014880039, -0.0144773135, -0.014055832, -0.013838146, -0.013388597, -0.012919125, -0.012428132, -0.012174116, -0.011647612, -0.0110955015, -0.010809378, -0.010215708, -0.00959097, -0.0089299325, -0.008583785, -0.0078571765, -0.00709729, -0.006724031, -0.006109284, -0.0059771067
0, 0, 0, 0, 0, 0, 0, 0, 0, 0, 0, 0, 0, 0, 0, 0, 0, 0, 0, 0, 0, 0, 0, 0, 0, 0, 0, 0, 0, 0, 0, 0, 0, 0, 0, 0, 0, 0, 0, 0, 0, 0, 0, 0, 0, 0, 0, 0, 0, 0, 0, 0, 0, 0, 0, 0, 0, 0, -0.0077525005, -0.006255517, -0.0061527984, -0.0067167096, -0.0070853205, -0.007851545, -0.008589793, -0.008941057, -0.009608272, -0.010232774, -0.010818204, -0.01109709, -0.01162788, -0.012125479, -0.012362958, -0.01281805, -0.01325163, -0.013667763, -0.013870245, -0.014265157, -0.0146464165, -0.014831565, -0.015189278, -0.015529058, -0.015691668, -0.016002845, -0.016297264, -0.016577445, -0.016712936, -0.016976064, -0.017229045, -0.017351191, -0.01758617, -0.017806305, -0.018009229, -0.018103758, -0.018278114, -0.018433856, -0.018505136, -0.018635258, -0.018750235, -0.018802274, -0.018894948, -0.018971508, -0.019029878, -0.0190517, -0.019079637, -0.019086882, -0.019082787, -0.01906061, -0.019020868, -0.018965185, -0.018931597, -0.018852795, -0.018757673, -0.018703459, -0.0185806, -0.018437224, -0.018357424, -0.018181177, -0.01798376, -0.017766083, -0.01765019, -0.017405024, -0.017142732, -0.017005267, -0.01671724, -0.01641148, -0.016086347, -0.015916323, -0.015561103, -0.015185327, -0.014989885, -0.014584128, -0.014158876, -0.0139389895, -0.01348434, -0.013009507, -0.012513467, -0.012257064, -0.011726421, -0.011170677, -0.01088278, -0.010285489, -0.009656734, -0.0089907935, -0.008641804, -0.007908837, -0.0071417983, -0.0067649777, -0.0061439085, -0.00600886
0, 0, 0, 0, 0, 0, 0, 0, 0, 0, 0, 0, 0, 0, 0, 0, 0, 0, 0, 0, 0, 0, 0, 0, 0, 0, 0, 0, 0, 0, 0, 0, 0, 0, 0, 0, 0, 0, 0, 0, 0, 0, 0, 0, 0, 0, 0, 0, 0, 0, 0, 0, 0, 0, 0, 0, 0, 0, 0, -0.0060681887, -0.006034343, -0.006588719, -0.0069650523, -0.0077546546, -0.008510659, -0.008866814, -0.009537739, -0.010161128, -0.010744172, -0.011022286, -0.011553282, -0.012053323, -0.012292942, -0.012753067, -0.013192143, -0.013613258, -0.013818098, -0.0142179765, -0.014604703, -0.014793181, -0.015159747, -0.015510656, -0.015679874, -0.016005471, -0.016313866, -0.016606683, -0.016747674, -0.017020484, -0.017281497, -0.017407697, -0.01765088, -0.017880388, -0.018094217, -0.018194424, -0.018380603, -0.018546825, -0.018622627, -0.018759508, -0.018878583, -0.01893177, -0.019025927, -0.019103609, -0.019164192, -0.019187601, -0.019219832, -0.019231861, -0.01923016, -0.019211672, -0.019173428, -0.019116735, -0.019081922, -0.018999638, -0.018901022, -0.018845452, -0.018720675, -0.018576764, -0.01849688, -0.018320894, -0.01812242, -0.01790172, -0.017783375, -0.017531654, -0.017261235, -0.017119545, -0.016823586, -0.016511355, -0.016181983, -0.016010642, -0.015653722, -0.015276824, -0.015080798, -0.014673013, -0.01424449, -0.014022454, -0.013562844, -0.013082888, -0.012582141, -0.012323707, -0.011789767, -0.011231368, -0.010942195, -0.010342173, -0.009709495, -0.009038166, -0.00868584, -0.007945453, -0.007170316, -0.006789676, -0.006162443, -0.0060246363
0, 0, 0, 0, 0, 0, 0, 0, 0, 0, 0, 0, 0, 0, 0, 0, 0, 0, 0, 0, 0, 0, 0, 0, 0, 0, 0, 0, 0, 0, 0, 0, 0, 0, 0, 0, 0, 0, 0, 0, 0, 0, 0, 0, 0, 0, 0, 0, 0, 0, 0, 0, 0, 0, 0, 0, 0, 0, 0, -0.0070669553, -0.0063522104, -0.0066790013, -0.0070030293, -0.0077362307, -0.008461449, -0.0088056065, -0.009455574, -0.010061565, -0.010632744, -0.010907017, -0.011434943, -0.011936576, -0.012178122, -0.012643272, -0.01308702, -0.0135127455, -0.013720036, -0.014125056, -0.014519555, -0.014713215, -0.01509218, -0.015459183, -0.015637286, -0.015980655, -0.01630604, -0.01661258, -0.016759353, -0.017041078, -0.017309615, -0.017439328, -0.01769035, -0.01792922, -0.018153949, -0.018260142, -0.018457776, -0.018634072, -0.018713837, -0.018856406, -0.018978044, -0.01903173, -0.019126276, -0.019205123, -0.019268312, -0.019293956, -0.019331774, -0.019350087, -0.019351296, -0.019336645, -0.019299196, -0.01924001, -0.019202841, -0.019114722, -0.019010076, -0.018951843, -0.018823363, -0.018677665, -0.018597685, -0.018421995, -0.018223712, -0.018001862, -0.017882058, -0.01762608, -0.017349852, -0.017204989, -0.016903192, -0.01658628, -0.016254207, -0.016082022, -0.015724234, -0.015346852, -0.015150312, -0.014740736, -0.014308985, -0.014084836, -0.013620487, -0.013135483, -0.012630291, -0.012370048, -0.011833202, -0.011272772, -0.01098281, -0.010380823, -0.009745245, -0.0090695815, -0.008714439, -0.00796762, -0.007185681, -0.0068019405, -0.0061698114, -0.0060298503
0, 0, 0, 0, 0, 0, 0, 0, 0, 0, 0, 0, 0, 0, 0, 0, 0, 0, 0, 0, 0, 0, 0, 0, 0, 0, 0, 0, 0, 0, 0, 0, 0, 0, 0, 0, 0, 0, 0, 0, 0, 0, 0, 0, 0, 0, 0, 0, 0, 0, 0, 0, 0, 0, 0, 0, 0, 0, 0, -0.007359757, -0.006805776, -0.0068464573, -0.0070679565, -0.0076828254, -0.00835133, -0.008677003, -0.009299194, -0.009886381, -0.010446525, -0.010718279, -0.01124657, -0.011753665, -0.011999096, -0.012472463, -0.012924289, -0.013357812, -0.013569069, -0.013983528, -0.014390019, -0.014590847, -0.0149869025, -0.015373103, -0.015561278, -0.015924938, -0.01626828, -0.016589645, -0.016742582, -0.017034357, -0.017310835, -0.017444335, -0.017703127, -0.017951148, -0.018186169, -0.018297486, -0.018505355, -0.018690206, -0.018773224, -0.018920425, -0.019043999, -0.019098068, -0.019192737, -0.019271825, -0.019337004, -0.019364221, -0.019406246, -0.019429244, -0.019432332, -0.019420275, -0.019382788, -0.019320652, -0.019281082, -0.01918718, -0.019076267, -0.0190152, -0.01888207, -0.018733855, -0.018653307, -0.018477624, -0.018280083, -0.018058648, -0.017938845, -0.017681625, -0.017403163, -0.01725684, -0.016952144, -0.016632402, -0.016298186, -0.016125288, -0.015766334, -0.01538779, -0.015190474, -0.014778967, -0.014344288, -0.014118315, -0.01365011, -0.01316111, -0.012652383, -0.012390667, -0.011851738, -0.011290132, -0.010999828, -0.010397378, -0.0097608855, -0.009083549, -0.008727245, -0.007977432, -0.007192217, -0.0068068365, -0.0061722766, -0.0060312557
0, 0, 0, 0, 0, 0, 0, 0, 0, 0, 0, 0, 0, 0, 0, 0, 0, 0, 0, 0, 0, 0, 0, 0, 0, 0, 0, 0, 0, 0, 0, 0, 0, 0, 0, 0, 0, 0, 0, 0, 0, 0, 0, 0, 0, 0, 0, 0, 0, 0, 0, 0, 0, 0, 0, 0, 0, 0, 0, -0.009729448, -0.007585961, -0.006923325, -0.006996793, -0.0074863653, -0.008114621, -0.008429887, -0.00903879, -0.009619051, -0.010179002, -0.010453106, -0.010989814, -0.011509061, -0.011761047, -0.012248423, -0.012713831, -0.013160881, -0.013379145, -0.013808059, -0.014230394, -0.014439732, -0.014853737, -0.015258795, -0.015456692, -0.015838752, -0.016199153, -0.016535515, -0.016694935, -0.016998002, -0.017283877, -0.01742167, -0.0176886, -0.017944379, -0.018187238, -0.01830249, -0.018517591, -0.018708829, -0.01879458, -0.018945863, -0.019071778, -0.019126274, -0.019221144, -0.019300127, -0.019365225, -0.019392604, -0.019435344, -0.019459285, -0.01946293, -0.019451614, -0.01941404, -0.019350719, -0.01931009, -0.019213356, -0.019098867, -0.019035952, -0.018899422, -0.018748522, -0.01866718, -0.018490711, -0.018293507, -0.018073063, -0.017953958, -0.01769791, -0.017419843, -0.017273562, -0.016967913, -0.01664658, -0.016310273, -0.016136099, -0.01577494, -0.0153944725, -0.015196279, -0.014783085, -0.014346693, -0.014119891, -0.013649837, -0.013159069, -0.012648725, -0.012386333, -0.011846503, -0.011284726, -0.010994549, -0.010392815, -0.009757511, -0.009081503, -0.008725798, -0.007977004, -0.007192465, -0.00680732, -0.0061730756, -0.0060320883
0, 0, 0, 0, 0, 0, 0, 0, 0, 0, 0, 0, 0, 0, 0, 0, 0, 0, 0, 0, 0, 0, 0, 0, 0, 0, 0, 0, 0, 0, 0, 0, 0, 0, 0, 0, 0, 0, 0, 0, 0, 0, 0, 0, 0, 0, 0, 0, 0, 0, 0, 0, 0, 0, 0, 0, 0, 0, 0, 0, -0.0075131464, -0.006673154, -0.006702126, -0.00714782, -0.0077631352, -0.008077584, -0.008690396, -0.009279424, -0.009851552, -0.01013281, -0.010685888, -0.011223068, -0.011484606, -0.011991325, -0.012476705, -0.012943138, -0.01317096, -0.013618225, -0.014057606, -0.014274943, -0.014704282, -0.015123945, -0.015328719, -0.015724882, -0.016099174, -0.0164491, -0.016615007, -0.016930059, -0.017226111, -0.017368162, -0.01764209, -0.01790336, -0.018150339, -0.018267393, -0.018486453, -0.018681597, -0.018769348, -0.018924728, -0.019054124, -0.019109918, -0.019206498, -0.019285323, -0.019349042, -0.01937524, -0.019415611, -0.019437514, -0.019440616, -0.01942916, -0.019392842, -0.0193316, -0.019292176, -0.01919735, -0.019083563, -0.019020416, -0.018882722, -0.018729918, -0.018647596, -0.0184696, -0.01827168, -0.018052138, -0.017933752, -0.017679797, -0.017403947, -0.017258275, -0.0169532, -0.01663084, -0.01629222, -0.016116792, -0.015752874, -0.015370298, -0.015171452, -0.014757718, -0.014321722, -0.014095429, -0.01362646, -0.013136724, -0.012627081, -0.012364869, -0.011825312, -0.011263911, -0.010974105, -0.01037352, -0.009740172, -0.009066966, -0.008712916, -0.007967658, -0.0071864054, -0.006802628, -0.0061704814, -0.0060305
0, 0, 0, 0, 0, 0, 0, 0, 0, 0, 0, 0, 0, 0, 0, 0, 0, 0, 0, 0, 0, 0, 0, 0, 0, 0, 0, 0, 0, 0, 0, 0, 0, 0, 0, 0, 0, 0, 0, 0, 0, 0, 0, 0, 0, 0, 0, 0, 0, 0, 0, 0, 0, 0, 0, 0, 0, 0, 0, 0, -0.0070442082, -0.006539332, -0.0064871, -0.006791311, -0.0073565356, -0.0076673897, -0.008291216, -0.008900398, -0.009493726, -0.009785353, -0.01035876, -0.010917046, -0.011189489, -0.011719608, -0.012228969, -0.012719071, -0.012957734, -0.013424615, -0.0138796, -0.014103465, -0.014543175, -0.014971513, -0.015180245, -0.015584852, -0.01596892, -0.01632998, -0.016501699, -0.016828159, -0.01713381, -0.017279556, -0.017558508, -0.01782162, -0.018068425, -0.018185286, -0.018404184, -0.01860083, -0.018690245, -0.01885004, -0.018985026, -0.019043578, -0.019144075, -0.019224504, -0.019287046, -0.019312065, -0.019349117, -0.019368105, -0.019370325, -0.019359363, -0.019326326, -0.01927056, -0.019234136, -0.019144919, -0.01903528, -0.018973356, -0.018836347, -0.018682228, -0.018598951, -0.018418962, -0.018220132, -0.018001126, -0.017883731, -0.017632585, -0.01735991, -0.01721568, -0.016912201, -0.016590029, -0.016249994, -0.016073529, -0.015707737, -0.015324146, -0.01512538, -0.014712886, -0.014279538, -0.014054847, -0.013589551, -0.013103061, -0.012595784, -0.01233439, -0.011795978, -0.011235277, -0.01094578, -0.010346166, -0.009714494, -0.0090438565, -0.008691459, -0.00794976, -0.0071722, -0.0067901835, -0.006160776, -0.0060219937
0, 0, 0, 0, 0, 0, 0, 0, 0, 0, 0, 0, 0, 0, 0, 0, 0, 0, 0, 0, 0, 0, 0, 0, 0, 0, 0, 0, 0, 0, 0, 0, 0, 0, 0, 0, 0, 0, 0, 0, 0, 0, 0, 0, 0, 0, 0, 0, 0, 0, 0, 0, 0, 0, 0, 0, 0, 0, 0, 0, -0.0089723095, -0.006950259, -0.006486811, -0.006429789, -0.0069163665, -0.007226593, -0.00787284, -0.008510447, -0.009129565, -0.009432694, -0.010027531, -0.010607175, -0.010890901, -0.011444662, -0.011979015, -0.0124930395, -0.012742683, -0.013227622, -0.013695622, -0.013923869, -0.014369719, -0.014801514, -0.0150119085, -0.015420602, -0.015810635, -0.016179992, -0.016356578, -0.016692396, -0.017005602, -0.017153984, -0.017435249, -0.017696809, -0.017939815, -0.018054591, -0.018270627, -0.018467164, -0.01855778, -0.018722614, -0.01886452, -0.018926682, -0.01903352, -0.019117858, -0.01918117, -0.01920565, -0.019240867, -0.019258352, -0.019260457, -0.019251162, -0.019222738, -0.019173501, -0.019140672, -0.019058106, -0.018953366, -0.018892968, -0.018756984, -0.018602215, -0.018518077, -0.018336758, -0.018137775, -0.01792041, -0.017804509, -0.017557375, -0.017289089, -0.01714697, -0.01684676, -0.016526338, -0.016186962, -0.016010655, -0.01564514, -0.015262633, -0.015064799, -0.01465525, -0.0142261, -0.014003846, -0.013543087, -0.013060589, -0.012556314, -0.012296186, -0.011759461, -0.01120002, -0.010911128, -0.0103129335, -0.00968309, -0.0090145115, -0.008663346, -0.007924205, -0.0071494295, -0.006768755, -0.00614178, -0.0060041198
0, 0, 0, 0, 0, 0, 0, 0, 0, 0, 0, 0, 0, 0, 0, 0, 0, 0, 0, 0, 0, 0, 0, 0, 0, 0, 0, 0, 0, 0, 0, 0, 0, 0, 0, 0, 0, 0, 0, 0, 0, 0, 0, 0, 0, 0, 0, 0, 0, 0, 0, 0, 0, 0, 0, 0, 0, 0, 0, 0, 0, -0.006686747, -0.006118032, -0.0059737414, -0.0064623603, -0.0067873276, -0.007469541, -0.008139749, -0.008784623, -0.009098689, -0.00971323, -0.010312022, -0.010605586, -0.011180203, -0.011735794, -0.0122696655, -0.012528118, -0.013027325, -0.013504542, -0.013735686, -0.014184235, -0.014616552, -0.014826913, -0.015236425, -0.015629541, -0.016004337, -0.016184054, -0.016526368, -0.01684435, -0.016993944, -0.017274722, -0.017532906, -0.01777076, -0.017883023, -0.018095125, -0.018290976, -0.018382497, -0.01855181, -0.018700508, -0.018766325, -0.018879946, -0.018969262, -0.019035427, -0.019060582, -0.019096335, -0.019114448, -0.01911724, -0.019110648, -0.01908646, -0.019042615, -0.019012548, -0.018934954, -0.018833555, -0.018774316, -0.018639399, -0.018484509, -0.018400328, -0.018219532, -0.018022535, -0.017808985, -0.017695416, -0.017453711, -0.017190922, -0.017051311, -0.016755542, -0.016438711, -0.01610239, -0.015927387, -0.015564771, -0.015185583, -0.014989749, -0.014584498, -0.014159993, -0.013939962, -0.013483415, -0.013004488, -0.012503231, -0.012244368, -0.011710277, -0.011153702, -0.010866408, -0.010271485, -0.009644975, -0.00897937, -0.008629431, -0.00789265, -0.0071199792, -0.0067403903, -0.0061154882, -0.005978666
0, 0, 0, 0, 0, 0, 0, 0, 0, 0, 0, 0, 0, 0, 0, 0, 0, 0, 0, 0, 0, 0, 0, 0, 0, 0, 0, 0, 0, 0, 0, 0, 0, 0, 0, 0, 0, 0, 0, 0, 0, 0, 0, 0, 0, 0, 0, 0, 0, 0, 0, 0, 0, 0, 0, 0, 0, 0, 0, 0, 0, -0.0059656855, -0.0057335687, -0.0056415284, -0.006101693, -0.0064279814, -0.007130091, -0.007825278, -0.00849182, -0.008815123, -0.0094458535, -0.010058881, -0.0103593655, -0.01094745, -0.011516066, -0.012061433, -0.012324769, -0.012831292, -0.0133125065, -0.013544314, -0.013992456, -0.014422493, -0.014631795, -0.015039447, -0.015432425, -0.015808867, -0.015989738, -0.016334305, -0.016653465, -0.01680307, -0.017082067, -0.017336758, -0.017570741, -0.017681101, -0.017890505, -0.018085865, -0.01817817, -0.018350564, -0.018503934, -0.018572321, -0.01869082, -0.018784406, -0.018853912, -0.01888036, -0.0189184, -0.01893914, -0.018943364, -0.018939978, -0.018919285, -0.01887885, -0.018850394, -0.018775558, -0.018676236, -0.018617755, -0.018484328, -0.018331401, -0.018248552, -0.018071117, -0.017878685, -0.017670693, -0.017560119, -0.017324237, -0.01706681, -0.016929686, -0.016638596, -0.0163262, -0.0159944, -0.015821854, -0.015464384, -0.01509052, -0.0148973, -0.014497188, -0.014077333, -0.01385927, -0.01340619, -0.012930125, -0.012431554, -0.012174218, -0.011644002, -0.011092233, -0.010807648, -0.010218738, -0.009598138, -0.008937719, -0.008590035, -0.0078568095, -0.007087058, -0.0067088436, -0.006086132, -0.0059499172
0, 0, 0, 0, 0, 0, 0, 0, 0, 0, 0, 0, 0, 0, 0, 0, 0, 0, 0, 0, 0, 0, 0, 0, 0, 0, 0, 0, 0, 0, 0, 0, 0, 0, 0, 0, 0, 0, 0, 0, 0, 0, 0, 0, 0, 0, 0, 0, 0, 0, 0, 0, 0, 0, 0, 0, 0, 0, 0, 0, 0, -0.0072900117, -0.006358739, -0.005613241, -0.0058949846, -0.006194886, -0.006890415, -0.0075999666, -0.008282487, -0.008612348, -0.009253449, -0.009872851, -0.010175393, -0.0107660815, -0.011335865, -0.011881312, -0.012144232, -0.012649556, -0.013127917, -0.013357917, -0.013801141, -0.014225677, -0.014432111, -0.014834477, -0.015223321, -0.015596558, -0.015775967, -0.016118245, -0.016435131, -0.016583465, -0.01686042, -0.017113436, -0.017346025, -0.017455861, -0.017664976, -0.017860854, -0.017953634, -0.018127337, -0.018282322, -0.01835156, -0.018472018, -0.01856788, -0.018640175, -0.018668218, -0.018709825, -0.01873429, -0.018740533, -0.018740974, -0.01872369, -0.018686162, -0.018658994, -0.018586533, -0.018489843, -0.01843278, -0.018303001, -0.018154617, -0.018074397, -0.017902894, -0.017716669, -0.017514523, -0.017406663, -0.017175723, -0.016922407, -0.016787155, -0.01649987, -0.01619177, -0.01586527, -0.015695678, -0.015344595, -0.014977403, -0.014787413, -0.0143933, -0.013978182, -0.013762191, -0.013312315, -0.012839008, -0.012343413, -0.012087957, -0.01156229, -0.011016559, -0.010735493, -0.01015414, -0.009541246, -0.008888111, -0.008543624, -0.007816136, -0.007051142, -0.006674959, -0.0060555954, -0.005920163
0, 0, 0, 0, 0, 0, 0, 0, 0, 0, 0, 0, 0, 0, 0, 0, 0, 0, 0, 0, 0, 0, 0, 0, 0, 0, 0, 0, 0, 0, 0, 0, 0, 0, 0, 0, 0, 0, 0, 0, 0, 0, 0, 0, 0, 0, 0, 0, 0, 0, 0, 0, 0, 0, 0, 0, 0, 0, 0, 0, 0, 0, -0.006024314, -0.005611114, -0.0058030626, -0.00607495, -0.006755046, -0.007472477, -0.008164871, -0.008497889, -0.009140348, -0.009755635, -0.0100543685, -0.0106354775, -0.011194303, -0.01172896, -0.011986566, -0.012481943, -0.0129508255, -0.013175994, -0.013609713, -0.0140248025, -0.014226515, -0.014619721, -0.014999834, -0.015364875, -0.015540674, -0.015876392, -0.016188482, -0.016335374, -0.016610697, -0.016863722, -0.017097544, -0.017208327, -0.017418964, -0.017615844, -0.017708955, -0.017882632, -0.018037213, -0.01810616, -0.018226825, -0.018323775, -0.018398615, -0.018428415, -0.018474184, -0.018503437, -0.018512178, -0.018517321, -0.018504595, -0.018471377, -0.018446242, -0.018378226, -0.018286655, -0.018232407, -0.018108945, -0.017967666, -0.017891034, -0.017726181, -0.017545864, -0.017348258, -0.017242335, -0.017014172, -0.016763449, -0.016629605, -0.016345527, -0.01604173, -0.015720857, -0.015554495, -0.015210421, -0.014850569, -0.014664137, -0.014276555, -0.0138670495, -0.013653358, -0.013207584, -0.012737922, -0.012246206, -0.011992806, -0.011471796, -0.010931514, -0.010653585, -0.010078874, -0.009473093, -0.008827307, -0.008486441, -0.007766066, -0.0070078243, -0.0066347397, -0.006020491, -0.0058867563
0, 0, 0, 0, 0, 0, 0, 0, 0, 0, 0, 0, 0, 0, 0, 0, 0, 0, 0, 0, 0, 0, 0, 0, 0, 0, 0, 0, 0, 0, 0, 0, 0, 0, 0, 0, 0, 0, 0, 0, 0, 0, 0, 0, 0, 0, 0, 0, 0, 0, 0, 0, 0, 0, 0, 0, 0, 0, 0, 0, 0, 0, -0.007478301, -0.0059764315, -0.005838099, -0.006053337, -0.006698202, -0.007415125, -0.008109022, -0.008440498, -0.009073965, -0.00967416, -0.009963833, -0.010525761, -0.011065384, -0.011582097, -0.011831467, -0.012311563, -0.012766852, -0.012985436, -0.013406682, -0.013809649, -0.014005367, -0.014386518, -0.014754958, -0.015109034, -0.015279976, -0.015607709, -0.015914736, -0.016060067, -0.016334718, -0.016588947, -0.016825123, -0.016936885, -0.017149286, -0.0173471, -0.017440178, -0.01761356, -0.017767644, -0.0178367, -0.01795798, -0.018057061, -0.01813519, -0.01816715, -0.01821777, -0.018252054, -0.018263318, -0.018273795, -0.018266592, -0.018239332, -0.018217418, -0.018156577, -0.018072858, -0.018022869, -0.017907772, -0.017774303, -0.017701121, -0.017542126, -0.017365895, -0.017171215, -0.017066283, -0.016840167, -0.016591934, -0.016459601, -0.016179793, -0.015881432, -0.0155668575, -0.015403906, -0.015066739, -0.014713878, -0.014530891, -0.014149826, -0.013746374, -0.013535593, -0.013095301, -0.012630916, -0.012144323, -0.01189335, -0.011376666, -0.010840226, -0.010564031, -0.009993069, -0.009391746, -0.008751411, -0.008413717, -0.007700685, -0.0069506774, -0.0065818084, -0.005974998, -0.0058445637
0, 0, 0, 0, 0, 0, 0, 0, 0, 0, 0, 0, 0, 0, 0, 0, 0, 0, 0, 0, 0, 0, 0, 0, 0, 0, 0, 0, 0, 0, 0, 0, 0, 0, 0, 0, 0, 0, 0, 0, 0, 0, 0, 0, 0, 0, 0, 0, 0, 0, 0, 0, 0, 0, 0, 0, 0, 0, 0, 0, 0, 0, 0, -0.0060478807, -0.0058944277, -0.0060658804, -0.006666534, -0.00737167, -0.008056639, -0.008381281, -0.008996417, -0.009574103, -0.009852123, -0.010390982, -0.010909495, -0.0114075355, -0.011648531, -0.012113061, -0.012554395, -0.01276657, -0.013175489, -0.0135662425, -0.013755921, -0.014125361, -0.014482408, -0.014826547, -0.014993452, -0.0153149655, -0.015618715, -0.015763357, -0.016038192, -0.0162934, -0.016530521, -0.016642712, -0.016855469, -0.01705299, -0.017145991, -0.017319428, -0.017474579, -0.017544586, -0.0176691, -0.017772734, -0.017855931, -0.01789055, -0.017945984, -0.017984604, -0.017997906, -0.018012483, -0.018010272, -0.017989209, -0.017970989, -0.01791846, -0.017843995, -0.017798636, -0.01769235, -0.017566022, -0.017495705, -0.017340805, -0.017167173, -0.016974552, -0.016870776, -0.01664786, -0.016404482, -0.016275283, -0.016002487, -0.015711838, -0.015404702, -0.015245195, -0.014914187, -0.014566581, -0.014386113, -0.014010219, -0.013612355, -0.01340457, -0.012971102, -0.01251382, -0.01203394, -0.01178586, -0.011273618, -0.010739906, -0.010464533, -0.009894849, -0.009295277, -0.008658363, -0.008323324, -0.0076174233, -0.006876898, -0.006513325, -0.0059162183, -0.0057906746
0, 0, 0, 0, 0, 0, 0, 0, 0, 0, 0, 0, 0, 0, 0, 0, 0, 0, 0, 0, 0, 0, 0, 0, 0, 0, 0, 0, 0, 0, 0, 0, 0, 0, 0, 0, 0, 0, 0, 0, 0, 0, 0, 0, 0, 0, 0, 0, 0, 0, 0, 0, 0, 0, 0, 0, 0, 0, 0, 0, 0, 0, 0, -0.0068793036, -0.006060094, -0.0061107767, -0.0066140816, -0.0072877062, -0.007951583, -0.008265186, -0.00885631, -0.0094101, -0.009677021, -0.010195655, -0.010697095, -0.011180681, -0.011415191, -0.011868136, -0.012298996, -0.01250627, -0.012905547, -0.013286871, -0.0134718185, -0.013832149, -0.014181172, -0.014519454, -0.014684268, -0.015003563, -0.015307048, -0.015452077, -0.015727492, -0.01598292, -0.016219176, -0.016330598, -0.01654134, -0.016737161, -0.016829636, -0.017003624, -0.017161451, -0.017233752, -0.017364133, -0.017474454, -0.017564083, -0.017601242, -0.017660826, -0.017701901, -0.017716084, -0.017732283, -0.017732628, -0.017716112, -0.01770098, -0.017655969, -0.017590161, -0.017549198, -0.017450765, -0.017330373, -0.017262181, -0.017110463, -0.016939467, -0.01674995, -0.016648376, -0.016431622, -0.016196711, -0.016072312, -0.0158099, -0.015529307, -0.015230283, -0.015073949, -0.0147475675, -0.014402817, -0.01422353, -0.013850251, -0.0134565495, -0.013251668, -0.012825432, -0.012376617, -0.011905204, -0.011660896, -0.011154699, -0.010624617, -0.010350367, -0.009781961, -0.009183924, -0.008550305, -0.0082179755, -0.0075198417, -0.0067900186, -0.0064325114, -0.00584702, -0.0057271933
0, 0, 0, 0, 0, 0, 0, 0, 0, 0, 0, 0, 0, 0, 0, 0, 0, 0, 0, 0, 0, 0, 0, 0, 0, 0, 0, 0, 0, 0, 0, 0, 0, 0, 0, 0, 0, 0, 0, 0, 0, 0, 0, 0, 0, 0, 0, 0, 0, 0, 0, 0, 0, 0, 0, 0, 0, 0, 0, 0, 0, 0, 0, -0.0065567805, -0.006101775, -0.0061050644, -0.006513925, -0.007135369, -0.007765929, -0.008065836, -0.008632864, -0.009167197, -0.009425896, -0.009930986, -0.010421709, -0.010896962, -0.011127809, -0.011574485, -0.011999641, -0.012204092, -0.0125975385, -0.012972712, -0.013154639, -0.013509389, -0.01385439, -0.0141909905, -0.014355693, -0.014676253, -0.014981819, -0.015127772, -0.015404486, -0.015659627, -0.015893899, -0.01600389, -0.016211288, -0.016404388, -0.016496105, -0.016670397, -0.0168316, -0.016906647, -0.017043743, -0.01716142, -0.017257312, -0.017296834, -0.01735912, -0.017400725, -0.017414536, -0.017429886, -0.017430373, -0.017416058, -0.017403053, -0.01736406, -0.01730561, -0.017268382, -0.017176975, -0.01706218, -0.016996192, -0.016848283, -0.016680973, -0.016496606, -0.016398473, -0.0161903, -0.015966289, -0.01584789, -0.015597563, -0.015327642, -0.015036658, -0.014883038, -0.0145598, -0.014215956, -0.01403675, -0.01366431, -0.013273447, -0.013071032, -0.0126519175, -0.012212399, -0.0117510045, -0.011511571, -0.011013997, -0.0104905395, -0.010218872, -0.009654706, -0.009060774, -0.008432588, -0.008103811, -0.0074150423, -0.006697239, -0.006346215, -0.0057727406, -0.0056585637
0, 0, 0, 0, 0, 0, 0, 0, 0, 0, 0, 0, 0, 0, 0, 0, 0, 0, 0, 0, 0, 0, 0, 0, 0, 0, 0, 0, 0, 0, 0, 0, 0, 0, 0, 0, 0, 0, 0, 0, 0, 0, 0, 0, 0, 0, 0, 0, 0, 0, 0, 0, 0, 0, 0, 0, 0, 0, 0, 0, 0, 0, 0, -0.00809789, -0.006463163, -0.006217204, -0.006389231, -0.006911975, -0.007496376, -0.0077825664, -0.008332545, -0.008856534, -0.009111255, -0.009609972, -0.010095439, -0.01056702, -0.010796467, -0.011241145, -0.011664535, -0.011867945, -0.012258843, -0.0126308985, -0.012811078, -0.013162557, -0.0135053955, -0.01384156, -0.014006706, -0.014329181, -0.014637326, -0.01478467, -0.015063205, -0.015318923, -0.015551991, -0.015660843, -0.01586532, -0.016055591, -0.016146546, -0.016320908, -0.016484763, -0.016561922, -0.016704775, -0.016828425, -0.016929187, -0.016970342, -0.017034326, -0.017075634, -0.017089013, -0.017103152, -0.017103037, -0.017090145, -0.017078822, -0.017044723, -0.01699286, -0.01695925, -0.016874999, -0.016766654, -0.016703606, -0.016561028, -0.016399257, -0.01622137, -0.016127022, -0.015927792, -0.015714094, -0.015601198, -0.015361644, -0.015101206, -0.014817334, -0.014666285, -0.014346024, -0.014003461, -0.01382465, -0.01345333, -0.013065479, -0.012865544, -0.012453383, -0.012023479, -0.011573045, -0.011339227, -0.010852588, -0.010338946, -0.010071672, -0.00951558, -0.00892933, -0.0083096, -0.0079855975, -0.0073077404, -0.0066025574, -0.0062581054, -0.0056960895, -0.005586821
0, 0, 0, 0, 0, 0, 0, 0, 0, 0, 0, 0, 0, 0, 0, 0, 0, 0, 0, 0, 0, 0, 0, 0, 0, 0, 0, 0, 0, 0, 0, 0, 0, 0, 0, 0, 0, 0, 0, 0, 0, 0, 0, 0, 0, 0, 0, 0, 0, 0, 0, 0, 0, 0, 0, 0, 0, 0, 0, 0, 0, 0, 0, 0, -0.006514947, -0.0062502287, -0.0062058726, -0.0065996964, -0.0071413545, -0.0074219904, -0.007971219, -0.008497082, -0.008751896, -0.009249115, -0.009732596, -0.01020287, -0.010432217, -0.010877561, -0.011302372, -0.011506393, -0.011897554, -0.012268461, -0.012447509, -0.0127960825, -0.01313595, -0.01346971, -0.013634105, -0.013956239, -0.014265531, -0.014413821, -0.014694778, -0.014952457, -0.015186539, -0.015295239, -0.015498886, -0.015687723, -0.015778068, -0.015952, -0.016116958, -0.016195334, -0.016341079, -0.016468026, -0.01657225, -0.016614875, -0.016681049, -0.016723635, -0.016737249, -0.016751958, -0.016753037, -0.016742514, -0.016732961, -0.01670367, -0.016658306, -0.016628392, -0.016551873, -0.016451435, -0.016392125, -0.016256861, -0.016101724, -0.015930155, -0.015838964, -0.015646433, -0.01543994, -0.015330727, -0.015098714, -0.014845523, -0.01456828, -0.014420111, -0.014104978, -0.013766697, -0.0135898115, -0.013222842, -0.012840221, -0.012643486, -0.012239045, -0.011818512, -0.011378886, -0.011150751, -0.010675715, -0.01017341, -0.009911653, -0.009366142, -0.008790081, -0.008180772, -0.0078622345, -0.0071961056, -0.006503567, -0.006165403, -0.005614291, -0.0055089663
0, 0, 0, 0, 0, 0, 0, 0, 0, 0, 0, 0, 0, 0, 0, 0, 0, 0, 0, 0, 0, 0, 0, 0, 0, 0, 0, 0, 0, 0, 0, 0, 0, 0, 0, 0, 0, 0, 0, 0, 0, 0, 0, 0, 0, 0, 0, 0, 0, 0, 0, 0, 0, 0, 0, 0, 0, 0, 0, 0, 0, 0, 0, 0, -0.0074410494, -0.0065583983, -0.0059253974, -0.0061721774, -0.006708421, -0.0069993543, -0.0075685857, -0.00810497, -0.008362051, -0.00885968, -0.009342078, -0.009812212, -0.010042332, -0.010490668, -0.010919378, -0.011125227, -0.01151885, -0.011889898, -0.012068117, -0.012413335, -0.012748167, -0.013076129, -0.013238012, -0.013556224, -0.013864076, -0.014012422, -0.014295044, -0.014555506, -0.014792274, -0.014902213, -0.015107159, -0.015296338, -0.015386467, -0.015559659, -0.015723774, -0.015801882, -0.015947845, -0.016076239, -0.016183091, -0.016227463, -0.016297676, -0.016344551, -0.016360179, -0.01637858, -0.016382873, -0.016375786, -0.016367998, -0.01634325, -0.0163037, -0.016277235, -0.016208615, -0.016116757, -0.01606179, -0.015934633, -0.015786422, -0.015620183, -0.015531126, -0.015342355, -0.015139303, -0.015032023, -0.0148044955, -0.014557093, -0.014286923, -0.01414265, -0.013836107, -0.01350664, -0.013334216, -0.012975894, -0.012601776, -0.012409239, -0.0120135, -0.011602363, -0.011172701, -0.010949932, -0.010485856, -0.009994822, -0.009738716, -0.009204297, -0.008639171, -0.0080407215, -0.00772781, -0.0070733344, -0.0063933367, -0.0060614687, -0.0055212574, -0.005419555
0, 0, 0, 0, 0, 0, 0, 0, 0, 0, 0, 0, 0, 0, 0, 0, 0, 0, 0, 0, 0, 0, 0, 0, 0, 0, 0, 0, 0, 0, 0, 0, 0, 0, 0, 0, 0, 0, 0, 0, 0, 0, 0, 0, 0, 0, 0, 0, 0, 0, 0, 0, 0, 0, 0, 0, 0, 0, 0, 0, 0, 0, 0, 0, -0.0070195636, -0.0060625975, -0.0053663477, -0.0056651686, -0.00625614, -0.0065658363, -0.0071561113, -0.0076987604, -0.007955937, -0.008452032, -0.0089333365, -0.009404642, -0.009636237, -0.010088776, -0.010522316, -0.010730368, -0.011127435, -0.011499256, -0.011676713, -0.0120180715, -0.012346381, -0.012666759, -0.012824789, -0.013136274, -0.013439607, -0.013586885, -0.0138691, -0.014131306, -0.014370918, -0.014482305, -0.014689838, -0.014880167, -0.014970243, -0.015142032, -0.015303803, -0.015380665, -0.015525064, -0.015653847, -0.015763588, -0.015810331, -0.01588657, -0.01594003, -0.015959011, -0.015983054, -0.015991682, -0.015987568, -0.01598117, -0.015959432, -0.015923973, -0.015900208, -0.015838224, -0.015754266, -0.015703537, -0.015584456, -0.015442772, -0.015281148, -0.01519373, -0.015007149, -0.014805761, -0.014699686, -0.014475685, -0.014234112, -0.013972298, -0.013833158, -0.013538088, -0.013220941, -0.013054613, -0.012708086, -0.012344973, -0.012157582, -0.011771731, -0.011370244, -0.010950538, -0.010732788, -0.010279281, -0.009799172, -0.00954856, -0.0090251155, -0.008470964, -0.007883543, -0.0075762686, -0.006933821, -0.0062667807, -0.0059416904, -0.005413518, -0.0053161005
0, 0, 0, 0, 0, 0, 0, 0, 0, 0, 0, 0, 0, 0, 0, 0, 0, 0, 0, 0, 0, 0, 0, 0, 0, 0, 0, 0, 0, 0, 0, 0, 0, 0, 0, 0, 0, 0, 0, 0, 0, 0, 0, 0, 0, 0, 0, 0, 0, 0, 0, 0, 0, 0, 0, 0, 0, 0, 0, 0, 0, 0, 0, 0, 0, -0.0050007757, -0.004939592, -0.00531663, -0.005895646, -0.0061952285, -0.006768442, -0.0072999904, -0.0075536347, -0.008045851, -0.00852606, -0.008998315, -0.009231008, -0.0096857725, -0.010121759, -0.010330732, -0.010728785, -0.01110012, -0.01127654, -0.011614159, -0.011936552, -0.012249249, -0.012403069, -0.012706705, -0.013003485, -0.01314808, -0.013427184, -0.013688537, -0.013929144, -0.014041379, -0.014250355, -0.014441138, -0.014530722, -0.0147003075, -0.014858644, -0.01493385, -0.015075967, -0.015205107, -0.015318185, -0.015367591, -0.01545037, -0.015511048, -0.015533264, -0.015562567, -0.015574532, -0.015572072, -0.015566177, -0.015545426, -0.015512052, -0.015489856, -0.015432847, -0.015355705, -0.015308794, -0.015197105, -0.015062079, -0.014905422, -0.014819852, -0.014636065, -0.0144374715, -0.014333027, -0.014113776, -0.013879271, -0.013627026, -0.0134935435, -0.013210683, -0.012906473, -0.0127466805, -0.012412316, -0.012060588, -0.011878732, -0.011503607, -0.011112746, -0.010703926, -0.010491764, -0.010049714, -0.009581448, -0.009336821, -0.008825325, -0.008283026, -0.0077077462, -0.0074067377, -0.0067776977, -0.0061254087, -0.0058080037, -0.005293561, -0.005201547
0, 0, 0, 0, 0, 0, 0, 0, 0, 0, 0, 0, 0, 0, 0, 0, 0, 0, 0, 0, 0, 0, 0, 0, 0, 0, 0, 0, 0, 0, 0, 0, 0, 0, 0, 0, 0, 0, 0, 0, 0, 0, 0, 0, 0, 0, 0, 0, 0, 0, 0, 0, 0, 0, 0, 0, 0, 0, 0, 0, 0, 0, 0, 0, 0, -0.005932466, -0.0053117154, -0.005269628, -0.005643465, -0.0058907447, -0.0064113596, -0.0069253035, -0.0071758484, -0.007666143, -0.008145579, -0.008615558, -0.008846329, -0.009296501, -0.009727303, -0.009933698, -0.010327114, -0.010694612, -0.01086914, -0.011202827, -0.011520134, -0.011826496, -0.011976495, -0.012272484, -0.012561549, -0.012702604, -0.012975764, -0.01323336, -0.013472131, -0.013583882, -0.013791896, -0.013981126, -0.01406952, -0.014235653, -0.014390213, -0.014463771, -0.014603712, -0.014733255, -0.014849134, -0.014900833, -0.014989085, -0.015055286, -0.015079962, -0.015113045, -0.0151268095, -0.015124737, -0.015118764, -0.015098167, -0.015066124, -0.015045452, -0.014992694, -0.014921624, -0.014878134, -0.014773685, -0.01464545, -0.014494682, -0.014411759, -0.014233032, -0.01403976, -0.013938335, -0.0137260165, -0.013500042, -0.013257709, -0.013129632, -0.012857725, -0.012564601, -0.012410124, -0.01208635, -0.011744965, -0.011568376, -0.011204322, -0.010825432, -0.01042936, -0.01022376, -0.009795338, -0.009340877, -0.009103171, -0.008605667, -0.008077415, -0.0075164842, -0.007223075, -0.006610096, -0.0059752776, -0.005666766, -0.005167929, -0.0050820364
0, 0, 0, 0, 0, 0, 0, 0, 0, 0, 0, 0, 0, 0, 0, 0, 0, 0, 0, 0, 0, 0, 0, 0, 0, 0, 0, 0, 0, 0, 0, 0, 0, 0, 0, 0, 0, 0, 0, 0, 0, 0, 0, 0, 0, 0, 0, 0, 0, 0, 0, 0, 0, 0, 0, 0, 0, 0, 0, 0, 0, 0, 0, 0, 0, -0.0078298375, -0.0058651436, -0.00518753, -0.0053512254, -0.0055628493, -0.0060651507, -0.006583815, -0.006837684, -0.0073309545, -0.0078065405, -0.008266278, -0.008490264, -0.008924973, -0.009340247, -0.009539728, -0.009921645, -0.010280695, -0.010452152, -0.010780602, -0.011093139, -0.0113938255, -0.011540803, -0.011828946, -0.012109644, -0.012246565, -0.012512368, -0.012764178, -0.0129987225, -0.013108721, -0.013313706, -0.013499358, -0.013585717, -0.013747632, -0.01389821, -0.013970118, -0.014108114, -0.014237456, -0.0143550355, -0.014408122, -0.01449981, -0.014569754, -0.014596077, -0.014631665, -0.014646966, -0.014645769, -0.014640244, -0.01462116, -0.014592057, -0.014573374, -0.014525714, -0.014461039, -0.014420925, -0.014323369, -0.014201871, -0.01405767, -0.013978014, -0.013806193, -0.013620619, -0.013523371, -0.013320125, -0.01310389, -0.012871458, -0.012748153, -0.012485779, -0.0122014, -0.012051237, -0.011736171, -0.011404183, -0.011232711, -0.010879951, -0.010513869, -0.010131763, -0.009933575, -0.009520238, -0.009081261, -0.008851271, -0.008369419, -0.007857277, -0.0073134005, -0.0070289085, -0.0064350655, -0.00582044, -0.0055219536, -0.005040558, -0.0049611824
0, 0, 0, 0, 0, 0, 0, 0, 0, 0, 0, 0, 0, 0, 0, 0, 0, 0, 0, 0, 0, 0, 0, 0, 0, 0, 0, 0, 0, 0, 0, 0, 0, 0, 0, 0, 0, 0, 0, 0, 0, 0, 0, 0, 0, 0, 0, 0, 0, 0, 0, 0, 0, 0, 0, 0, 0, 0, 0, 0, 0, 0, 0, 0, 0, 0, -0.0054466766, -0.0047394284, -0.0049545444, -0.0051946277, -0.005742733, -0.0062869326, -0.0065461295, -0.007037814, -0.0074996143, -0.007937588, -0.008149187, -0.008558572, -0.008950786, -0.00914033, -0.0095061865, -0.009854192, -0.010021462, -0.0103433905, -0.010650094, -0.010944089, -0.011087137, -0.01136672, -0.011638329, -0.011770999, -0.012028974, -0.012274416, -0.01250402, -0.012611901, -0.012812699, -0.012993982, -0.013078104, -0.013235267, -0.013381609, -0.013451797, -0.013587262, -0.013715397, -0.013833237, -0.013886847, -0.013980512, -0.014053035, -0.014080726, -0.014119086, -0.014137003, -0.014138772, -0.014134927, -0.014120092, -0.014096403, -0.01408077, -0.014039673, -0.013981553, -0.0139446, -0.013853307, -0.013737889, -0.013600068, -0.01352391, -0.013359701, -0.013183029, -0.0130906105, -0.01289767, -0.0126919905, -0.0124699045, -0.01235146, -0.012098483, -0.011822843, -0.011676996, -0.011370914, -0.011048745, -0.010882647, -0.010541436, -0.010188061, -0.009819892, -0.009628907, -0.009230351, -0.008806552, -0.008584334, -0.0081185065, -0.007623443, -0.0070981663, -0.0068237106, -0.006251141, -0.005658956, -0.00537147, -0.004908808, -0.0048363637
0, 0, 0, 0, 0, 0, 0, 0, 0, 0, 0, 0, 0, 0, 0, 0, 0, 0, 0, 0, 0, 0, 0, 0, 0, 0, 0, 0, 0, 0, 0, 0, 0, 0, 0, 0, 0, 0, 0, 0, 0, 0, 0, 0, 0, 0, 0, 0, 0, 0, 0, 0, 0, 0, 0, 0, 0, 0, 0, 0, 0, 0, 0, 0, 0, 0, -0.004372992, -0.004312128, -0.0046625556, -0.004926908, -0.005495487, -0.006038234, -0.006290695, -0.00676028, -0.0071925353, -0.0075987596, -0.0077948645, -0.008175862, -0.0085445745, -0.008724627, -0.009075583, -0.0094131185, -0.0095761875, -0.009890387, -0.010188974, -0.010473531, -0.0106114615, -0.010880444, -0.0111420285, -0.011270271, -0.011520766, -0.0117605915, -0.01198589, -0.012091883, -0.012288828, -0.012465862, -0.012547479, -0.012699733, -0.012841191, -0.0129091935, -0.013041043, -0.013166793, -0.013283801, -0.013337585, -0.013432526, -0.013507334, -0.013536398, -0.013578159, -0.013599977, -0.013606478, -0.0136053795, -0.013596676, -0.013579616, -0.013567406, -0.013532992, -0.013480871, -0.013446753, -0.013360877, -0.013250949, -0.013119285, -0.01304656, -0.0128903175, -0.012722941, -0.012635622, -0.012453596, -0.012259303, -0.012048636, -0.01193594, -0.011693949, -0.0114295045, -0.011289279, -0.010994576, -0.010684151, -0.010523947, -0.010194853, -0.00985357, -0.009497768, -0.009313077, -0.008927378, -0.008517221, -0.00830218, -0.00785179, -0.0073739607, -0.006868099, -0.0066041467, -0.006053954, -0.0054852534, -0.0052094096, -0.004766369, -0.004701236
0, 0, 0, 0, 0, 0, 0, 0, 0, 0, 0, 0, 0, 0, 0, 0, 0, 0, 0, 0, 0, 0, 0, 0, 0, 0, 0, 0, 0, 0, 0, 0, 0, 0, 0, 0, 0, 0, 0, 0, 0, 0, 0, 0, 0, 0, 0, 0, 0, 0, 0, 0, 0, 0, 0, 0, 0, 0, 0, 0, 0, 0, 0, 0, 0, 0, -0.0050079473, -0.004550101, -0.0046466123, -0.0048396345, -0.0053192554, -0.005803132, -0.0060306196, -0.006455405, -0.0068487553, -0.0072222673, -0.007404446, -0.00776292, -0.008115398, -0.008289525, -0.008631247, -0.008961054, -0.009120358, -0.009425774, -0.0097135445, -0.0099855885, -0.010117015, -0.01037348, -0.0106240595, -0.010747728, -0.010991074, -0.011226105, -0.011447613, -0.011551944, -0.011745167, -0.01191787, -0.011996989, -0.012143758, -0.012279569, -0.012344948, -0.012472327, -0.012595131, -0.012710744, -0.012764364, -0.012860156, -0.012936813, -0.012967169, -0.013011939, -0.013037691, -0.013048891, -0.013050389, -0.013047052, -0.013035453, -0.0130258, -0.012996209, -0.012949, -0.012917428, -0.012836961, -0.01273328, -0.012608919, -0.012540262, -0.01239296, -0.012235473, -0.012153462, -0.011982454, -0.011799792, -0.011601412, -0.0114950985, -0.011266622, -0.0110162385, -0.010883234, -0.010602886, -0.01030645, -0.010152894, -0.0098362705, -0.00950649, -0.00916136, -0.008982037, -0.008607687, -0.0082102725, -0.008002371, -0.0075679235, -0.007108305, -0.0066227205, -0.006369601, -0.0058423113, -0.0052972985, -0.0050330576, -0.004609936, -0.0045520817
0, 0, 0, 0, 0, 0, 0, 0, 0, 0, 0, 0, 0, 0, 0, 0, 0, 0, 0, 0, 0, 0, 0, 0, 0, 0, 0, 0, 0, 0, 0, 0, 0, 0, 0, 0, 0, 0, 0, 0, 0, 0, 0, 0, 0, 0, 0, 0, 0, 0, 0, 0, 0, 0, 0, 0, 0, 0, 0, 0, 0, 0, 0, 0, 0, 0, -0.0064198193, -0.004989749, -0.0046910327, -0.004775645, -0.005116271, -0.0055157854, -0.0057127215, -0.0060912417, -0.0064522666, -0.006803495, -0.006977423, -0.0073247305, -0.0076710633, -0.007842887, -0.008180308, -0.00850451, -0.008659771, -0.008954728, -0.009228967, -0.009486129, -0.009610177, -0.00985289, -0.010092269, -0.010211403, -0.010447632, -0.01067726, -0.010894245, -0.010996206, -0.011184668, -0.011352035, -0.011428408, -0.011569328, -0.011699463, -0.0117622735, -0.011885193, -0.012004866, -0.012118744, -0.012172054, -0.012267745, -0.012345221, -0.012376296, -0.012422921, -0.012451267, -0.012465196, -0.012468063, -0.012467312, -0.012457908, -0.01244941, -0.012422418, -0.012378988, -0.012349997, -0.012276312, -0.012181331, -0.0120670255, -0.012003791, -0.011867548, -0.011720964, -0.011644357, -0.011483946, -0.011312132, -0.011125596, -0.011025739, -0.010811413, -0.010576694, -0.010451743, -0.010187728, -0.009906539, -0.009760113, -0.009456244, -0.009137657, -0.008802988, -0.008629071, -0.008266802, -0.007883848, -0.007684307, -0.0072686183, -0.0068300082, -0.006366849, -0.006125271, -0.0056211073, -0.005099503, -0.0048465515, -0.0044426015, -0.0043913154
0, 0, 0, 0, 0, 0, 0, 0, 0, 0, 0, 0, 0, 0, 0, 0, 0, 0, 0, 0, 0, 0, 0, 0, 0, 0, 0, 0, 0, 0, 0, 0, 0, 0, 0, 0, 0, 0, 0, 0, 0, 0, 0, 0, 0, 0, 0, 0, 0, 0, 0, 0, 0, 0, 0, 0, 0, 0, 0, 0, 0, 0, 0, 0, 0, 0, 0, -0.004938144, -0.004579972, -0.0045792717, -0.0047965664, -0.0051333196, -0.005312521, -0.0056697414, -0.0060196016, -0.006364738, -0.0065368433, -0.006881926, -0.00722608, -0.0073965588, -0.00772914, -0.008044958, -0.008194735, -0.008476374, -0.008735289, -0.008976875, -0.009093447, -0.009322988, -0.009551579, -0.009666021, -0.009893946, -0.010116064, -0.010325988, -0.010424519, -0.010606316, -0.010767246, -0.010840542, -0.010975963, -0.011101355, -0.011162023, -0.011281353, -0.0113981245, -0.011509677, -0.011561947, -0.011656224, -0.011733183, -0.011764317, -0.011811705, -0.011841252, -0.011856205, -0.011859388, -0.0118584605, -0.011848604, -0.011840025, -0.011814255, -0.011774518, -0.011748674, -0.011683604, -0.0116002215, -0.011499123, -0.011442662, -0.011319686, -0.011184783, -0.011113349, -0.010962356, -0.010799481, -0.010622792, -0.010528632, -0.010327481, -0.010107928, -0.009991145, -0.009743524, -0.0094780475, -0.009338877, -0.009048264, -0.008741597, -0.00841895, -0.008251603, -0.007904353, -0.0075399093, -0.0073509715, -0.006958656, -0.0065451814, -0.006107361, -0.005878079, -0.005397795, -0.0048988042, -0.004656564, -0.0042704926, -0.0042244983
0, 0, 0, 0, 0, 0, 0, 0, 0, 0, 0, 0, 0, 0, 0, 0, 0, 0, 0, 0, 0, 0, 0, 0, 0, 0, 0, 0, 0, 0, 0, 0, 0, 0, 0, 0, 0, 0, 0, 0, 0, 0, 0, 0, 0, 0, 0, 0, 0, 0, 0, 0, 0, 0, 0, 0, 0, 0, 0, 0, 0, 0, 0, 0, 0, 0, 0, -0.00547615, -0.004395828, -0.004243183, -0.0043485006, -0.0046749436, -0.0048601916, -0.0052315705, -0.0055911, -0.0059400345, -0.006112194, -0.006453904, -0.0067907088, -0.006955967, -0.0072758826, -0.0075765545, -0.0077181393, -0.0079831295, -0.008226443, -0.008453981, -0.008564377, -0.00878257, -0.009000957, -0.009110279, -0.009327863, -0.0095394235, -0.009738972, -0.009832626, -0.010005816, -0.010160108, -0.010230856, -0.010362336, -0.010484878, -0.010544186, -0.010660633, -0.010773962, -0.010881636, -0.010931945, -0.011023033, -0.011098185, -0.011129016, -0.011177197, -0.011208091, -0.011224178, -0.011227519, -0.0112262685, -0.011215746, -0.011207038, -0.011182384, -0.011146998, -0.0111246845, -0.011069306, -0.010998812, -0.010912363, -0.010863267, -0.010753911, -0.010630427, -0.010563735, -0.010420569, -0.010264665, -0.010095797, -0.0100064045, -0.009816867, -0.009611605, -0.009502673, -0.009271476, -0.009021948, -0.008890413, -0.008614182, -0.008321292, -0.00801316, -0.007853823, -0.0075252345, -0.007183265, -0.007007005, -0.006642022, -0.006256963, -0.00584667, -0.0056304745, -0.0051745847, -0.0046979086, -0.004465961, -0.004096797, -0.0040548937
0, 0, 0, 0, 0, 0, 0, 0, 0, 0, 0, 0, 0, 0, 0, 0, 0, 0, 0, 0, 0, 0, 0, 0, 0, 0, 0, 0, 0, 0, 0, 0, 0, 0, 0, 0, 0, 0, 0, 0, 0, 0, 0, 0, 0, 0, 0, 0, 0, 0, 0, 0, 0, 0, 0, 0, 0, 0, 0, 0, 0, 0, 0, 0, 0, 0, 0, -0.0049947742, -0.0038164777, -0.003670453, -0.0038358392, -0.0042247325, -0.004433721, -0.004835712, -0.0052064667, -0.005552883, -0.0057201074, -0.006046333, -0.0063629257, -0.0065168366, -0.0068133185, -0.0070911655, -0.007222249, -0.0074690515, -0.007697997, -0.007914694, -0.008020222, -0.008229159, -0.008437088, -0.008540587, -0.008745324, -0.0089430455, -0.009129473, -0.0092174895, -0.009381574, -0.009530319, -0.009599448, -0.009729203, -0.009850533, -0.009908953, -0.010022244, -0.010130334, -0.010231594, -0.010278738, -0.010364544, -0.010437003, -0.010467672, -0.0105173355, -0.010551424, -0.010570755, -0.010575536, -0.010576258, -0.010566712, -0.010558595, -0.0105359135, -0.010504695, -0.010485487, -0.010439144, -0.010380342, -0.010307203, -0.010264815, -0.010167785, -0.010054405, -0.009991808, -0.009855359, -0.009705645, -0.00954419, -0.009459378, -0.00928143, -0.009090803, -0.008990008, -0.00877606, -0.008543982, -0.008420907, -0.008161029, -0.007884105, -0.0075927633, -0.0074426318, -0.007134879, -0.006817285, -0.006654401, -0.006317808, -0.0059619294, -0.00557972, -0.0053767976, -0.004945784, -0.004492065, -0.0042708265, -0.0039190785, -0.0038814058
0, 0, 0, 0, 0, 0, 0, 0, 0, 0, 0, 0, 0, 0, 0, 0, 0, 0, 0, 0, 0, 0, 0, 0, 0, 0, 0, 0, 0, 0, 0, 0, 0, 0, 0, 0, 0, 0, 0, 0, 0, 0, 0, 0, 0, 0, 0, 0, 0, 0, 0, 0, 0, 0, 0, 0, 0, 0, 0, 0, 0, 0, 0, 0, 0, 0, 0, 0, -0.003115702, -0.0031534687, -0.003464902, -0.0039021578, -0.0041201287, -0.0045227055, -0.0048788344, -0.005201552, -0.005354696, -0.0056497883, -0.0059332987, -0.006070712, -0.0063361735, -0.0065874537, -0.0067075617, -0.0069370884, -0.007154216, -0.007362434, -0.00746412, -0.0076641706, -0.007860517, -0.007957071, -0.008146051, -0.008327666, -0.008499809, -0.0085819485, -0.008737898, -0.0088826185, -0.008950935, -0.009080343, -0.00920086, -0.009257972, -0.009366411, -0.009466736, -0.0095587885, -0.00960169, -0.009680584, -0.009749663, -0.009780182, -0.009832181, -0.009871057, -0.009896194, -0.009903592, -0.009908575, -0.009901819, -0.009894713, -0.0098739425, -0.009845631, -0.009828728, -0.009788936, -0.009738996, -0.009676282, -0.009639252, -0.009552392, -0.009447723, -0.009388885, -0.009259414, -0.009116887, -0.0089643765, -0.008885093, -0.008720556, -0.008546378, -0.008454708, -0.008260068, -0.008047719, -0.007934386, -0.0076931994, -0.0074345213, -0.007161819, -0.0070214374, -0.006734768, -0.0064408355, -0.006290657, -0.0059808088, -0.0056524, -0.0052975006, -0.0051078685, -0.0047027655, -0.004274038, -0.004064712, -0.0037328617, -0.0037010456
0, 0, 0, 0, 0, 0, 0, 0, 0, 0, 0, 0, 0, 0, 0, 0, 0, 0, 0, 0, 0, 0, 0, 0, 0, 0, 0, 0, 0, 0, 0, 0, 0, 0, 0, 0, 0, 0, 0, 0, 0, 0, 0, 0, 0, 0, 0, 0, 0, 0, 0, 0, 0, 0, 0, 0, 0, 0, 0, 0, 0, 0, 0, 0, 0, 0, 0, 0, -0.0032497428, -0.0032165193, -0.0034062963, -0.0037542707, -0.003936366, -0.004278409, -0.00458351, -0.004860925, -0.0049926103, -0.005246927, -0.0054922546, -0.005612172, -0.005846532, -0.006073136, -0.006183671, -0.006398729, -0.0066061676, -0.006806281, -0.0069037243, -0.0070930934, -0.007275343, -0.007363628, -0.00753493, -0.00769945, -0.007857536, -0.00793439, -0.008083258, -0.0082250675, -0.008292918, -0.00842136, -0.0085392855, -0.008593953, -0.00869482, -0.008784979, -0.00886628, -0.008904059, -0.008975223, -0.009040522, -0.009070771, -0.009125013, -0.009168925, -0.009199728, -0.009209736, -0.0092189, -0.009214599, -0.009208072, -0.009188139, -0.009161175, -0.009145693, -0.0091102505, -0.009066969, -0.009012318, -0.008979604, -0.0089014, -0.008805027, -0.008750265, -0.008629281, -0.008496214, -0.00835521, -0.008282618, -0.0081335725, -0.007977717, -0.007896132, -0.0077224956, -0.007531754, -0.0074291388, -0.0072089294, -0.0069706184, -0.0067181354, -0.00658799, -0.0063223056, -0.006050661, -0.0059121875, -0.0056266966, -0.0053238063, -0.0049953535, -0.0048192507, -0.004441788, -0.0040410957, -0.0038455024, -0.003537241, -0.003513757
0, 0, 0, 0, 0, 0, 0, 0, 0, 0, 0, 0, 0, 0, 0, 0, 0, 0, 0, 0, 0, 0, 0, 0, 0, 0, 0, 0, 0, 0, 0, 0, 0, 0, 0, 0, 0, 0, 0, 0, 0, 0, 0, 0, 0, 0, 0, 0, 0, 0, 0, 0, 0, 0, 0, 0, 0, 0, 0, 0, 0, 0, 0, 0, 0, 0, 0, 0, -0.003940494, -0.0036885038, -0.0035288814, -0.003669836, -0.0037837184, -0.004029333, -0.0042690285, -0.0044966447, -0.0046070823, -0.004823348, -0.0050358665, -0.0051413556, -0.005350854, -0.005558448, -0.0056613744, -0.0058644013, -0.0060620517, -0.006252064, -0.0063436506, -0.0065190694, -0.0066846483, -0.0067638857, -0.006917178, -0.007065422, -0.007210939, -0.007283178, -0.0074257636, -0.0075639193, -0.007630366, -0.007755356, -0.007867451, -0.007918174, -0.008009159, -0.00808792, -0.008158128, -0.008191175, -0.00825517, -0.008316894, -0.00834653, -0.008401796, -0.008448195, -0.008481715, -0.008492849, -0.00850333, -0.008499164, -0.008492453, -0.00847236, -0.00844661, -0.008432347, -0.0084012095, -0.008364301, -0.008317541, -0.008289063, -0.008219618, -0.00813251, -0.008082592, -0.007971808, -0.007850274, -0.007722383, -0.0076571335, -0.0075242496, -0.007386598, -0.0073148524, -0.007162047, -0.0069930875, -0.0069015883, -0.0067037256, -0.0064877714, -0.0062574605, -0.006138353, -0.0058948444, -0.0056456695, -0.005518598, -0.005256698, -0.0049787057, -0.004677026, -0.004515015, -0.004167307, -0.0037978666, -0.0036178264, -0.0033363884, -0.0033234453
0, 0, 0, 0, 0, 0, 0, 0, 0, 0, 0, 0, 0, 0, 0, 0, 0, 0, 0, 0, 0, 0, 0, 0, 0, 0, 0, 0, 0, 0, 0, 0, 0, 0, 0, 0, 0, 0, 0, 0, 0, 0, 0, 0, 0, 0, 0, 0, 0, 0, 0, 0, 0, 0, 0, 0, 0, 0, 0, 0, 0, 0, 0, 0, 0, 0, 0, 0, -0.0047742757, -0.0041198204, -0.0035114305, -0.0034596764, -0.003519923, -0.0036963641, -0.0038922897, -0.004087465, -0.004183906, -0.004375264, -0.004565875, -0.0046615074, -0.0048536328, -0.0050469153, -0.0051435833, -0.005334744, -0.0055204006, -0.005696933, -0.005780985, -0.005939907, -0.0060876273, -0.0061582276, -0.006294857, -0.0064291246, -0.006563978, -0.0066319318, -0.006767598, -0.0068999175, -0.0069631706, -0.0070808926, -0.007183964, -0.007229495, -0.0073093944, -0.0073776348, -0.007438726, -0.0074681053, -0.007526663, -0.0075853225, -0.0076141288, -0.007668187, -0.0077133607, -0.007745135, -0.007755168, -0.0077632787, -0.00775716, -0.007749952, -0.00773046, -0.007707621, -0.0076957582, -0.007670914, -0.007642051, -0.007604229, -0.0075804656, -0.007520879, -0.007444366, -0.00739986, -0.0073006637, -0.0071915025, -0.007076865, -0.007018552, -0.006900477, -0.006779083, -0.006715939, -0.006581655, -0.0064330082, -0.006352193, -0.0061769746, -0.005984827, -0.0057790326, -0.0056722085, -0.0054533905, -0.0052286233, -0.005113706, -0.0048764297, -0.0046243207, -0.004350391, -0.004203238, -0.003887045, -0.0035511043, -0.0033877452, -0.0031352285, -0.0031338467
0, 0, 0, 0, 0, 0, 0, 0, 0, 0, 0, 0, 0, 0, 0, 0, 0, 0, 0, 0, 0, 0, 0, 0, 0, 0, 0, 0, 0, 0, 0, 0, 0, 0, 0, 0, 0, 0, 0, 0, 0, 0, 0, 0, 0, 0, 0, 0, 0, 0, 0, 0, 0, 0, 0, 0, 0, 0, 0, 0, 0, 0, 0, 0, 0, 0, 0, 0, -0.0044605047, -0.0037793217, -0.0031204, -0.0030463971, -0.0030992804, -0.0032656153, -0.0034533336, -0.0036396682, -0.003731069, -0.003910811, -0.004088771, -0.0041776854, -0.0043565826, -0.0045363535, -0.0046261097, -0.0048031835, -0.0049737124, -0.0051339394, -0.0052094446, -0.0053515034, -0.005482917, -0.0055457493, -0.005668797, -0.005791582, -0.005916775, -0.0059802327, -0.0061073587, -0.006230366, -0.006288542, -0.0063953977, -0.006486923, -0.0065268725, -0.006596519, -0.0066563673, -0.0067113587, -0.006738435, -0.0067936652, -0.0068496373, -0.0068770177, -0.0069275214, -0.006968181, -0.0069947657, -0.0070022456, -0.007006145, -0.0069979234, -0.0069910153, -0.006974337, -0.0069572623, -0.006949058, -0.006932621, -0.0069129686, -0.006884847, -0.006866097, -0.006816871, -0.0067512076, -0.006712441, -0.0066250735, -0.006528231, -0.0064263786, -0.006374558, -0.006269817, -0.0061624665, -0.006106822, -0.005988621, -0.0058581736, -0.005787442, -0.0056343116, -0.0054666554, -0.0052869385, -0.0051935487, -0.005001509, -0.004803145, -0.0047012884, -0.0044902298, -0.0042651356, -0.0040198467, -0.0038878634, -0.0036040512, -0.0033025644, -0.0031563407, -0.0029334074, -0.0029438273
0, 0, 0, 0, 0, 0, 0, 0, 0, 0, 0, 0, 0, 0, 0, 0, 0, 0, 0, 0, 0, 0, 0, 0, 0, 0, 0, 0, 0, 0, 0, 0, 0, 0, 0, 0, 0, 0, 0, 0, 0, 0, 0, 0, 0, 0, 0, 0, 0, 0, 0, 0, 0, 0, 0, 0, 0, 0, 0, 0, 0, 0, 0, 0, 0, 0, 0, 0, 0, -0.0028816946, -0.0025933534, -0.0025610074, -0.0026208903, -0.0027992765, -0.0029958847, -0.003184926, -0.0032753444, -0.003448781, -0.0036160666, -0.0036984424, -0.003862319, -0.004025718, -0.0041067656, -0.004266473, -0.004419432, -0.004562555, -0.004629936, -0.0047565848, -0.0048742057, -0.004930956, -0.005042526, -0.0051551084, -0.0052701426, -0.0053283544, -0.0054440773, -0.005554497, -0.0056061796, -0.0056999386, -0.005779321, -0.0058139544, -0.0058748242, -0.005928441, -0.0059793866, -0.006004983, -0.0060571856, -0.0061095753, -0.006134727, -0.006179861, -0.006214203, -0.0062346994, -0.006239623, -0.006240392, -0.0062324875, -0.006226943, -0.006215416, -0.0062056785, -0.006201533, -0.0061934395, -0.00618211, -0.006162328, -0.00614785, -0.0061077676, -0.006052177, -0.00601889, -0.0059434236, -0.00585945, -0.0057710516, -0.005726064, -0.0056351325, -0.005541654, -0.005493134, -0.0053903707, -0.005277223, -0.0052161403, -0.005084439, -0.004940906, -0.0047872528, -0.004707355, -0.004542348, -0.0043708333, -0.0042822924, -0.004097697, -0.0038995752, -0.0036828278, -0.003565946, -0.0033143177, -0.003047193, -0.0029182173, -0.0027253493, -0.0027477609
0, 0, 0, 0, 0, 0, 0, 0, 0, 0, 0, 0, 0, 0, 0, 0, 0, 0, 0, 0, 0, 0, 0, 0, 0, 0, 0, 0, 0, 0, 0, 0, 0, 0, 0, 0, 0, 0, 0, 0, 0, 0, 0, 0, 0, 0, 0, 0, 0, 0, 0, 0, 0, 0, 0, 0, 0, 0, 0, 0, 0, 0, 0, 0, 0, 0, 0, 0, 0, 0, -0.0017774908, -0.0017879714, -0.0018538508, -0.0020360404, -0.002226787, -0.0023990422, -0.0024767842, -0.0026181012, -0.0027457005, -0.0028064358, -0.0029253792, -0.003043334, -0.0031025081, -0.003220626, -0.003336234, -0.0034466442, -0.0034991289, -0.0035983468, -0.0036903545, -0.0037344503, -0.0038204188, -0.0039057073, -0.0039916267, -0.004034693, -0.004119633, -0.004200266, -0.004237918, -0.0043061287, -0.004364418, -0.0043899114, -0.00443519, -0.0044755223, -0.0045138546, -0.004532908, -0.0045709624, -0.0046082144, -0.0046257013, -0.004656635, -0.0046801474, -0.00469491, -0.004699178, -0.0047029234, -0.0047026714, -0.0047020707, -0.0047012996, -0.004701732, -0.0047022044, -0.0047020707, -0.0046979534, -0.004686409, -0.0046769935, -0.004650219, -0.0046130903, -0.0045912038, -0.004542479, -0.0044896826, -0.00443507, -0.0044073127, -0.004350653, -0.004290982, -0.0042593437, -0.004191217, -0.00411511, -0.004073713, -0.00398392, -0.0038854734, -0.0037791862, -0.0037235094, -0.0036072647, -0.0034844982, -0.0034203387, -0.0032852408, -0.0031384057, -0.002976807, -0.0028893952, -0.0027012548, -0.0025029446, -0.0024089469, -0.0022777487, -0.0023257872
0, 0, 0, 0, 0, 0, 0, 0, 0, 0, 0, 0, 0, 0, 0, 0, 0, 0, 0, 0, 0, 0, 0, 0, 0, 0, 0, 0, 0, 0, 0, 0, 0, 0, 0, 0, 0, 0, 0, 0, 0, 0, 0, 0, 0, 0, 0, 0, 0, 0, 0, 0, 0, 0, 0, 0, 0, 0, 0, 0, 0, 0, 0, 0, 0, 0, 0, 0, 0, 0, -0.0016712829, -0.0016323827, -0.0016733023, -0.0018106382, -0.0019631311, -0.0021011631, -0.002162575, -0.0022722033, -0.002369446, -0.002415341, -0.0025058654, -0.0025977644, -0.0026447992, -0.0027407454, -0.002836918, -0.0029296211, -0.0029737656, -0.003055992, -0.0031304255, -0.0031652336, -0.003231601, -0.0032965874, -0.003362389, -0.0033957819, -0.0034630457, -0.0035287193, -0.003559984, -0.0036175745, -0.003666925, -0.0036882905, -0.0037248146, -0.0037555734, -0.0037828677, -0.0037960883, -0.0038223697, -0.0038487026, -0.0038615807, -0.0038858033, -0.003906378, -0.0039219027, -0.0039276606, -0.003935672, -0.0039399993, -0.0039414014, -0.0039434945, -0.0039451816, -0.003945761, -0.003945696, -0.003942402, -0.003933936, -0.0039272085, -0.0039082984, -0.0038824712, -0.003867406, -0.003834273, -0.003798615, -0.0037618114, -0.0037429808, -0.0037039074, -0.0036619515, -0.003639387, -0.00358982, -0.0035333682, -0.003502115, -0.0034334348, -0.0033566123, -0.0032724037, -0.0032278334, -0.0031341363, -0.0030343656, -0.0029819238, -0.002871042, -0.0027501571, -0.0026166502, -0.0025443907, -0.0023889267, -0.002225774, -0.0021495672, -0.0020496794, -0.0021106878
0, 0, 0, 0, 0, 0, 0, 0, 0, 0, 0, 0, 0, 0, 0, 0, 0, 0, 0, 0, 0, 0, 0, 0, 0, 0, 0, 0, 0, 0, 0, 0, 0, 0, 0, 0, 0, 0, 0, 0, 0, 0, 0, 0, 0, 0, 0, 0, 0, 0, 0, 0, 0, 0, 0, 0, 0, 0, 0, 0, 0, 0, 0, 0, 0, 0, 0, 0, 0, 0, -0.0018160434, -0.0016218461, -0.001604937, -0.0016590758, -0.0017533151, -0.0018458781, -0.0018874806, -0.00196103, -0.0020257556, -0.002056504, -0.002118484, -0.002184075, -0.0022187321, -0.0022914347, -0.0023658078, -0.0024377138, -0.0024712586, -0.0025322943, -0.0025847063, -0.0026081407, -0.0026515361, -0.0026937013, -0.0027376085, -0.002760872, -0.0028100996, -0.0028608742, -0.0028860217, -0.0029330645, -0.0029733418, -0.0029902412, -0.003017404, -0.003037376, -0.0030529106, -0.0030600147, -0.0030745517, -0.003090835, -0.003099829, -0.0031187017, -0.0031376898, -0.0031548587, -0.003162177, -0.0031737532, -0.0031811122, -0.0031835723, -0.003186627, -0.003188225, -0.003188658, -0.0031891426, -0.0031885353, -0.0031857763, -0.0031833448, -0.003175485, -0.0031634232, -0.003155837, -0.0031382511, -0.0031179767, -0.003095955, -0.0030843553, -0.0030598294, -0.0030330792, -0.0030186425, -0.002986799, -0.0029497403, -0.0029288037, -0.0028815689, -0.0028269887, -0.002765643, -0.0027325256, -0.0026621833, -0.0025863948, -0.0025462497, -0.0024608623, -0.0023673987, -0.0022635772, -0.0022071349, -0.0020851311, -0.0019575702, -0.0018990844, -0.0018299335, -0.0019033425
0, 0, 0, 0, 0, 0, 0, 0, 0, 0, 0, 0, 0, 0, 0, 0, 0, 0, 0, 0, 0, 0, 0, 0, 0, 0, 0, 0, 0, 0, 0, 0, 0, 0, 0, 0, 0, 0, 0, 0, 0, 0, 0, 0, 0, 0, 0, 0, 0, 0, 0, 0, 0, 0, 0, 0, 0, 0, 0, 0, 0, 0, 0, 0, 0, 0, 0, 0, 0, 0, -0.0020119695, -0.0016004418, -0.0015275212, -0.00150534, -0.0015461049, -0.0015967275, -0.001620146, -0.0016611808, -0.001696491, -0.001713446, -0.0017486138, -0.0017884203, -0.001810516, -0.0018580457, -0.0019077004, -0.001955164, -0.0019767014, -0.0020138742, -0.002042703, -0.0020545844, -0.0020753029, -0.0020954255, -0.0021186548, -0.0021320987, -0.0021631334, -0.00219828, -0.0022164113, -0.0022510225, -0.0022804504, -0.0022922433, -0.0023095352, -0.0023194482, -0.0023249348, -0.0023271956, -0.0023326532, -0.0023415438, -0.0023476023, -0.0023628655, -0.0023807578, -0.0023987344, -0.0024068225, -0.0024198627, -0.00242842, -0.002431046, -0.002434175, -0.0024359834, -0.002437, -0.0024400747, -0.0024449357, -0.0024512224, -0.0024544708, -0.0024600043, -0.0024626502, -0.0024624425, -0.0024587442, -0.002451084, -0.0024402614, -0.0024341126, -0.0024208697, -0.0024069364, -0.0023997661, -0.0023844521, -0.002366471, -0.0023559472, -0.0023309332, -0.002299695, -0.0022622973, -0.002241377, -0.002195478, -0.0021446445, -0.002117301, -0.0020585065, -0.0019933465, -0.0019198639, -0.0018794759, -0.001791274, -0.0016989992, -0.0016579032, -0.0016187157, -0.0017037119
0, 0, 0, 0, 0, 0, 0, 0, 0, 0, 0, 0, 0, 0, 0, 0, 0, 0, 0, 0, 0, 0, 0, 0, 0, 0, 0, 0, 0, 0, 0, 0, 0, 0, 0, 0, 0, 0, 0, 0, 0, 0, 0, 0, 0, 0, 0, 0, 0, 0, 0, 0, 0, 0, 0, 0, 0, 0, 0, 0, 0, 0, 0, 0, 0, 0, 0, 0, 0, 0, -0.0016684098, -0.001432536, -0.001355534, -0.0012998242, -0.001307016, -0.0013286112, -0.0013388004, -0.0013551894, -0.0013670234, -0.0013723565, -0.0013837265, -0.0013985023, -0.0014074125, -0.0014280456, -0.0014507126, -0.0014718085, -0.0014808492, -0.0014945872, -0.0015021616, -0.0015041557, -0.0015057921, -0.0015076264, -0.0015124673, -0.0015167451, -0.0015292909, -0.0015463578, -0.0015557994, -0.0015746054, -0.0015902872, -0.0015961014, -0.0016030424, -0.0016044105, -0.001602617, -0.0016015838, -0.0016011561, -0.0016051217, -0.0016091198, -0.0016211859, -0.0016370469, -0.0016537587, -0.0016614918, -0.001674201, -0.0016825456, -0.0016851636, -0.0016887033, -0.0016920085, -0.0016943647, -0.0017017062, -0.0017136787, -0.0017297345, -0.001738747, -0.0017569201, -0.0017727219, -0.0017789904, -0.0017873747, -0.0017904973, -0.0017897999, -0.0017887246, -0.0017865027, -0.0017854302, -0.0017855952, -0.0017868963, -0.001788298, -0.0017884108, -0.0017859198, -0.0017786069, -0.0017655833, -0.0017569159, -0.0017355151, -0.0017093408, -0.0016945802, -0.001661793, -0.0016242373, -0.0015803903, -0.0015556262, -0.001500328, -0.0014425842, -0.0014186092, -0.0014090292, -0.0015055725
0, 0, 0, 0, 0, 0, 0, 0, 0, 0, 0, 0, 0, 0, 0, 0, 0, 0, 0, 0, 0, 0, 0, 0, 0, 0, 0, 0, 0, 0, 0, 0, 0, 0, 0, 0, 0, 0, 0, 0, 0, 0, 0, 0, 0, 0, 0, 0, 0, 0, 0, 0, 0, 0, 0, 0, 0, 0, 0, 0, 0, 0, 0, 0, 0, 0, 0, 0, 0, 0, -0.0017819833, -0.0012608252, -0.0011443185, -0.0010546648, -0.0010414051, -0.0010447835, -0.0010462212, -0.0010449374, -0.0010383946, -0.0010338248, -0.0010234815, -0.0010136158, -0.0010090871, -0.0010018948, -0.0009964136, -0.000991317, -0.0009884275, -0.0009811162, -0.0009711675, -0.0009652806, -0.0009522984, -0.0009390324, -0.0009273017, -0.0009223792, -0.00091517845, -0.0009113959, -0.00091059523, -0.0009099948, -0.00090943126, -0.00090851187, -0.0009047821, -0.0008986888, -0.0008915173, -0.00088817824, -0.00088347273, -0.000882962, -0.0008846555, -0.0008919577, -0.0009035083, -0.0009168673, -0.00092333666, -0.0009347246, -0.0009429614, -0.00094603066, -0.00095129735, -0.00095734635, -0.0009614693, -0.0009733468, -0.000991037, -0.001014261, -0.0010273575, -0.0010546165, -0.0010806735, -0.0010922799, -0.0011119168, -0.0011267259, -0.0011385112, -0.0011439733, -0.0011557408, -0.0011701231, -0.0011786281, -0.001198051, -0.0012193958, -0.0012300597, -0.0012498142, -0.0012656181, -0.0012758792, -0.0012788083, -0.0012806508, -0.0012776552, -0.0012747074, -0.001266448, -0.0012548949, -0.001239113, -0.0012292387, -0.0012056964, -0.0011818582, -0.0011749456, -0.0011952902, -0.0013040415
0, 0, 0, 0, 0, 0, 0, 0, 0, 0, 0, 0, 0, 0, 0, 0, 0, 0, 0, 0, 0, 0, 0, 0, 0, 0, 0, 0, 0, 0, 0, 0, 0, 0, 0, 0, 0, 0, 0, 0, 0, 0, 0, 0, 0, 0, 0, 0, 0, 0, 0, 0, 0, 0, 0, 0, 0, 0, 0, 0, 0, 0, 0, 0, 0, 0, 0, 0, 0, 0, 0, -0.0009257097, -0.00086863013, -0.00080375856, -0.00078149687, -0.0007702093, -0.00076386775, -0.00074689806, -0.0007231598, -0.0007090761, -0.0006774865, -0.0006427131, -0.00062496756, -0.0005896395, -0.0005563263, -0.00052595267, -0.0005119174, -0.0004853703, -0.00045996142, -0.00044725888, -0.00042098443, -0.00039341018, -0.0003645841, -0.00035001454, -0.00032144404, -0.00029502515, -0.00028299488, -0.0002618046, -0.00024412341, -0.00023624982, -0.00022210937, -0.00020902479, -0.00019683003, -0.00019111889, -0.00018125308, -0.00017433394, -0.00017251492, -0.00017257383, -0.00017738121, -0.00018574625, -0.00019071541, -0.00020105056, -0.00021075194, -0.00021532144, -0.00022419792, -0.00023385894, -0.00023970462, -0.00025461696, -0.00027500853, -0.00030129738, -0.00031628637, -0.00034874913, -0.00038243041, -0.00039896942, -0.00043047892, -0.00045975298, -0.0004877438, -0.00050183287, -0.00053125445, -0.0005638685, -0.0005816386, -0.00062000623, -0.0006609091, -0.00068166363, -0.00072218326, -0.00075927074, -0.0007912703, -0.0008051793, -0.00082887063, -0.0008483, -0.00085679727, -0.0008721237, -0.0008856887, -0.0008971069, -0.00090176053, -0.00090947316, -0.00091942464, -0.0009295786, -0.0009801389, -0.0011017376
0, 0, 0, 0, 0, 0, 0, 0, 0, 0, 0, 0, 0, 0, 0, 0, 0, 0, 0, 0, 0, 0, 0, 0, 0, 0, 0, 0, 0, 0, 0, 0, 0, 0, 0, 0, 0, 0, 0, 0, 0, 0, 0, 0, 0, 0, 0, 0, 0, 0, 0, 0, 0, 0, 0, 0, 0, 0, 0, 0, 0, 0, 0, 0, 0, 0, 0, 0, 0, 0, 0, -0.00075685355, -0.0006948671, -0.00060914573, -0.0005621698, -0.0005280487, -0.0005113018, -0.00047446915, -0.00043099423, -0.00040654236, -0.0003524165, -0.00029272557, -0.00026164757, -0.0001990388, -0.00013887668, -8.3869985e-05, -5.8734233e-05, -1.253976e-05, 2.963812e-05, 5.0210198e-05, 9.182934e-05, 0.00013606866, 0.0001837885, 0.00020861566, 0.00025887016, 0.00030731483, 0.00032983438, 0.00037011955, 0.00040325706, 0.00041722672, 0.00044105574, 0.00046122223, 0.00047966995, 0.0004886418, 0.0005060455, 0.0005216688, 0.00052822696, 0.0005375321, 0.0005406899, 0.00053737365, 0.0005335463, 0.0005228827, 0.0005097225, 0.0005027834, 0.0004888531, 0.00047486412, 0.00046744588, 0.0004506926, 0.00042972039, 0.00040295528, 0.00038714486, 0.0003512193, 0.00031039576, 0.0002887788, 0.00024404652, 0.00019830848, 0.00015207182, 0.00012862786, 8.043537e-05, 2.9613735e-05, 2.9570258e-06, -5.2902073e-05, -0.00011130525, -0.00014101854, -0.00020010816, -0.00025684098, -0.00030977975, -0.0003345525, -0.00038085278, -0.00042360363, -0.0004440873, -0.00048404804, -0.0005235438, -0.00056267576, -0.0005821394, -0.0006214436, -0.0006652417, -0.00069246494, -0.0007727994, -0.00090698065
0, 0, 0, 0, 0, 0, 0, 0, 0, 0, 0, 0, 0, 0, 0, 0, 0, 0, 0, 0, 0, 0, 0, 0, 0, 0, 0, 0, 0, 0, 0, 0, 0, 0, 0, 0, 0, 0, 0, 0, 0, 0, 0, 0, 0, 0, 0, 0, 0, 0, 0, 0, 0, 0, 0, 0, 0, 0, 0, 0, 0, 0, 0, 0, 0, 0, 0, 0, 0, 0, 0, -0.0007034578, -0.0006129319, -0.000475375, -0.00038682675, -0.00031940604, -0.00028806896, -0.00022488392, -0.00015730239, -0.00012099361, -4.290548e-05, 4.142344e-05, 8.521977e-05, 0.00017340523, 0.00025890375, 0.0003381908, 0.00037491322, 0.00044299487, 0.0005055542, 0.0005358192, 0.00059689017, 0.00066087994, 0.0007286653, 0.00076363096, 0.0008339744, 0.0009012607, 0.000932526, 0.00098816, 0.0010338261, 0.0010529695, 0.0010856882, 0.0011136237, 0.0011398135, 0.001153011, 0.0011795299, 0.001205, 0.0012165115, 0.0012350711, 0.0012452521, 0.0012458214, 0.00124256, 0.0012303492, 0.0012130067, 0.0012034194, 0.0011841104, 0.0011656139, 0.0011565255, 0.0011376616, 0.0011154913, 0.0010872097, 0.0010700814, 0.0010292444, 0.0009800122, 0.0009527449, 0.00089433766, 0.0008326816, 0.0007696772, 0.00073791505, 0.000673751, 0.0006081146, 0.00057438196, 0.00050455926, 0.00043171586, 0.0003943809, 0.0003184891, 0.00024254681, 0.00016796988, 0.00013149696, 6.0489798e-05, -7.9797965e-06, -4.159774e-05, -0.000108296714, -0.000175304, -0.00024342212, -0.00027815872, -0.00034953945, -0.00042692368, -0.0004707805, -0.0005797429, -0.0007255578
0, 0, 0, 0, 0, 0, 0, 0, 0, 0, 0, 0, 0, 0, 0, 0, 0, 0, 0, 0, 0, 0, 0, 0, 0, 0, 0, 0, 0, 0, 0, 0, 0, 0, 0, 0, 0, 0, 0, 0, 0, 0, 0, 0, 0, 0, 0, 0, 0, 0, 0, 0, 0, 0, 0, 0, 0, 0, 0, 0, 0, 0, 0, 0, 0, 0, 0, 0, 0, 0, 0, -0.0006882144, -0.00055385596, -0.00036321415, -0.00023118622, -0.00012561934, -7.730891e-05, 1.6664091e-05, 0.0001117691, 0.00016094929, 0.00026352413, 0.00037152442, 0.00042685214, 0.00053811487, 0.0006468747, 0.00074967556, 0.00079825596, 0.0008898288, 0.0009755712, 0.0010173365, 0.001100664, 0.0011858619, 0.0012734557, 0.0013177332, 0.001405138, 0.0014873338, 0.0015253092, 0.0015929979, 0.0016489902, 0.001672926, 0.001714728, 0.0017513828, 0.0017864803, 0.0018041518, 0.0018396548, 0.0018737616, 0.0018891863, 0.0019144465, 0.0019294126, 0.0019323884, 0.0019294368, 0.0019160986, 0.0018958928, 0.001884505, 0.0018611547, 0.0018386068, 0.0018276217, 0.0018050937, 0.0017789983, 0.0017457546, 0.0017255434, 0.0016768732, 0.0016176628, 0.0015846184, 0.0015135581, 0.0014387057, 0.0013627975, 0.0013248816, 0.0012493333, 0.0011731128, 0.0011341402, 0.001053528, 0.0009683626, 0.0009238685, 0.0008314758, 0.0007354885, 0.0006375925, 0.0005886031, 0.0004913746, 0.0003956237, 0.0003482888, 0.00025396066, 0.00015889727, 6.161487e-05, 1.1724856e-05, -9.134794e-05, -0.00020148403, -0.00026135717, -0.00039772515, -0.00055414
0, 0, 0, 0, 0, 0, 0, 0, 0, 0, 0, 0, 0, 0, 0, 0, 0, 0, 0, 0, 0, 0, 0, 0, 0, 0, 0, 0, 0, 0, 0, 0, 0, 0, 0, 0, 0, 0, 0, 0, 0, 0, 0, 0, 0, 0, 0, 0, 0, 0, 0, 0, 0, 0, 0, 0, 0, 0, 0, 0, 0, 0, 0, 0, 0, 0, 0, 0, 0, 0, 0, -0.00048090584, -0.0004105548, -0.00023208934, -7.041103e-05, 7.0830814e-05, 0.00013630028, 0.00026189885, 0.0003851279, 0.00044720204, 0.00057363504, 0.00070359174, 0.0007694953, 0.0009016361, 0.0010315131, 0.0011562406, 0.0012161564, 0.001330994, 0.0014402801, 0.0014936059, 0.0015991732, 0.0017046345, 0.0018100081, 0.001862256, 0.0019637886, 0.0020585312, 0.0021022535, 0.0021811053, 0.0022479834, 0.0022773803, 0.0023298734, 0.002376702, 0.002421032, 0.0024427916, 0.002485378, 0.0025248956, 0.0025425504, 0.0025713812, 0.0025889843, 0.002593964, 0.0025917669, 0.0025795065, 0.0025596083, 0.002547962, 0.0025231703, 0.0024976628, 0.002484569, 0.0024566778, 0.0024236494, 0.0023820298, 0.0023572452, 0.0022987707, 0.002229261, 0.0021909545, 0.0021094838, 0.002024515, 0.0019391592, 0.0018967644, 0.0018124107, 0.0017271863, 0.0016834754, 0.0015922434, 0.0014939364, 0.0014417196, 0.0013314182, 0.0012142719, 0.0010927367, 0.0010313052, 0.0009084855, 0.0007869902, 0.0007267855, 0.000606709, 0.000485361, 0.0003607166, 0.0002965286, 0.00016360081, 2.2119195e-05, -5.3235115e-05, -0.00021621672, -0.00038304817
0, 0, 0, 0, 0, 0, 0, 0, 0, 0, 0, 0, 0, 0, 0, 0, 0, 0, 0, 0, 0, 0, 0, 0, 0, 0, 0, 0, 0, 0, 0, 0, 0, 0, 0, 0, 0, 0, 0, 0, 0, 0, 0, 0, 0, 0, 0, 0, 0, 0, 0, 0, 0, 0, 0, 0, 0, 0, 0, 0, 0, 0, 0, 0, 0, 0, 0, 0, 0, 0, 0, -0.00040550006, -0.00028913017, -8.760265e-05, 9.953175e-05, 0.00027161097, 0.00035257515, 0.0005074075, 0.00065741804, 0.00073198223, 0.0008817829, 0.001033028, 0.0011090732, 0.0012609621, 0.0014104841, 0.0015556649, 0.0016260246, 0.0017621825, 0.0018930146, 0.001956787, 0.0020820505, 0.002205075, 0.0023258862, 0.0023849914, 0.0024992635, 0.0026062164, 0.0026561338, 0.0027478798, 0.0028283964, 0.0028646372, 0.0029302007, 0.0029886647, 0.0030419505, 0.0030671456, 0.0031144323, 0.0031564913, 0.003174915, 0.0032050922, 0.0032245396, 0.0032323033, 0.0032319245, 0.0032234723, 0.003206915, 0.0031963238, 0.0031720838, 0.0031441997, 0.0031288713, 0.0030944631, 0.0030529683, 0.0030019518, 0.0029722685, 0.002904299, 0.0028257996, 0.0027832466, 0.0026936252, 0.0026004908, 0.0025065336, 0.0024596425, 0.0023653745, 0.0022690145, 0.0022191212, 0.0021139837, 0.0019996248, 0.0019385656, 0.0018089149, 0.0016708552, 0.0015275129, 0.0014549888, 0.0013100603, 0.0011665754, 0.0010953895, 0.0009530826, 0.00080878066, 0.0006598059, 0.0005827679, 0.00042239268, 0.000251593, 0.00016129245, -2.8051765e-05, -0.00020587521
0, 0, 0, 0, 0, 0, 0, 0, 0, 0, 0, 0, 0, 0, 0, 0, 0, 0, 0, 0, 0, 0, 0, 0, 0, 0, 0, 0, 0, 0, 0, 0, 0, 0, 0, 0, 0, 0, 0, 0, 0, 0, 0, 0, 0, 0, 0, 0, 0, 0, 0, 0, 0, 0, 0, 0, 0, 0, 0, 0, 0, 0, 0, 0, 0, 0, 0, 0, 0, 0, 0, 0, -5.4052456e-05, 8.0624486e-05, 0.00027181924, 0.00046510325, 0.0005584744, 0.0007393857, 0.00091545534, 0.0010025989, 0.0011764832, 0.0013501705, 0.0014368604, 0.0016090927, 0.0017784701, 0.0019432189, 0.0020232955, 0.002178988, 0.0023286978, 0.0024014958, 0.00254365, 0.0026819087, 0.002816227, 0.0028817484, 0.0030086571, 0.003128728, 0.003185766, 0.0032924828, 0.0033886887, 0.0034327917, 0.0035129432, 0.0035833477, 0.0036450766, 0.0036730627, 0.0037236833, 0.0037670643, 0.0037858812, 0.00381712, 0.0038390532, 0.0038508754, 0.0038529006, 0.0038495173, 0.0038370243, 0.0038277132, 0.0038035852, 0.0037726304, 0.0037546575, 0.003713197, 0.0036633415, 0.0036039036, 0.0035702563, 0.0034949977, 0.003409872, 0.0033641013, 0.0032676496, 0.0031665657, 0.0030625903, 0.003009745, 0.002902121, 0.002790507, 0.0027323498, 0.0026098057, 0.0024771453, 0.002406747, 0.0022582684, 0.0021014502, 0.0019396552, 0.0018579728, 0.0016948795, 0.0015329726, 0.0014523689, 0.001290621, 0.0011258146, 0.0009548434, 0.0008660587, 0.0006805065, 0.00048199063, 0.00037752165, 0.00016265728, -2.6270769e-05
0, 0, 0, 0, 0, 0, 0, 0, 0, 0, 0, 0, 0, 0, 0, 0, 0, 0, 0, 0, 0, 0, 0, 0, 0, 0, 0, 0, 0, 0, 0, 0, 0, 0, 0, 0, 0, 0, 0, 0, 0, 0, 0, 0, 0, 0, 0, 0, 0, 0, 0, 0, 0, 0, 0, 0, 0, 0, 0, 0, 0, 0, 0, 0, 0, 0, 0, 0, 0, 0, 0, 0, 0.00016100492, 0.0002499656, 0.00042851246, 0.0006361173, 0.0007412173, 0.00094909, 0.0011533808, 0.0012543503, 0.0014546781, 0.0016530509, 0.0017512117, 0.0019451457, 0.0021346903, 0.0023187671, 0.0024083038, 0.0025823475, 0.0027495448, 0.0028306805, 0.0029884174, 0.0031407163, 0.0032879, 0.0033595795, 0.00349898, 0.0036321876, 0.003696134, 0.0038174288, 0.0039285077, 0.0039797765, 0.004073116, 0.004154085, 0.0042233868, 0.0042540515, 0.004308122, 0.0043536904, 0.0043734754, 0.004407226, 0.0044328435, 0.004449258, 0.0044536027, 0.0044542453, 0.004443794, 0.004434483, 0.004407943, 0.004371828, 0.0043504634, 0.004301545, 0.004244281, 0.004178439, 0.0041420343, 0.0040620496, 0.003972367, 0.0039240294, 0.00382104, 0.00371082, 0.0035947096, 0.0035347368, 0.003411005, 0.0032815982, 0.0032143616, 0.003073731, 0.002923663, 0.002844972, 0.0026804644, 0.0025082345, 0.0023311253, 0.0022416818, 0.002062247, 0.001882851, 0.0017930402, 0.0016119296, 0.0014265649, 0.0012337927, 0.0011336195, 0.0009238779, 0.0006994321, 0.000581672, 0.0003433507, 0.00014446687
0, 0, 0, 0, 0, 0, 0, 0, 0, 0, 0, 0, 0, 0, 0, 0, 0, 0, 0, 0, 0, 0, 0, 0, 0, 0, 0, 0, 0, 0, 0, 0, 0, 0, 0, 0, 0, 0, 0, 0, 0, 0, 0, 0, 0, 0, 0, 0, 0, 0, 0, 0, 0, 0, 0, 0, 0, 0, 0, 0, 0, 0, 0, 0, 0, 0, 0, 0, 0, 0, 0, 0, 0.00036555194, 0.0003768006, 0.00054697844, 0.0007806234, 0.00090269453, 0.0011451545, 0.0013823754, 0.0014988526, 0.0017278134, 0.0019514401, 0.0020611798, 0.0022761885, 0.0024850492, 0.0026874135, 0.0027859446, 0.0029774734, 0.003161657, 0.0032509335, 0.0034239446, 0.0035898646, 0.0037492397, 0.0038266783, 0.003977153, 0.004121296, 0.0041906945, 0.0043229507, 0.0044448646, 0.0045012087, 0.0046041072, 0.004693194, 0.0047690803, 0.0048024375, 0.004861128, 0.0049108807, 0.004932819, 0.0049711512, 0.005001493, 0.005022079, 0.005028062, 0.00503023, 0.0050185183, 0.0050074966, 0.004975688, 0.0049324753, 0.0049071936, 0.0048507247, 0.0047871633, 0.0047164056, 0.0046780943, 0.0045945384, 0.00450069, 0.0044496693, 0.004339454, 0.0042189737, 0.0040897964, 0.004022412, 0.0038828538, 0.003737084, 0.003661822, 0.0035060027, 0.0033421996, 0.00325706, 0.0030802118, 0.0028953261, 0.0027043559, 0.0026072126, 0.0024107732, 0.0022123314, 0.002112283, 0.001909829, 0.0017021958, 0.001486571, 0.0013748114, 0.0011413204, 0.0008926222, 0.00076295243, 0.0005039334, 0.0002972234
0, 0, 0, 0, 0, 0, 0, 0, 0, 0, 0, 0, 0, 0, 0, 0, 0, 0, 0, 0, 0, 0, 0, 0, 0, 0, 0, 0, 0, 0, 0, 0, 0, 0, 0, 0, 0, 0, 0, 0, 0, 0, 0, 0, 0, 0, 0, 0, 0, 0, 0, 0, 0, 0, 0, 0, 0, 0, 0, 0, 0, 0, 0, 0, 0, 0, 0, 0, 0, 0, 0, 0, 0, 0.00042683203, 0.00064462057, 0.0009254778, 0.0010696969, 0.0013524534, 0.0016242018, 0.001755865, 0.0020112314, 0.0022567292, 0.002376077, 0.0026083689, 0.0028330588, 0.003050757, 0.003157025, 0.0033642775, 0.0035641915, 0.0036610777, 0.0038483776, 0.004026965, 0.004197197, 0.0042794226, 0.004438255, 0.004589844, 0.0046626735, 0.004801459, 0.004929645, 0.004989136, 0.005098223, 0.0051935455, 0.0052754954, 0.00531194, 0.005376829, 0.0054327953, 0.0054578106, 0.0055019422, 0.0055370796, 0.0055607404, 0.0055673886, 0.005568978, 0.005554101, 0.0055405805, 0.0055025374, 0.005452269, 0.0054234853, 0.0053605298, 0.0052914764, 0.0052162614, 0.005175874, 0.0050879684, 0.0049886536, 0.0049341954, 0.004815458, 0.0046843467, 0.0045429613, 0.0044691297, 0.004316514, 0.004158308, 0.004077185, 0.003910493, 0.003736578, 0.0036464515, 0.0034592787, 0.003262606, 0.003057366, 0.0029520334, 0.0027372024, 0.0025180618, 0.0024070558, 0.0021818948, 0.001951162, 0.0017124882, 0.0015893299, 0.0013331987, 0.0010622597, 0.0009219608, 0.0006450177, 0.00043225646
0, 0, 0, 0, 0, 0, 0, 0, 0, 0, 0, 0, 0, 0, 0, 0, 0, 0, 0, 0, 0, 0, 0, 0, 0, 0, 0, 0, 0, 0, 0, 0, 0, 0, 0, 0, 0, 0, 0, 0, 0, 0, 0, 0, 0, 0, 0, 0, 0, 0, 0, 0, 0, 0, 0, 0, 0, 0, 0, 0, 0, 0, 0, 0, 0, 0, 0, 0, 0, 0, 0, 0, 0, 0.0005709402, 0.0008000153, 0.0011134667, 0.0012754208, 0.0015909107, 0.0018893473, 0.0020321112, 0.0023059435, 0.002565696, 0.002691165, 0.0029345513, 0.0031698605, 0.0033987765, 0.003510993, 0.0037308116, 0.0039435728, 0.004046851, 0.004246166, 0.0044353195, 0.004614178, 0.004700034, 0.0048649223, 0.005021432, 0.0050964653, 0.0052396264, 0.005372421, 0.005434456, 0.005549164, 0.005650841, 0.00573981, 0.0057798107, 0.0058519873, 0.005914854, 0.005942982, 0.0059924326, 0.006031123, 0.0060564526, 0.0060632215, 0.0060635745, 0.0060460316, 0.006030713, 0.005988629, 0.005934016, 0.0059031737, 0.0058359504, 0.005762396, 0.00568218, 0.0056389184, 0.0055445004, 0.0054375273, 0.005378735, 0.0052505005, 0.005109303, 0.004957659, 0.0048787924, 0.004716591, 0.004549368, 0.004463888, 0.004288446, 0.00410543, 0.0040103784, 0.003812284, 0.0036029525, 0.0033828416, 0.0032692505, 0.0030363433, 0.0027974893, 0.0026762516, 0.0024301198, 0.0021783188, 0.0019187881, 0.001785289, 0.0015086958, 0.0012176724, 0.0010677029, 0.0007744347, 0.0005560289
0, 0, 0, 0, 0, 0, 0, 0, 0, 0, 0, 0, 0, 0, 0, 0, 0, 0, 0, 0, 0, 0, 0, 0, 0, 0, 0, 0, 0, 0, 0, 0, 0, 0, 0, 0, 0, 0, 0, 0, 0, 0, 0, 0, 0, 0, 0, 0, 0, 0, 0, 0, 0, 0, 0, 0, 0, 0, 0, 0, 0, 0, 0, 0, 0, 0, 0, 0, 0, 0, 0, 0, 0, 0.00079930865, 0.0010214702, 0.0013466586, 0.0015167189, 0.0018477539, 0.0021584695, 0.002306062, 0.002587483, 0.002853358, 0.002981601, 0.0032309622, 0.0034733056, 0.0037104897, 0.0038273232, 0.004056881, 0.004279666, 0.004387687, 0.004596167, 0.004793292, 0.0049790815, 0.005067923, 0.0052383975, 0.0054000956, 0.005477785, 0.0056265504, 0.0057658628, 0.0058314805, 0.005953951, 0.006063882, 0.006161038, 0.006205036, 0.006284457, 0.0063530994, 0.006383482, 0.006436092, 0.0064762416, 0.006501803, 0.006508368, 0.006508151, 0.006490064, 0.0064746393, 0.006432511, 0.0063777613, 0.006346539, 0.0062774923, 0.0062004533, 0.00611456, 0.006067692, 0.005965041, 0.005848914, 0.0057854597, 0.005648082, 0.0054982384, 0.0053385864, 0.0052558878, 0.0050859526, 0.0049105575, 0.0048206626, 0.0046354015, 0.0044412045, 0.0043400405, 0.0041290764, 0.0039060581, 0.003671747, 0.0035508813, 0.0033029858, 0.0030485343, 0.0029192641, 0.002656706, 0.0023880007, 0.0021113066, 0.0019690727, 0.0016746385, 0.0013652211, 0.0012061003, 0.00089699234, 0.0006722756
0, 0, 0, 0, 0, 0, 0, 0, 0, 0, 0, 0, 0, 0, 0, 0, 0, 0, 0, 0, 0, 0, 0, 0, 0, 0, 0, 0, 0, 0, 0, 0, 0, 0, 0, 0, 0, 0, 0, 0, 0, 0, 0, 0, 0, 0, 0, 0, 0, 0, 0, 0, 0, 0, 0, 0, 0, 0, 0, 0, 0, 0, 0, 0, 0, 0, 0, 0, 0, 0, 0, 0, 0, 0.0010789258, 0.0012665704, 0.0015774473, 0.0017451599, 0.0020747615, 0.002385487, 0.0025331613, 0.0028156731, 0.0030842002, 0.0032146024, 0.00346983, 0.0037198009, 0.003965883, 0.0040872465, 0.004325882, 0.00455695, 0.0046689096, 0.0048845466, 0.0050883843, 0.00528081, 0.0053730635, 0.0055505475, 0.0057198456, 0.005801582, 0.005959136, 0.0061079343, 0.006178501, 0.0063109077, 0.0064304485, 0.006536386, 0.0065841437, 0.006669588, 0.006742052, 0.00677352, 0.0068267607, 0.006866359, 0.0068909503, 0.0068972707, 0.006897496, 0.0068811914, 0.006867126, 0.006827959, 0.0067758537, 0.0067453296, 0.0066760085, 0.006595738, 0.006503965, 0.0064533963, 0.006342453, 0.0062177414, 0.006150366, 0.0060058204, 0.005849734, 0.005684014, 0.0055980813, 0.005420685, 0.005235966, 0.005140578, 0.0049429247, 0.004734796, 0.0046265987, 0.004401623, 0.004165608, 0.003919541, 0.0037931765, 0.0035348006, 0.0032697534, 0.00313491, 0.0028605028, 0.0025787752, 0.002287659, 0.0021377755, 0.0018271977, 0.0015004119, 0.0013325801, 0.0010080342, 0.0007766189
0, 0, 0, 0, 0, 0, 0, 0, 0, 0, 0, 0, 0, 0, 0, 0, 0, 0, 0, 0, 0, 0, 0, 0, 0, 0, 0, 0, 0, 0, 0, 0, 0, 0, 0, 0, 0, 0, 0, 0, 0, 0, 0, 0, 0, 0, 0, 0, 0, 0, 0, 0, 0, 0, 0, 0, 0, 0, 0, 0, 0, 0, 0, 0, 0, 0, 0, 0, 0, 0, 0, 0, 0, 0.0013828799, 0.0014648974, 0.0017327042, 0.0018920734, 0.002215045, 0.0025244511, 0.0026727605, 0.002958505, 0.003233826, 0.003368767, 0.003634963, 0.0038974173, 0.0041556815, 0.004282854, 0.0045318594, 0.004771641, 0.0048874766, 0.0051102466, 0.0053212573, 0.005521475, 0.0056179967, 0.0058047012, 0.005983945, 0.0060707936, 0.0062387525, 0.0063978815, 0.0064735333, 0.0066156136, 0.0067439955, 0.0068572853, 0.0069081415, 0.006998259, 0.0070732585, 0.00710517, 0.0071582054, 0.0071966383, 0.00722031, 0.0072265943, 0.00722781, 0.007214164, 0.0072017517, 0.0071660993, 0.0071165357, 0.0070865666, 0.0070166164, 0.006932961, 0.0068356125, 0.0067818286, 0.006664193, 0.006533599, 0.006463662, 0.0063150725, 0.006155438, 0.0059854276, 0.0058966875, 0.005711849, 0.0055169314, 0.0054154666, 0.0052043046, 0.0049822475, 0.004867263, 0.004629894, 0.0043835947, 0.0041290955, 0.003999141, 0.0037337844, 0.0034612627, 0.003322103, 0.0030376564, 0.002743779, 0.0024388651, 0.0022815221, 0.0019551397, 0.001612214, 0.0014364886, 0.0010983178, 0.0008614407
0, 0, 0, 0, 0, 0, 0, 0, 0, 0, 0, 0, 0, 0, 0, 0, 0, 0, 0, 0, 0, 0, 0, 0, 0, 0, 0, 0, 0, 0, 0, 0, 0, 0, 0, 0, 0, 0, 0, 0, 0, 0, 0, 0, 0, 0, 0, 0, 0, 0, 0, 0, 0, 0, 0, 0, 0, 0, 0, 0, 0, 0, 0, 0, 0, 0, 0, 0, 0, 0, 0, 0, 0, 0.0016052169, 0.0015148113, 0.0017544993, 0.0019138033, 0.0022428317, 0.0025603967, 0.0027134279, 0.003010894, 0.0033008165, 0.003443978, 0.0037276668, 0.004007382, 0.0042814487, 0.0044156993, 0.00467677, 0.0049263826, 0.0050465767, 0.0052777827, 0.0054975445, 0.0057073585, 0.005809041, 0.0060063642, 0.006195998, 0.0062878258, 0.006464937, 0.006631877, 0.006710979, 0.006859412, 0.0069934507, 0.007111863, 0.007165116, 0.0072593302, 0.0073374948, 0.007370581, 0.007424995, 0.0074640475, 0.007488369, 0.0074951435, 0.007497932, 0.007486342, 0.0074749934, 0.007441285, 0.007392399, 0.007362193, 0.00729015, 0.0072028483, 0.0071009416, 0.007044728, 0.006922884, 0.0067893234, 0.0067183836, 0.006568462, 0.006407545, 0.0062348857, 0.006144074, 0.005952832, 0.005748711, 0.005641968, 0.0054195463, 0.0051866393, 0.005066785, 0.0048210165, 0.00456809, 0.004308285, 0.004175667, 0.0039045003, 0.0036243827, 0.003480587, 0.0031848392, 0.002877483, 0.0025578397, 0.0023929828, 0.002051804, 0.0016950349, 0.0015130382, 0.0011650115, 0.00092508615
0, 0, 0, 0, 0, 0, 0, 0, 0, 0, 0, 0, 0, 0, 0, 0, 0, 0, 0, 0, 0, 0, 0, 0, 0, 0, 0, 0, 0, 0, 0, 0, 0, 0, 0, 0, 0, 0, 0, 0, 0, 0, 0, 0, 0, 0, 0, 0, 0, 0, 0, 0, 0, 0, 0, 0, 0, 0, 0, 0, 0, 0, 0, 0, 0, 0, 0, 0, 0, 0, 0, 0, 0, 0.0012770364, 0.0013837011, 0.0016693101, 0.0018389766, 0.0021834746, 0.0025160478, 0.0026773163, 0.0029926775, 0.0033022277, 0.0034555537, 0.003759091, 0.004057163, 0.004347165, 0.0044881743, 0.0047611683, 0.0050212326, 0.0051464625, 0.0053877053, 0.0056182044, 0.005839281, 0.005946599, 0.00615469, 0.006353401, 0.006448986, 0.006631722, 0.006802263, 0.006882644, 0.007033174, 0.0071695605, 0.007291451, 0.0073467423, 0.007445916, 0.0075293956, 0.0075650737, 0.007624272, 0.007667288, 0.0076947217, 0.007702818, 0.0077079046, 0.007698029, 0.0076874, 0.007654318, 0.0076050586, 0.0075741275, 0.0074999426, 0.007409674, 0.0073045525, 0.0072470284, 0.007123091, 0.00698853, 0.0069174008, 0.006767478, 0.0066061215, 0.0064318147, 0.0063394173, 0.006143542, 0.005933132, 0.005822833, 0.005593484, 0.005354496, 0.005232085, 0.0049822093, 0.0047259135, 0.0044621504, 0.0043270728, 0.004049241, 0.003759858, 0.0036103814, 0.0033016982, 0.0029802474, 0.0026465484, 0.0024751395, 0.0021223007, 0.001755996, 0.0015700426, 0.0012163194, 0.0009757772
0, 0, 0, 0, 0, 0, 0, 0, 0, 0, 0, 0, 0, 0, 0, 0, 0, 0, 0, 0, 0, 0, 0, 0, 0, 0, 0, 0, 0, 0, 0, 0, 0, 0, 0, 0, 0, 0, 0, 0, 0, 0, 0, 0, 0, 0, 0, 0, 0, 0, 0, 0, 0, 0, 0, 0, 0, 0, 0, 0, 0, 0, 0, 0, 0, 0, 0, 0, 0, 0, 0, 0, 0, 0.001364032, 0.0013526754, 0.0015778068, 0.0017374323, 0.0020822647, 0.0024277042, 0.0025971653, 0.002930512, 0.0032584446, 0.0034205685, 0.003740605, 0.004052897, 0.004354785, 0.004501133, 0.0047838576, 0.0050536334, 0.005183972, 0.0054363343, 0.005678867, 0.0059120553, 0.0060250377, 0.006243114, 0.006449186, 0.0065472396, 0.0067328094, 0.0069040465, 0.0069843885, 0.00713488, 0.007272436, 0.00739752, 0.0074552787, 0.0075605586, 0.0076512336, 0.007690704, 0.0077571427, 0.0078064995, 0.007839112, 0.007849272, 0.007857776, 0.007850533, 0.007840943, 0.007809518, 0.007761137, 0.00773041, 0.007655991, 0.007565062, 0.0074590594, 0.0074010813, 0.0072764, 0.0071413256, 0.00707006, 0.006919584, 0.006757257, 0.006581225, 0.0064876107, 0.006288672, 0.006074726, 0.005962601, 0.0057300823, 0.0054887896, 0.005365472, 0.0051140296, 0.004855524, 0.0045880415, 0.0044501633, 0.0041647526, 0.0038654127, 0.003710324, 0.0033899257, 0.0030571206, 0.0027138279, 0.0025384617, 0.0021794504, 0.0018087375, 0.0016210382, 0.0012646676, 0.0010244804
0, 0, 0, 0, 0, 0, 0, 0, 0, 0, 0, 0, 0, 0, 0, 0, 0, 0, 0, 0, 0, 0, 0, 0, 0, 0, 0, 0, 0, 0, 0, 0, 0, 0, 0, 0, 0, 0, 0, 0, 0, 0, 0, 0, 0, 0, 0, 0, 0, 0, 0, 0, 0, 0, 0, 0, 0, 0, 0, 0, 0, 0, 0, 0, 0, 0, 0, 0, 0, 0, 0, 0, 0, 0.0016683863, 0.0013164628, 0.0014576848, 0.0016095034, 0.0019596028, 0.0023188938, 0.002495977, 0.0028438754, 0.0031846524, 0.003352506, 0.003682282, 0.004002415, 0.0043108477, 0.004460374, 0.0047499537, 0.005027818, 0.005162777, 0.0054256725, 0.005679493, 0.0059237885, 0.006041852, 0.006268498, 0.0064805774, 0.0065806513, 0.0067686485, 0.006940891, 0.0070216516, 0.007173391, 0.007313551, 0.007442754, 0.007503188, 0.007614782, 0.0077123716, 0.007755225, 0.007828107, 0.007883318, 0.007920944, 0.007933379, 0.007946065, 0.007943012, 0.007935554, 0.007908323, 0.007863949, 0.007835136, 0.007764039, 0.007675461, 0.0075709233, 0.00751336, 0.007388908, 0.0072533446, 0.007181547, 0.0070295776, 0.0068652546, 0.0066871075, 0.0065924013, 0.0063912757, 0.006175552, 0.006062777, 0.0058290376, 0.0055866702, 0.0054627787, 0.0052098413, 0.0049488125, 0.0046772906, 0.004536648, 0.004244709, 0.0039377594, 0.003778874, 0.0034515196, 0.0031136451, 0.0027673615, 0.0025911573, 0.002231496, 0.001860288, 0.0016720092, 0.0013141071, 0.0010735014
0, 0, 0, 0, 0, 0, 0, 0, 0, 0, 0, 0, 0, 0, 0, 0, 0, 0, 0, 0, 0, 0, 0, 0, 0, 0, 0, 0, 0, 0, 0, 0, 0, 0, 0, 0, 0, 0, 0, 0, 0, 0, 0, 0, 0, 0, 0, 0, 0, 0, 0, 0, 0, 0, 0, 0, 0, 0, 0, 0, 0, 0, 0, 0, 0, 0, 0, 0, 0, 0, 0, 0, 0, 0, 0.001026728, 0.0012793613, 0.001454638, 0.0018315527, 0.0022067777, 0.0023899018, 0.0027472835, 0.003094844, 0.0032652991, 0.003598917, 0.0039218036, 0.0042329826, 0.0043841465, 0.0046781814, 0.004961902, 0.0051003974, 0.0053709596, 0.00563286, 0.005884721, 0.0060061966, 0.0062387427, 0.006455539, 0.006557615, 0.006749155, 0.00692497, 0.007007616, 0.0071635917, 0.0073083937, 0.0074424497, 0.007505169, 0.007621024, 0.007722065, 0.0077664573, 0.007841924, 0.007899533, 0.0079399245, 0.007954009, 0.00797078, 0.007972853, 0.007968337, 0.00794755, 0.007910007, 0.007884503, 0.007819448, 0.0077357083, 0.0076346225, 0.0075782556, 0.007455134, 0.0073195775, 0.007247374, 0.007094157, 0.0069282386, 0.0067483466, 0.006652924, 0.0064508403, 0.0062345066, 0.006121493, 0.0058871554, 0.0056436607, 0.0055189794, 0.005263733, 0.004999678, 0.004724564, 0.0045821373, 0.004286649, 0.0039769066, 0.0038170344, 0.003488976, 0.0031519302, 0.0028076528, 0.0026325851, 0.0022746802, 0.0019036836, 0.0017148126, 0.0013546154, 0.0011123146
0, 0, 0, 0, 0, 0, 0, 0, 0, 0, 0, 0, 0, 0, 0, 0, 0, 0, 0, 0, 0, 0, 0, 0, 0, 0, 0, 0, 0, 0, 0, 0, 0, 0, 0, 0, 0, 0, 0, 0, 0, 0, 0, 0, 0, 0, 0, 0, 0, 0, 0, 0, 0, 0, 0, 0, 0, 0, 0, 0, 0, 0, 0, 0, 0, 0, 0, 0, 0, 0, 0, 0, 0, 0, 0.0009063073, 0.0011673678, 0.0013474458, 0.0017320476, 0.0021127658, 0.00229792, 0.0026585034, 0.003007873, 0.003178668, 0.003512434, 0.0038354697, 0.0041473983, 0.0042993454, 0.0045955726, 0.0048823063, 0.005022406, 0.0052959267, 0.0055602323, 0.005813913, 0.005936147, 0.006170242, 0.006389062, 0.0064925533, 0.0066879042, 0.006868771, 0.006954189, 0.007115977, 0.007265954, 0.0074036475, 0.00746748, 0.0075839306, 0.007683867, 0.007727311, 0.00780077, 0.007857046, 0.007897727, 0.007912726, 0.007932799, 0.007939895, 0.007938404, 0.007924389, 0.007894002, 0.007872005, 0.007813598, 0.007735686, 0.007639333, 0.007584804, 0.007464593, 0.0073308777, 0.007259315, 0.007106848, 0.0069414144, 0.006762056, 0.006666892, 0.0064656422, 0.0062502157, 0.006137599, 0.0059036072, 0.00565949, 0.0055340817, 0.005276903, 0.005010707, 0.004734083, 0.0045913607, 0.0042963503, 0.0039885, 0.0038300692, 0.0035053426, 0.0031717513, 0.0028300097, 0.0026556654, 0.0022975933, 0.0019245844, 0.0017341851, 0.0013704366, 0.0011255319
0, 0, 0, 0, 0, 0, 0, 0, 0, 0, 0, 0, 0, 0, 0, 0, 0, 0, 0, 0, 0, 0, 0, 0, 0, 0, 0, 0, 0, 0, 0, 0, 0, 0, 0, 0, 0, 0, 0, 0, 0, 0, 0, 0, 0, 0, 0, 0, 0, 0, 0, 0, 0, 0, 0, 0, 0, 0, 0, 0, 0, 0, 0, 0, 0, 0, 0, 0, 0, 0, 0, 0, 0, 0, 0.00088601845, 0.0011299233, 0.0013032393, 0.0016791389, 0.002055272, 0.0022389994, 0.0025973155, 0.00294427, 0.0031137217, 0.0034447734, 0.0037651164, 0.004075072, 0.0042262743, 0.0045212354, 0.0048066205, 0.0049456926, 0.0052164774, 0.005476867, 0.005725912, 0.005845936, 0.0060760905, 0.006292876, 0.006396186, 0.0065929946, 0.006777169, 0.0068646814, 0.007030562, 0.0071834764, 0.007321989, 0.007385263, 0.007498948, 0.0075948103, 0.007635976, 0.0077055055, 0.0077594775, 0.0078000594, 0.007815865, 0.007838831, 0.007850248, 0.007851133, 0.007842229, 0.0078169415, 0.0077975406, 0.0077442755, 0.0076715387, 0.007580494, 0.0075285635, 0.007413378, 0.0072843833, 0.0072150575, 0.0070665567, 0.0069047203, 0.0067286054, 0.006635004, 0.0064368118, 0.006224118, 0.0061127236, 0.0058807884, 0.005638107, 0.0055131936, 0.005256611, 0.004991123, 0.0047160583, 0.004574596, 0.0042831437, 0.0039797816, 0.0038237069, 0.003503129, 0.0031719378, 0.002830111, 0.0026547103, 0.002292957, 0.0019149793, 0.0017221185, 0.0013542891, 0.0011068251
0, 0, 0, 0, 0, 0, 0, 0, 0, 0, 0, 0, 0, 0, 0, 0, 0, 0, 0, 0, 0, 0, 0, 0, 0, 0, 0, 0, 0, 0, 0, 0, 0, 0, 0, 0, 0, 0, 0, 0, 0, 0, 0, 0, 0, 0, 0, 0, 0, 0, 0, 0, 0, 0, 0, 0, 0, 0, 0, 0, 0, 0, 0, 0, 0, 0, 0, 0, 0, 0, 0, 0, 0, 0, 0.0008986579, 0.0011342489, 0.0013031419, 0.001671432, 0.0020414554, 0.0022223569, 0.002574494, 0.0029143456, 0.0030799643, 0.0034027135, 0.0037148695, 0.004017129, 0.0041646594, 0.0044527943, 0.004731194, 0.0048666205, 0.0051294626, 0.0053810547, 0.005620949, 0.005736425, 0.0059584826, 0.006168973, 0.006270005, 0.006464138, 0.0066476176, 0.006735155, 0.0069010416, 0.0070529734, 0.0071889777, 0.0072504575, 0.0073600095, 0.0074517634, 0.0074912487, 0.007558823, 0.007612898, 0.007655501, 0.0076728133, 0.007699508, 0.0077144043, 0.007716839, 0.0077104094, 0.007687165, 0.00766884, 0.0076184915, 0.0075501055, 0.007464869, 0.0074163703, 0.007308513, 0.007187037, 0.0071212966, 0.006979595, 0.0068235355, 0.0066524274, 0.0065611256, 0.0063671214, 0.006158585, 0.006049312, 0.0058217174, 0.0055834567, 0.0054607056, 0.005208348, 0.0049471445, 0.004676399, 0.0045372224, 0.004250657, 0.0039522303, 0.0037982746, 0.003480905, 0.0031508189, 0.0028072675, 0.002630163, 0.0022637383, 0.0018808148, 0.0016858142, 0.0013150518, 0.0010657811
0, 0, 0, 0, 0, 0, 0, 0, 0, 0, 0, 0, 0, 0, 0, 0, 0, 0, 0, 0, 0, 0, 0, 0, 0, 0, 0, 0, 0, 0, 0, 0, 0, 0, 0, 0, 0, 0, 0, 0, 0, 0, 0, 0, 0, 0, 0, 0, 0, 0, 0, 0, 0, 0, 0, 0, 0, 0, 0, 0, 0, 0, 0, 0, 0, 0, 0, 0, 0, 0, 0, 0, 0, 0, 0.000924399, 0.0011612427, 0.001330453, 0.0016974543, 0.002062458, 0.0022393223, 0.0025806664, 0.002906669, 0.003064528, 0.003370995, 0.0036669644, 0.0039539197, 0.0040943846, 0.0043693753, 0.004635944, 0.0047658244, 0.0050178077, 0.005258768, 0.005488241, 0.0055986196, 0.005811031, 0.00601307, 0.0061104815, 0.006298566, 0.006477336, 0.0065627876, 0.006724529, 0.0068720053, 0.0070033893, 0.0070626596, 0.007168476, 0.007258271, 0.0072976453, 0.007366807, 0.007424385, 0.0074717053, 0.0074913637, 0.0075220396, 0.0075395536, 0.007542619, 0.007536496, 0.0075130844, 0.007495049, 0.0074465303, 0.007382455, 0.0073040696, 0.0072597913, 0.0071611996, 0.0070489803, 0.006987574, 0.006853416, 0.00670342, 0.0065371776, 0.0064480114, 0.0062581254, 0.0060543325, 0.005947757, 0.005726333, 0.0054949983, 0.005375829, 0.005130629, 0.0048758453, 0.0046107173, 0.0044740466, 0.004192056, 0.0038978544, 0.0037459068, 0.0034320066, 0.003104354, 0.0027621845, 0.002585336, 0.0022188723, 0.0018357604, 0.0016408265, 0.0012705402, 0.0010207634
0, 0, 0, 0, 0, 0, 0, 0, 0, 0, 0, 0, 0, 0, 0, 0, 0, 0, 0, 0, 0, 0, 0, 0, 0, 0, 0, 0, 0, 0, 0, 0, 0, 0, 0, 0, 0, 0, 0, 0, 0, 0, 0, 0, 0, 0, 0, 0, 0, 0, 0, 0, 0, 0, 0, 0, 0, 0, 0, 0, 0, 0, 0, 0, 0, 0, 0, 0, 0, 0, 0, 0, 0, 0, 0.0009604007, 0.0011999354, 0.0013701387, 0.0017352237, 0.0020914518, 0.002261435, 0.002584935, 0.0028895296, 0.0030359263, 0.003319221, 0.0035927636, 0.0038593744, 0.0039906264, 0.004249338, 0.004502336, 0.0046262313, 0.0048675444, 0.0050988626, 0.0053191637, 0.0054251426, 0.0056290235, 0.005823055, 0.005916708, 0.0060977135, 0.0062696924, 0.006351857, 0.0065071266, 0.0066484506, 0.0067743985, 0.0068314676, 0.0069345105, 0.007023869, 0.0070640245, 0.0071362252, 0.0071983407, 0.0072502475, 0.007271963, 0.0073054074, 0.0073239203, 0.0073269294, 0.007320061, 0.0072965096, 0.0072788205, 0.0072329664, 0.007174441, 0.007104315, 0.0070648086, 0.006976418, 0.006873878, 0.00681665, 0.006689328, 0.0065442454, 0.0063817203, 0.0062942975, 0.006108318, 0.0059095277, 0.0058060233, 0.0055917953, 0.0053686104, 0.005253588, 0.0050162273, 0.0047680223, 0.004508098, 0.004373559, 0.0040954, 0.0038052364, 0.0036556262, 0.0033474395, 0.0030267744, 0.0026928321, 0.0025202627, 0.0021625105, 0.0017875361, 0.0015962519, 0.0012315583, 0.0009830669
0, 0, 0, 0, 0, 0, 0, 0, 0, 0, 0, 0, 0, 0, 0, 0, 0, 0, 0, 0, 0, 0, 0, 0, 0, 0, 0, 0, 0, 0, 0, 0, 0, 0, 0, 0, 0, 0, 0, 0, 0, 0, 0, 0, 0, 0, 0, 0, 0, 0, 0, 0, 0, 0, 0, 0, 0, 0, 0, 0, 0, 0, 0, 0, 0, 0, 0, 0, 0, 0, 0, 0, 0, 0, 0.0010062812, 0.0012378173, 0.0014028028, 0.0017535891, 0.0020904122, 0.0022491713, 0.00254823, 0.0028274183, 0.0029611548, 0.003220209, 0.0034717103, 0.0037191508, 0.0038419925, 0.0040862877, 0.004327547, 0.0044463635, 0.004678799, 0.0049021835, 0.005115053, 0.0052174455, 0.005414406, 0.0056017754, 0.005692158, 0.0058664274, 0.006031583, 0.006110266, 0.006258641, 0.0063936277, 0.0065142065, 0.0065691588, 0.0066691944, 0.006757398, 0.0067975787, 0.0068707136, 0.006934402, 0.006987543, 0.007009565, 0.007042886, 0.0070605148, 0.007062974, 0.0070557646, 0.0070332424, 0.0070169317, 0.0069756997, 0.006924301, 0.0068630707, 0.0068284282, 0.0067496626, 0.006655778, 0.0066022235, 0.0064808456, 0.0063400776, 0.006181149, 0.0060957004, 0.0059145526, 0.0057220017, 0.005622164, 0.0054159514, 0.0052010305, 0.005089959, 0.0048596235, 0.004617022, 0.00436131, 0.0042286436, 0.0039541796, 0.0036688235, 0.003522481, 0.0032229528, 0.002914206, 0.002594816, 0.0024302497, 0.0020890753, 0.0017299537, 0.0015457156, 0.0011916424, 0.0009465558
0, 0, 0, 0, 0, 0, 0, 0, 0, 0, 0, 0, 0, 0, 0, 0, 0, 0, 0, 0, 0, 0, 0, 0, 0, 0, 0, 0, 0, 0, 0, 0, 0, 0, 0, 0, 0, 0, 0, 0, 0, 0, 0, 0, 0, 0, 0, 0, 0, 0, 0, 0, 0, 0, 0, 0, 0, 0, 0, 0, 0, 0, 0, 0, 0, 0, 0, 0, 0, 0, 0, 0, 0, 0, 0.0010657802, 0.0012571048, 0.001402347, 0.0017177275, 0.0020238587, 0.0021686754, 0.002442491, 0.0026994778, 0.0028233863, 0.0030650306, 0.0033019383, 0.0035372127, 0.0036547526, 0.0038894664, 0.0041221515, 0.0042368616, 0.0044611883, 0.0046766144, 0.004881785, 0.0049804966, 0.0051705837, 0.00535152, 0.005438747, 0.0056066858, 0.005765363, 0.0058407923, 0.005982844, 0.00611192, 0.006227414, 0.006280049, 0.0063760094, 0.00646067, 0.0064992635, 0.0065693343, 0.006629928, 0.0066799237, 0.00670032, 0.006730639, 0.0067460197, 0.006748081, 0.006741378, 0.0067216726, 0.0067077284, 0.0066724415, 0.006628331, 0.006574896, 0.006544204, 0.006472987, 0.0063858205, 0.0063353823, 0.0062197265, 0.006084595, 0.0059317495, 0.005849652, 0.005676192, 0.0054922835, 0.0053969785, 0.0051998086, 0.004993177, 0.0048858174, 0.0046618627, 0.0044243033, 0.004173039, 0.0040425677, 0.0037731538, 0.0034945142, 0.0033524656, 0.003063812, 0.0027690993, 0.0024664328, 0.0023110425, 0.0019889504, 0.0016485741, 0.0014729147, 0.0011324381, 0.0008924497
0, 0, 0, 0, 0, 0, 0, 0, 0, 0, 0, 0, 0, 0, 0, 0, 0, 0, 0, 0, 0, 0, 0, 0, 0, 0, 0, 0, 0, 0, 0, 0, 0, 0, 0, 0, 0, 0, 0, 0, 0, 0, 0, 0, 0, 0, 0, 0, 0, 0, 0, 0, 0, 0, 0, 0, 0, 0, 0, 0, 0, 0, 0, 0, 0, 0, 0, 0, 0, 0, 0, 0, 0, 0, 0.001137965, 0.0012226431, 0.0013310711, 0.0015975151, 0.0018732613, 0.0020068367, 0.0022634258, 0.0025084035, 0.0026277658, 0.0028626309, 0.0030945723, 0.0033253573, 0.0034404013, 0.0036690996, 0.0038942788, 0.0040046247, 0.0042192605, 0.004424534, 0.004619746, 0.0047138394, 0.0048953188, 0.0050686374, 0.005152312, 0.005313437, 0.0054655173, 0.005537743, 0.005673684, 0.0057971696, 0.0059074378, 0.005957696, 0.006048774, 0.0061284592, 0.0061644306, 0.006229101, 0.0062840916, 0.006328661, 0.006346633, 0.006373248, 0.00638693, 0.0063889427, 0.0063839564, 0.006368177, 0.006356684, 0.006326967, 0.006288347, 0.006239847, 0.0062113986, 0.0061444226, 0.0060619307, 0.0060141324, 0.0059050205, 0.0057781385, 0.005635294, 0.005558657, 0.0053965375, 0.005224122, 0.005134219, 0.004947136, 0.0047491747, 0.0046456396, 0.0044285366, 0.004197373, 0.003952726, 0.0038258308, 0.0035645158, 0.0032954481, 0.0031587856, 0.0028820585, 0.0026005548, 0.0023123363, 0.0021645513, 0.0018582526, 0.0015341889, 0.0013665375, 0.0010397711, 0.00080523605
0, 0, 0, 0, 0, 0, 0, 0, 0, 0, 0, 0, 0, 0, 0, 0, 0, 0, 0, 0, 0, 0, 0, 0, 0, 0, 0, 0, 0, 0, 0, 0, 0, 0, 0, 0, 0, 0, 0, 0, 0, 0, 0, 0, 0, 0, 0, 0, 0, 0, 0, 0, 0, 0, 0, 0, 0, 0, 0, 0, 0, 0, 0, 0, 0, 0, 0, 0, 0, 0, 0, 0, 0, 0, 0.0011397757, 0.0010626503, 0.0011436875, 0.00138505, 0.0016488862, 0.0017784957, 0.0020299852, 0.0022727372, 0.0023917868, 0.002626772, 0.00285862, 0.0030875092, 0.0032004851, 0.0034226729, 0.0036382722, 0.003742978, 0.00394537, 0.004138088, 0.0043216622, 0.0044102473, 0.0045818603, 0.0047464, 0.004826001, 0.0049794447, 0.0051242434, 0.0051929797, 0.0053221798, 0.0054395846, 0.0055445163, 0.0055923136, 0.005678955, 0.0057543973, 0.005788248, 0.0058484715, 0.00589905, 0.005939626, 0.0059560575, 0.005980868, 0.0059947083, 0.00599754, 0.005995403, 0.0059835115, 0.005974036, 0.0059480215, 0.00591203, 0.0058650924, 0.0058371415, 0.0057715485, 0.0056919223, 0.0056465776, 0.005544677, 0.0054282025, 0.005298178, 0.0052284603, 0.0050801523, 0.0049207825, 0.0048368257, 0.0046602697, 0.0044713295, 0.0043719816, 0.0041631996, 0.003941188, 0.0037069547, 0.0035858632, 0.0033370873, 0.0030813061, 0.0029513433, 0.0026875287, 0.0024179586, 0.0021408652, 0.0019984397, 0.0017031056, 0.0013911728, 0.0012299625, 0.00091537, 0.0006857624
0, 0, 0, 0, 0, 0, 0, 0, 0, 0, 0, 0, 0, 0, 0, 0, 0, 0, 0, 0, 0, 0, 0, 0, 0, 0, 0, 0, 0, 0, 0, 0, 0, 0, 0, 0, 0, 0, 0, 0, 0, 0, 0, 0, 0, 0, 0, 0, 0, 0, 0, 0, 0, 0, 0, 0, 0, 0, 0, 0, 0, 0, 0, 0, 0, 0, 0, 0, 0, 0, 0, 0, 0, 0, 0.00062535173, 0.00074188627, 0.0008555168, 0.0011212784, 0.0013903184, 0.0015203307, 0.0017713015, 0.002013232, 0.0021318593, 0.002365391, 0.0025940174, 0.0028169341, 0.002925804, 0.0031375287, 0.0033403619, 0.0034382895, 0.0036272306, 0.0038075165, 0.003980205, 0.004063947, 0.004226615, 0.004382816, 0.004458299, 0.0046034865, 0.0047398964, 0.0048044645, 0.004925677, 0.0050358837, 0.005135058, 0.0051805926, 0.005263905, 0.005337308, 0.0053703417, 0.0054293214, 0.0054787653, 0.0055186474, 0.005534999, 0.005560445, 0.005576252, 0.005580474, 0.005581589, 0.005572906, 0.0055647665, 0.0055405633, 0.005505132, 0.005457825, 0.0054295473, 0.0053640464, 0.0052865515, 0.0052434145, 0.005148678, 0.0050427774, 0.0049256464, 0.004862824, 0.004728214, 0.004581315, 0.0045030736, 0.0043366374, 0.004156933, 0.004062207, 0.0038635263, 0.0036535691, 0.0034337249, 0.0033206171, 0.0030887888, 0.0028502499, 0.002728489, 0.00247979, 0.0022229583, 0.001956688, 0.0018191274, 0.0015336558, 0.001232843, 0.001077811, 0.0007750614, 0.00054990646
0, 0, 0, 0, 0, 0, 0, 0, 0, 0, 0, 0, 0, 0, 0, 0, 0, 0, 0, 0, 0, 0, 0, 0, 0, 0, 0, 0, 0, 0, 0, 0, 0, 0, 0, 0, 0, 0, 0, 0, 0, 0, 0, 0, 0, 0, 0, 0, 0, 0, 0, 0, 0, 0, 0, 0, 0, 0, 0, 0, 0, 0, 0, 0, 0, 0, 0, 0, 0, 0, 0, 0, 0, 0, 0.00035867476, 0.0004928304, 0.00061126, 0.0008772701, 0.001140415, 0.0012666119, 0.0015094971, 0.0017430092, 0.0018571852, 0.0020809441, 0.0022983043, 0.002508159, 0.00260998, 0.0028069455, 0.0029952035, 0.0030862475, 0.0032629273, 0.0034332282, 0.0035978756, 0.00367815, 0.0038342292, 0.0039834967, 0.0040551596, 0.004191856, 0.0043188967, 0.0043786033, 0.0044903103, 0.0045921966, 0.004685014, 0.004728344, 0.0048090536, 0.004881833, 0.004915065, 0.004974885, 0.0050251754, 0.00506588, 0.005082672, 0.0051093516, 0.005126932, 0.005132288, 0.0051359087, 0.005129451, 0.0051221754, 0.0050991396, 0.005064188, 0.005017076, 0.0049890233, 0.0049244743, 0.0048497664, 0.0048089246, 0.0047207098, 0.004623811, 0.0045173774, 0.0044602496, 0.0043370584, 0.004200939, 0.0041278005, 0.0039711795, 0.0038014674, 0.003712051, 0.0035253917, 0.0033298752, 0.0031269442, 0.0030230978, 0.0028107564, 0.002591838, 0.0024796196, 0.0022487114, 0.002008124, 0.0017565477, 0.0016261742, 0.0013552256, 0.00106995, 0.00092304905, 0.00063482934, 0.0004147177
0, 0, 0, 0, 0, 0, 0, 0, 0, 0, 0, 0, 0, 0, 0, 0, 0, 0, 0, 0, 0, 0, 0, 0, 0, 0, 0, 0, 0, 0, 0, 0, 0, 0, 0, 0, 0, 0, 0, 0, 0, 0, 0, 0, 0, 0, 0, 0, 0, 0, 0, 0, 0, 0, 0, 0, 0, 0, 0, 0, 0, 0, 0, 0, 0, 0, 0, 0, 0, 0, 0, 0, 0, 0, 0.00018437018, 0.0003159545, 0.00042596235, 0.0006700388, 0.00091117417, 0.0010271776, 0.0012510766, 0.0014666729, 0.0015719855, 0.0017779309, 0.0019770975, 0.0021687848, 0.0022617355, 0.0024420319, 0.0026156139, 0.0027002543, 0.002866269, 0.003028361, 0.0031864832, 0.0032638086, 0.0034138744, 0.0035561821, 0.0036238015, 0.0037512796, 0.0038679147, 0.0039222497, 0.004023629, 0.0041165766, 0.004202651, 0.004243494, 0.0043210452, 0.004392492, 0.0044254703, 0.0044850763, 0.004534998, 0.0045749433, 0.004591282, 0.00461718, 0.00463441, 0.0046398486, 0.0046441415, 0.0046390016, 0.004632603, 0.004611605, 0.0045790835, 0.004534746, 0.00450834, 0.0044474932, 0.0043773814, 0.004339177, 0.0042570136, 0.00416727, 0.004068988, 0.0040162117, 0.0039022914, 0.0037761307, 0.0037082175, 0.003562753, 0.0034053095, 0.0033225394, 0.0031504144, 0.0029710247, 0.0027857947, 0.0026911846, 0.0024978155, 0.002298175, 0.0021956202, 0.0019841986, 0.0017635628, 0.0015325235, 0.0014129526, 0.0011644667, 0.00090249465, 0.00076705636, 0.0004982543, 0.0002852231
0, 0, 0, 0, 0, 0, 0, 0, 0, 0, 0, 0, 0, 0, 0, 0, 0, 0, 0, 0, 0, 0, 0, 0, 0, 0, 0, 0, 0, 0, 0, 0, 0, 0, 0, 0, 0, 0, 0, 0, 0, 0, 0, 0, 0, 0, 0, 0, 0, 0, 0, 0, 0, 0, 0, 0, 0, 0, 0, 0, 0, 0, 0, 0, 0, 0, 0, 0, 0, 0, 0, 0, 0, 0, 2.9858275e-05, 0.00016017591, 0.00026097664, 0.00047832003, 0.0006910557, 0.00079371955, 0.0009929292, 0.001185904, 0.0012804026, 0.0014652658, 0.0016442026, 0.0018167485, 0.0019007506, 0.002064512, 0.0022235676, 0.0023017498, 0.0024560709, 0.002607781, 0.0027563288, 0.0028289158, 0.0029692375, 0.0031011691, 0.0031633596, 0.003279506, 0.0033847562, 0.0034336573, 0.0035250222, 0.0036095541, 0.003689041, 0.0037271574, 0.0038000848, 0.0038676746, 0.0038988942, 0.003954993, 0.004001384, 0.0040375968, 0.004052164, 0.0040746354, 0.004089161, 0.004093689, 0.004097302, 0.0040932675, 0.0040881014, 0.004070743, 0.0040431656, 0.0040047555, 0.0039815437, 0.003927309, 0.0038637202, 0.0038286839, 0.003752775, 0.0036693173, 0.0035778603, 0.003528861, 0.003423875, 0.0033086878, 0.0032471428, 0.0031160503, 0.0029747735, 0.0029006891, 0.0027462894, 0.0025846835, 0.0024168848, 0.00233075, 0.0021540713, 0.001971288, 0.0018775512, 0.0016852017, 0.0014861166, 0.0012797468, 0.0011735761, 0.0009537368, 0.00072156114, 0.00060053915, 0.0003559008, 0.00015231811
0, 0, 0, 0, 0, 0, 0, 0, 0, 0, 0, 0, 0, 0, 0, 0, 0, 0, 0, 0, 0, 0, 0, 0, 0, 0, 0, 0, 0, 0, 0, 0, 0, 0, 0, 0, 0, 0, 0, 0, 0, 0, 0, 0, 0, 0, 0, 0, 0, 0, 0, 0, 0, 0, 0, 0, 0, 0, 0, 0, 0, 0, 0, 0, 0, 0, 0, 0, 0, 0, 0, 0, 0, 0, -0.00013079407, -1.2315724e-07, 9.276832e-05, 0.00028518002, 0.00047003402, 0.0005592851, 0.00073346595, 0.00090360263, 0.0009872947, 0.0011515901, 0.0013110887, 0.0014654468, 0.001540639, 0.001687527, 0.0018303402, 0.0019004776, 0.0020384856, 0.00217369, 0.0023053712, 0.002369477, 0.0024930337, 0.0026089237, 0.0026635001, 0.0027657107, 0.0028590285, 0.002902749, 0.0029854388, 0.0030630133, 0.0031365033, 0.003171788, 0.0032389718, 0.0033004386, 0.0033285357, 0.003378442, 0.0034191248, 0.003450304, 0.0034625095, 0.0034810426, 0.0034927172, 0.0034963717, 0.0034996402, 0.0034972767, 0.0034936992, 0.0034810118, 0.0034597653, 0.0034288364, 0.0034095994, 0.003363463, 0.003307621, 0.0032763262, 0.0032074167, 0.003130603, 0.0030463485, 0.0030015493, 0.002906602, 0.0028043946, 0.0027505425, 0.0026370017, 0.0025155223, 0.0024517798, 0.0023180204, 0.002176051, 0.002026069, 0.0019482377, 0.00178712, 0.001619758, 0.0015341755, 0.001359893, 0.0011821934, 0.0010010669, 0.0009088189, 0.00071911386, 0.0005187135, 0.0004132732, 0.0001952926, 2.6609105e-06
0, 0, 0, 0, 0, 0, 0, 0, 0, 0, 0, 0, 0, 0, 0, 0, 0, 0, 0, 0, 0, 0, 0, 0, 0, 0, 0, 0, 0, 0, 0, 0, 0, 0, 0, 0, 0, 0, 0, 0, 0, 0, 0, 0, 0, 0, 0, 0, 0, 0, 0, 0, 0, 0, 0, 0, 0, 0, 0, 0, 0, 0, 0, 0, 0, 0, 0, 0, 0, 0, 0, 0, 0, 0, -0.0002966246, -0.0001646998, -7.881674e-05, 9.078752e-05, 0.00024922893, 0.00032544567, 0.00047474925, 0.0006216851, 0.00069428724, 0.00083725917, 0.0009764669, 0.0011110553, 0.0011764296, 0.0013034653, 0.0014257134, 0.0014851904, 0.0016009529, 0.0017127492, 0.001820414, 0.0018726166, 0.0019733869, 0.0020688146, 0.0021143614, 0.0022012605, 0.0022829003, 0.002321962, 0.0023972518, 0.0024689487, 0.0025369353, 0.0025693204, 0.0026301998, 0.0026848926, 0.0027095862, 0.0027532221, 0.0027887612, 0.0028163404, 0.0028272902, 0.0028440438, 0.002855186, 0.0028589582, 0.0028632537, 0.0028631655, 0.002861214, 0.002852716, 0.002837002, 0.0028128, 0.0027972374, 0.0027590632, 0.002711525, 0.002684327, 0.0026234712, 0.002554723, 0.0024792955, 0.0024394216, 0.0023559004, 0.0022677365, 0.00222192, 0.0021266146, 0.0020255067, 0.0019723666, 0.0018601905, 0.001739226, 0.0016090607, 0.0015405942, 0.0013976431, 0.0012482583, 0.0011718846, 0.0010172817, 0.0008613408, 0.0007045936, 0.00062550383, 0.0004641063, 0.00029387517, 0.00020350795, 1.18517655e-05, -0.0001699301
0, 0, 0, 0, 0, 0, 0, 0, 0, 0, 0, 0, 0, 0, 0, 0, 0, 0, 0, 0, 0, 0, 0, 0, 0, 0, 0, 0, 0, 0, 0, 0, 0, 0, 0, 0, 0, 0, 0, 0, 0, 0, 0, 0, 0, 0, 0, 0, 0, 0, 0, 0, 0, 0, 0, 0, 0, 0, 0, 0, 0, 0, 0, 0, 0, 0, 0, 0, 0, 0, 0, 0, 0, 0, -0.00045888804, -0.000325145, -0.0002460151, -9.894011e-05, 3.2468037e-05, 9.4783056e-05, 0.00021641568, 0.00033618888, 0.00039549565, 0.0005123476, 0.0006260812, 0.00073556276, 0.00078849273, 0.0008905043, 0.0009873875, 0.0010339774, 0.0011236205, 0.0012089614, 0.0012904017, 0.0013299104, 0.0014068813, 0.0014816908, 0.0015184225, 0.0015906804, 0.0016613755, 0.0016960177, 0.0017638602, 0.0018290086, 0.0018904692, 0.0019195538, 0.001973563, 0.0020216943, 0.0020434503, 0.002082265, 0.0021148804, 0.0021415444, 0.0021526825, 0.0021708251, 0.0021840297, 0.0021888374, 0.0021951941, 0.0021970815, 0.0021961683, 0.0021900774, 0.0021776953, 0.00215843, 0.0021459374, 0.0021150964, 0.002076099, 0.002053448, 0.0020022928, 0.0019437918, 0.0018792213, 0.0018450131, 0.0017735936, 0.0016988217, 0.001660242, 0.0015805641, 0.0014968051, 0.0014529831, 0.0013605875, 0.0012607884, 0.0011528281, 0.0010958319, 0.0009765402, 0.00085160893, 0.0007876657, 0.0006581162, 0.00052748894, 0.00039633136, 0.00033028, 0.00019576192, 5.384161e-05, -2.2319318e-05, -0.00018905294, -0.0003609396
0, 0, 0, 0, 0, 0, 0, 0, 0, 0, 0, 0, 0, 0, 0, 0, 0, 0, 0, 0, 0, 0, 0, 0, 0, 0, 0, 0, 0, 0, 0, 0, 0, 0, 0, 0, 0, 0, 0, 0, 0, 0, 0, 0, 0, 0, 0, 0, 0, 0, 0, 0, 0, 0, 0, 0, 0, 0, 0, 0, 0, 0, 0, 0, 0, 0, 0, 0, 0, 0, 0, 0, 0, 0, -0.00077666726, -0.0006401649, -0.00057618157, -0.00048090407, -0.0004142078, -0.00038611537, -0.00033456617, -0.00028618262, -0.0002627359, -0.00021694187, -0.00017255386, -0.00012945925, -0.00010836598, -6.677586e-05, -2.5648265e-05, -5.1524567e-06, 3.5929857e-05, 7.719327e-05, 0.00011895664, 0.00014010037, 0.00018313293, 0.00022749968, 0.00025021602, 0.00029645945, 0.0003429283, 0.00036593346, 0.00041048488, 0.00045267234, 0.00049206713, 0.0005106951, 0.00054605195, 0.0005789911, 0.00059469417, 0.00062458013, 0.0006523068, 0.00067746436, 0.0006888695, 0.00070904795, 0.00072484085, 0.0007309398, 0.00073926296, 0.0007422798, 0.0007419392, 0.000738039, 0.00073051575, 0.0007199117, 0.000713498, 0.0006982067, 0.00067899196, 0.00066773687, 0.0006412954, 0.00060948037, 0.00057213515, 0.0005514178, 0.000506219, 0.00045646584, 0.0004301113, 0.00037491237, 0.00031693483, 0.00028718996, 0.00022663295, 0.000165356, 0.00010414557, 7.372799e-05, 1.3312676e-05, -4.6798476e-05, -7.6976765e-05, -0.00013819885, -0.00020131252, -0.0002672691, -0.00030147162, -0.00037323494, -0.0004529121, -0.00049862935, -0.0006127333, -0.0007649519
0, 0, 0, 0, 0, 0, 0, 0, 0, 0, 0, 0, 0, 0, 0, 0, 0, 0, 0, 0, 0, 0, 0, 0, 0, 0, 0, 0, 0, 0, 0, 0, 0, 0, 0, 0, 0, 0, 0, 0, 0, 0, 0, 0, 0, 0, 0, 0, 0, 0, 0, 0, 0, 0, 0, 0, 0, 0, 0, 0, 0, 0, 0, 0, 0, 0, 0, 0, 0, 0, 0, 0, 0, 0, -0.00095116044, -0.0008151863, -0.00076104136, -0.00069723127, -0.0006684123, -0.0006598417, -0.0006473667, -0.00063746906, -0.00063297345, -0.00062437047, -0.0006157306, -0.00060630206, -0.00060101657, -0.0005887811, -0.00057360297, -0.0005647767, -0.00054447405, -0.0005207841, -0.0004940706, -0.00047981757, -0.0004499618, -0.0004190021, -0.00040329585, -0.00037210435, -0.0003417514, -0.00032708308, -0.0002990614, -0.00027270505, -0.00024753367, -0.00023530147, -0.00021113743, -0.00018719645, -0.00017534567, -0.000152105, -0.00012993741, -0.00010960466, -0.00010035243, -8.4143416e-05, -7.1273476e-05, -6.6237975e-05, -5.8887672e-05, -5.4971526e-05, -5.4143242e-05, -5.4297576e-05, -5.6327193e-05, -6.0113987e-05, -6.257368e-05, -6.901932e-05, -7.798555e-05, -8.359833e-05, -9.7420925e-05, -0.000115289906, -0.00013765076, -0.00015061744, -0.00018008782, -0.00021406806, -0.00023251942, -0.00027195897, -0.00031395504, -0.00033552438, -0.00037863824, -0.00042044854, -0.00045918763, -0.00047710145, -0.0005097374, -0.0005388267, -0.0005524208, -0.0005787238, -0.0006055564, -0.000634093, -0.0006493393, -0.00068272307, -0.00072387187, -0.00075092685, -0.00083317887, -0.0009727297
0, 0, 0, 0, 0, 0, 0, 0, 0, 0, 0, 0, 0, 0, 0, 0, 0, 0, 0, 0, 0, 0, 0, 0, 0, 0, 0, 0, 0, 0, 0, 0, 0, 0, 0, 0, 0, 0, 0, 0, 0, 0, 0, 0, 0, 0, 0, 0, 0, 0, 0, 0, 0, 0, 0, 0, 0, 0, 0, 0, 0, 0, 0, 0, 0, 0, 0, 0, 0, 0, 0, 0, 0, 0, -0.001142794, -0.0010092239, -0.00096707005, -0.00093927665, -0.00095130905, -0.0009628719, -0.000988815, -0.0010146785, -0.0010271156, -0.0010510104, -0.0010733242, -0.0010932855, -0.0011020665, -0.0011167335, -0.0011266347, -0.0011295554, -0.0011311255, -0.0011272251, -0.0011185848, -0.0011129129, -0.0010998884, -0.0010858125, -0.0010788102, -0.0010655029, -0.0010532718, -0.0010475299, -0.0010362958, -0.0010247754, -0.0010123105, -0.001005603, -0.0009911683, -0.00097547076, -0.00096739375, -0.0009514787, -0.0009364693, -0.00092321285, -0.00091735565, -0.0009071939, -0.00089869334, -0.00089489226, -0.0008879521, -0.0008813763, -0.00087815453, -0.0008719581, -0.00086636265, -0.0008619672, -0.000860345, -0.0008585752, -0.0008589432, -0.0008599717, -0.000863596, -0.0008694445, -0.00087762193, -0.00088264985, -0.00089466356, -0.00090920797, -0.0009173894, -0.00093542266, -0.00095510366, -0.0009653553, -0.0009857374, -0.0010045497, -0.0010199952, -0.0010260355, -0.0010341993, -0.0010372705, -0.0010371333, -0.0010341916, -0.0010287798, -0.0010219133, -0.0010182431, -0.0010114372, -0.0010104334, -0.0010166602, -0.0010629348, -0.001187209
0, 0, 0, 0, 0, 0, 0, 0, 0, 0, 0, 0, 0, 0, 0, 0, 0, 0, 0, 0, 0, 0, 0, 0, 0, 0, 0, 0, 0, 0, 0, 0, 0, 0, 0, 0, 0, 0, 0, 0, 0, 0, 0, 0, 0, 0, 0, 0, 0, 0, 0, 0, 0, 0, 0, 0, 0, 0, 0, 0, 0, 0, 0, 0, 0, 0, 0, 0, 0, 0, 0, 0, 0, 0, -0.0013458803, -0.0012176716, -0.0011903569, -0.0012044164, -0.0012608757, -0.0012932431, -0.00135673, -0.0014153527, -0.0014427432, -0.0014944217, -0.001542822, -0.0015880418, -0.0016093537, -0.0016488896, -0.0016835836, -0.0016988339, -0.0017246364, -0.001744371, -0.0017585744, -0.0017639442, -0.0017722994, -0.0017787449, -0.0017816483, -0.0017873113, -0.0017925007, -0.0017947189, -0.0017976798, -0.0017979024, -0.0017950499, -0.0017924391, -0.0017853427, -0.0017765241, -0.0017718169, -0.0017627773, -0.0017548625, -0.0017485743, -0.0017458807, -0.001740824, -0.0017352251, -0.0017318064, -0.0017233376, -0.0017125438, -0.0017063752, -0.0016931825, -0.0016800922, -0.001668285, -0.0016631924, -0.0016549249, -0.0016489066, -0.0016465345, -0.0016425124, -0.0016388078, -0.0016347046, -0.0016323784, -0.0016270658, -0.0016207459, -0.0016173935, -0.0016104059, -0.0016032117, -0.0015995387, -0.0015919962, -0.0015833387, -0.0015727452, -0.001566312, -0.0015506442, -0.0015305653, -0.0015187243, -0.001491181, -0.0014580948, -0.0014192844, -0.001397835, -0.0013518293, -0.0013080107, -0.0012926371, -0.0013009543, -0.0014084999
0, 0, 0, 0, 0, 0, 0, 0, 0, 0, 0, 0, 0, 0, 0, 0, 0, 0, 0, 0, 0, 0, 0, 0, 0, 0, 0, 0, 0, 0, 0, 0, 0, 0, 0, 0, 0, 0, 0, 0, 0, 0, 0, 0, 0, 0, 0, 0, 0, 0, 0, 0, 0, 0, 0, 0, 0, 0, 0, 0, 0, 0, 0, 0, 0, 0, 0, 0, 0, 0, 0, 0, 0, 0, -0.0015581152, -0.0014410245, -0.0014325787, -0.0014941053, -0.0015969372, -0.0016501517, -0.0017504314, -0.0018401272, -0.0018814706, -0.001958641, -0.0020304353, -0.0020982209, -0.002130814, -0.00219308, -0.002250922, -0.0022779587, -0.002327777, -0.0023717703, -0.0024099858, -0.0024270983, -0.002457911, -0.0024850527, -0.0024974989, -0.0025202595, -0.0025400792, -0.0025486648, -0.0025626654, -0.0025721577, -0.0025772487, -0.00257831, -0.002578193, -0.0025763502, -0.0025751789, -0.00257296, -0.0025714948, -0.0025704114, -0.0025697122, -0.0025670927, -0.0025617005, -0.0025576414, -0.0025464531, -0.0025316959, -0.0025233186, -0.0025054459, -0.0024875149, -0.0024708367, -0.0024633128, -0.0024498764, -0.0024381285, -0.0024325948, -0.0024213549, -0.002408842, -0.002393911, -0.0023851343, -0.0023645451, -0.0023397019, -0.0023257616, -0.002295181, -0.0022615304, -0.0022437028, -0.0022066596, -0.0021680614, -0.0021281997, -0.0021077376, -0.0020653903, -0.0020202915, -0.0019961782, -0.001943642, -0.0018835686, -0.0018141709, -0.0017757196, -0.0016922626, -0.0016071335, -0.0015707322, -0.0015418929, -0.0016330922
0, 0, 0, 0, 0, 0, 0, 0, 0, 0, 0, 0, 0, 0, 0, 0, 0, 0, 0, 0, 0, 0, 0, 0, 0, 0, 0, 0, 0, 0, 0, 0, 0, 0, 0, 0, 0, 0, 0, 0, 0, 0, 0, 0, 0, 0, 0, 0, 0, 0, 0, 0, 0, 0, 0, 0, 0, 0, 0, 0, 0, 0, 0, 0, 0, 0, 0, 0, 0, 0, 0, 0, 0, 0, -0.0018097868, -0.0017099686, -0.0017202699, -0.0018235067, -0.0019652764, -0.0020361876, -0.0021686868, -0.002287033, -0.0023415284, -0.0024430486, -0.0025369993, -0.0026254538, -0.0026679337, -0.0027494866, -0.0028263903, -0.0028629673, -0.002932146, -0.002995864, -0.0030539804, -0.003080898, -0.0031305845, -0.0031749886, -0.0031952995, -0.00323204, -0.0032638393, -0.0032778275, -0.0033019173, -0.00332108, -0.0033358226, -0.0033417922, -0.0033515785, -0.0033593725, -0.003362805, -0.003368909, -0.0033738946, -0.0033769463, -0.0033774097, -0.0033755456, -0.0033693924, -0.0033646354, -0.0033520819, -0.0033363125, -0.0033276044, -0.0033092557, -0.0032904223, -0.003271629, -0.0032622882, -0.0032434943, -0.0032241126, -0.0032140696, -0.0031927375, -0.0031691224, -0.0031423902, -0.0031274196, -0.0030937453, -0.0030544526, -0.003032497, -0.0029838106, -0.002928858, -0.0028991008, -0.002835716, -0.0027682818, -0.002698008, -0.0026622093, -0.0025894071, -0.0025143, -0.0024753164, -0.0023929277, -0.0023021665, -0.0022002927, -0.0021445535, -0.0020243821, -0.0018999509, -0.0018437798, -0.0017803936, -0.001857205
0, 0, 0, 0, 0, 0, 0, 0, 0, 0, 0, 0, 0, 0, 0, 0, 0, 0, 0, 0, 0, 0, 0, 0, 0, 0, 0, 0, 0, 0, 0, 0, 0, 0, 0, 0, 0, 0, 0, 0, 0, 0, 0, 0, 0, 0, 0, 0, 0, 0, 0, 0, 0, 0, 0, 0, 0, 0, 0, 0, 0, 0, 0, 0, 0, 0, 0, 0, 0, 0, 0, 0, 0, 0, -0.002230079, -0.0021003678, -0.0021021538, -0.002207524, -0.0023645852, -0.002445345, -0.002599678, -0.0027410698, -0.0028069937, -0.002930653, -0.0030449284, -0.0031515108, -0.0032022344, -0.0032989262, -0.003389687, -0.0034328997, -0.0035153606, -0.003592601, -0.0036646507, -0.003698652, -0.0037623644, -0.0038202545, -0.0038469578, -0.003895967, -0.0039393236, -0.0039590676, -0.0039949934, -0.0040267655, -0.0040550637, -0.00406806, -0.004092056, -0.0041132886, -0.0041228468, -0.0041395067, -0.004152149, -0.0041599763, -0.00416189, -0.004161768, -0.0041567846, -0.004152808, -0.004142533, -0.0041300394, -0.0041232053, -0.004108258, -0.004091461, -0.0040718094, -0.004060573, -0.00403495, -0.0040048845, -0.003988264, -0.0039523807, -0.00391341, -0.0038716488, -0.0038496796, -0.0038029475, -0.0037515268, -0.00372354, -0.0036618353, -0.0035915256, -0.0035528818, -0.0034687915, -0.0033766606, -0.0032782552, -0.0032272965, -0.0031225174, -0.0030138337, -0.002957705, -0.002840716, -0.002715165, -0.0025780683, -0.0025044568, -0.0023475976, -0.0021854984, -0.0021107406, -0.0020153031, -0.0020797267
0, 0, 0, 0, 0, 0, 0, 0, 0, 0, 0, 0, 0, 0, 0, 0, 0, 0, 0, 0, 0, 0, 0, 0, 0, 0, 0, 0, 0, 0, 0, 0, 0, 0, 0, 0, 0, 0, 0, 0, 0, 0, 0, 0, 0, 0, 0, 0, 0, 0, 0, 0, 0, 0, 0, 0, 0, 0, 0, 0, 0, 0, 0, 0, 0, 0, 0, 0, 0, 0, 0, 0, 0, 0, -0.0032532199, -0.0026228765, -0.0025512974, -0.0026083556, -0.0027607551, -0.0028450596, -0.0030120227, -0.003170246, -0.0032453951, -0.0033876766, -0.003519581, -0.0036418492, -0.0036995725, -0.0038088006, -0.0039106472, -0.0039591664, -0.0040521626, -0.0041404217, -0.0042240783, -0.0042641135, -0.0043403953, -0.004411257, -0.004444544, -0.004506879, -0.004563871, -0.0045905667, -0.0046410756, -0.0046883677, -0.00473301, -0.0047543743, -0.004794752, -0.0048313444, -0.0048478507, -0.0048763384, -0.004898083, -0.0049125953, -0.0049171844, -0.004921798, -0.004921627, -0.004920304, -0.0049160495, -0.004909906, -0.0049060322, -0.0048959632, -0.004881399, -0.004860377, -0.004846885, -0.004813293, -0.00477113, -0.004747162, -0.0046946625, -0.004637958, -0.0045787077, -0.004548477, -0.0044865315, -0.0044215634, -0.0043871943, -0.0043129623, -0.0042292858, -0.0041833078, -0.0040825363, -0.003970444, -0.0038483504, -0.0037840796, -0.0036500087, -0.0035091287, -0.0034361277, -0.0032844276, -0.0031235837, -0.0029510828, -0.0028597226, -0.0026668138, -0.002468252, -0.002375712, -0.0022496793, -0.002302775
0, 0, 0, 0, 0, 0, 0, 0, 0, 0, 0, 0, 0, 0, 0, 0, 0, 0, 0, 0, 0, 0, 0, 0, 0, 0, 0, 0, 0, 0, 0, 0, 0, 0, 0, 0, 0, 0, 0, 0, 0, 0, 0, 0, 0, 0, 0, 0, 0, 0, 0, 0, 0, 0, 0, 0, 0, 0, 0, 0, 0, 0, 0, 0, 0, 0, 0, 0, 0, 0, 0, 0, 0, 0, -0.0031749525, -0.0028492794, -0.0028219412, -0.0029162518, -0.0030871206, -0.0031790514, -0.00336117, -0.003535316, -0.003618737, -0.0037776772, -0.003925897, -0.00406349, -0.0041284203, -0.0042514387, -0.004366656, -0.004421919, -0.0045288014, -0.004631523, -0.00473038, -0.0047782385, -0.0048704944, -0.004957549, -0.0049990527, -0.0050778124, -0.0051511256, -0.0051859263, -0.005252543, -0.00531584, -0.0053762086, -0.005405297, -0.0054605966, -0.0055107838, -0.005533531, -0.005573313, -0.005604859, -0.0056279846, -0.0056366916, -0.005649273, -0.005657123, -0.0056597455, -0.005662891, -0.005663024, -0.0056615793, -0.005654651, -0.005640367, -0.0056166076, -0.005600668, -0.0055601024, -0.0055081774, -0.005478406, -0.0054126927, -0.0053410307, -0.005265632, -0.005226988, -0.005147976, -0.0050656465, -0.0050226892, -0.004931477, -0.0048310007, -0.0047767083, -0.0046591405, -0.004529348, -0.004387729, -0.004312722, -0.004154941, -0.0039875247, -0.0039003093, -0.0037186497, -0.0035263493, -0.0033212649, -0.0032132617, -0.0029861885, -0.0027524512, -0.0026425237, -0.002486384, -0.0025281785
0, 0, 0, 0, 0, 0, 0, 0, 0, 0, 0, 0, 0, 0, 0, 0, 0, 0, 0, 0, 0, 0, 0, 0, 0, 0, 0, 0, 0, 0, 0, 0, 0, 0, 0, 0, 0, 0, 0, 0, 0, 0, 0, 0, 0, 0, 0, 0, 0, 0, 0, 0, 0, 0, 0, 0, 0, 0, 0, 0, 0, 0, 0, 0, 0, 0, 0, 0, 0, 0, 0, 0, 0, 0, -0.002991436, -0.002872348, -0.0029100217, -0.0030834388, -0.003298318, -0.0034059866, -0.0036132701, -0.0038083494, -0.0039015214, -0.0040793787, -0.004246243, -0.0044024615, -0.004476795, -0.0046189716, -0.004754045, -0.004819582, -0.004947513, -0.0050718263, -0.005192444, -0.005251131, -0.005364652, -0.0054722717, -0.0055237054, -0.0056214603, -0.0057125855, -0.0057557803, -0.0058379313, -0.0059154155, -0.0059886375, -0.006023692, -0.006090079, -0.0061504976, -0.0061781397, -0.0062276707, -0.006269101, -0.006302508, -0.006316457, -0.0063394257, -0.0063568135, -0.0063636173, -0.0063734385, -0.006377648, -0.006377113, -0.00637001, -0.006353471, -0.0063260533, -0.0063079707, -0.0062629976, -0.006206502, -0.006174256, -0.0061027748, -0.006023314, -0.0059370464, -0.0058915485, -0.0057960036, -0.005693831, -0.005640095, -0.0055265194, -0.0054039154, -0.0053389766, -0.005201419, -0.005053023, -0.004893528, -0.0048094937, -0.004632816, -0.004444528, -0.0043460345, -0.0041400986, -0.003921129, -0.0036871952, -0.0035638993, -0.0033046238, -0.0030366676, -0.0029095367, -0.0027233793, -0.0027535327
0, 0, 0, 0, 0, 0, 0, 0, 0, 0, 0, 0, 0, 0, 0, 0, 0, 0, 0, 0, 0, 0, 0, 0, 0, 0, 0, 0, 0, 0, 0, 0, 0, 0, 0, 0, 0, 0, 0, 0, 0, 0, 0, 0, 0, 0, 0, 0, 0, 0, 0, 0, 0, 0, 0, 0, 0, 0, 0, 0, 0, 0, 0, 0, 0, 0, 0, 0, 0, 0, 0, 0, 0, 0, -0.0028654065, -0.002828886, -0.002903878, -0.0031378707, -0.0033985246, -0.003525219, -0.0037651558, -0.0039880844, -0.0040940633, -0.0042965626, -0.004487698, -0.0046687033, -0.0047558188, -0.0049241735, -0.005086201, -0.0051653474, -0.0053205243, -0.0054716566, -0.005618195, -0.005689415, -0.005826747, -0.005956716, -0.0060185418, -0.0061358097, -0.0062445477, -0.006295836, -0.006392641, -0.006482892, -0.0065671904, -0.0066071935, -0.006682701, -0.006751861, -0.006783981, -0.0068430468, -0.006895184, -0.0069403555, -0.0069603063, -0.0069949287, -0.0070222896, -0.0070330584, -0.007048444, -0.007054678, -0.0070540574, -0.0070447912, -0.0070246896, -0.0069935857, -0.0069740103, -0.0069271317, -0.006870403, -0.00683844, -0.0067672874, -0.0066862437, -0.0065944977, -0.006544367, -0.006435348, -0.0063145845, -0.0062499437, -0.006112804, -0.0059659514, -0.005889137, -0.0057289237, -0.00555995, -0.0053815916, -0.005288528, -0.0050938064, -0.0048866645, -0.004778109, -0.0045502125, -0.004306629, -0.004045291, -0.0039072637, -0.0036163493, -0.0033144893, -0.003170267, -0.0029541384, -0.0029724764
0, 0, 0, 0, 0, 0, 0, 0, 0, 0, 0, 0, 0, 0, 0, 0, 0, 0, 0, 0, 0, 0, 0, 0, 0, 0, 0, 0, 0, 0, 0, 0, 0, 0, 0, 0, 0, 0, 0, 0, 0, 0, 0, 0, 0, 0, 0, 0, 0, 0, 0, 0, 0, 0, 0, 0, 0, 0, 0, 0, 0, 0, 0, 0, 0, 0, 0, 0, 0, 0, 0, 0, 0, 0, -0.002783819, -0.0027731536, -0.0028632018, -0.0031298273, -0.0034254922, -0.0035697955, -0.0038441524, -0.0040997136, -0.0042214002, -0.0044546206, -0.004676155, -0.004887896, -0.004990568, -0.005190069, -0.00538274, -0.005476791, -0.0056606117, -0.0058385246, -0.006009785, -0.0060926094, -0.006251922, -0.006402182, -0.0064736484, -0.006609289, -0.0067351963, -0.0067947037, -0.006907192, -0.0070117884, -0.0071092555, -0.007155405, -0.0072425865, -0.0073231133, -0.007360914, -0.0074317064, -0.0074962266, -0.0075542363, -0.0075804833, -0.007626842, -0.0076639047, -0.0076785483, -0.007699271, -0.0077077104, -0.0077072256, -0.0076968432, -0.0076743225, -0.0076406975, -0.0076201656, -0.0075721466, -0.007515344, -0.0074836174, -0.007412704, -0.007330302, -0.007234202, -0.0071805017, -0.0070611825, -0.006926098, -0.0068529937, -0.0066969316, -0.006529337, -0.006441794, -0.0062600886, -0.006069966, -0.005870843, -0.0057675336, -0.0055522276, -0.005323872, -0.005204189, -0.004952624, -0.0046832, -0.004393314, -0.004240026, -0.0039166464, -0.0035804282, -0.0034189366, -0.003172843, -0.0031793325
0, 0, 0, 0, 0, 0, 0, 0, 0, 0, 0, 0, 0, 0, 0, 0, 0, 0, 0, 0, 0, 0, 0, 0, 0, 0, 0, 0, 0, 0, 0, 0, 0, 0, 0, 0, 0, 0, 0, 0, 0, 0, 0, 0, 0, 0, 0, 0, 0, 0, 0, 0, 0, 0, 0, 0, 0, 0, 0, 0, 0, 0, 0, 0, 0, 0, 0, 0, 0, 0, 0, 0, 0, 0, -0.0027234622, -0.0027216508, -0.0028185016, -0.0031048583, -0.0034276485, -0.0035874026, -0.003894628, -0.0041840235, -0.0043226113, -0.004589347, -0.0048441766, -0.0050889156, -0.0052077887, -0.0054389634, -0.0056613525, -0.005769323, -0.005978754, -0.006179418, -0.006370892, -0.006463106, -0.006640298, -0.0068077277, -0.0068878555, -0.0070410175, -0.007185033, -0.007253753, -0.0073849484, -0.007508064, -0.007623596, -0.007678429, -0.0077826013, -0.007879267, -0.0079248175, -0.008010463, -0.008088685, -0.008159114, -0.008191022, -0.008247521, -0.008293038, -0.008311258, -0.008337773, -0.008350454, -0.008351511, -0.00834324, -0.008321637, -0.008287854, -0.008266789, -0.008216732, -0.008156408, -0.008122279, -0.008045466, -0.0079558715, -0.0078515615, -0.007793464, -0.0076648067, -0.007519745, -0.007441257, -0.007273381, -0.0070921006, -0.006996823, -0.0067977738, -0.0065878257, -0.0063668964, -0.006252116, -0.0060129543, -0.0057595996, -0.005627064, -0.0053488803, -0.0050513265, -0.0047315406, -0.0045624995, -0.0042058267, -0.0038345666, -0.0036557035, -0.0033795547, -0.003374299
0, 0, 0, 0, 0, 0, 0, 0, 0, 0, 0, 0, 0, 0, 0, 0, 0, 0, 0, 0, 0, 0, 0, 0, 0, 0, 0, 0, 0, 0, 0, 0, 0, 0, 0, 0, 0, 0, 0, 0, 0, 0, 0, 0, 0, 0, 0, 0, 0, 0, 0, 0, 0, 0, 0, 0, 0, 0, 0, 0, 0, 0, 0, 0, 0, 0, 0, 0, 0, 0, 0, 0, 0, 0, -0.0026802311, -0.0026906184, -0.0027965603, -0.0031052418, -0.0034541895, -0.0036281247, -0.003964908, -0.004284857, -0.0044389074, -0.0047364463, -0.0050218874, -0.0052966876, -0.00543025, -0.005689419, -0.005937753, -0.006057605, -0.0062887496, -0.006508382, -0.006716911, -0.006817148, -0.0070101838, -0.007194036, -0.0072827805, -0.007454293, -0.0076181735, -0.0076972554, -0.007849682, -0.007994372, -0.0081310915, -0.00819635, -0.008320576, -0.008435984, -0.008490302, -0.00859158, -0.008682887, -0.008763499, -0.008799581, -0.008862923, -0.008914223, -0.008935148, -0.0089671165, -0.008985579, -0.008989652, -0.00898714, -0.008970341, -0.00893927, -0.008918326, -0.008865533, -0.008798165, -0.008758936, -0.008669702, -0.008566125, -0.008448343, -0.008384097, -0.008245003, -0.008091685, -0.008009581, -0.007834452, -0.007644365, -0.007543669, -0.007330778, -0.007102843, -0.006860158, -0.006733286, -0.0064684935, -0.0061883857, -0.0060422607, -0.00573662, -0.0054108384, -0.005061646, -0.0048771393, -0.004487973, -0.00408221, -0.0038861788, -0.0035803195, -0.003563339
0, 0, 0, 0, 0, 0, 0, 0, 0, 0, 0, 0, 0, 0, 0, 0, 0, 0, 0, 0, 0, 0, 0, 0, 0, 0, 0, 0, 0, 0, 0, 0, 0, 0, 0, 0, 0, 0, 0, 0, 0, 0, 0, 0, 0, 0, 0, 0, 0, 0, 0, 0, 0, 0, 0, 0, 0, 0, 0, 0, 0, 0, 0, 0, 0, 0, 0, 0, 0, 0, 0, 0, 0, 0, -0.0026765203, -0.0027153364, -0.0028379592, -0.0031775304, -0.0035529067, -0.003738849, -0.0040985476, -0.0044409437, -0.0046062362, -0.0049265064, -0.005235014, -0.005532849, -0.00567784, -0.0059594726, -0.006229307, -0.0063595152, -0.006610329, -0.0068483623, -0.007074465, -0.0071833874, -0.007394038, -0.007596156, -0.007694373, -0.007885535, -0.008069733, -0.008159152, -0.008332146, -0.008496946, -0.0086530335, -0.00872763, -0.008869701, -0.00900152, -0.009063305, -0.009177829, -0.009279256, -0.009366989, -0.009405662, -0.0094727, -0.00952657, -0.0095488215, -0.0095842695, -0.009607807, -0.009615019, -0.009619463, -0.009609482, -0.009583137, -0.009563144, -0.00950881, -0.009434493, -0.009389922, -0.009287075, -0.009167945, -0.0090349885, -0.008963916, -0.008813006, -0.008650349, -0.008564191, -0.008381102, -0.008181687, -0.008075246, -0.007848179, -0.0076020355, -0.00733751, -0.007198697, -0.006908804, -0.0066029527, -0.00644392, -0.0061126417, -0.0057610753, -0.0053849914, -0.0051863035, -0.0047667436, -0.004328388, -0.00411592, -0.0037812782, -0.0037525261
0, 0, 0, 0, 0, 0, 0, 0, 0, 0, 0, 0, 0, 0, 0, 0, 0, 0, 0, 0, 0, 0, 0, 0, 0, 0, 0, 0, 0, 0, 0, 0, 0, 0, 0, 0, 0, 0, 0, 0, 0, 0, 0, 0, 0, 0, 0, 0, 0, 0, 0, 0, 0, 0, 0, 0, 0, 0, 0, 0, 0, 0, 0, 0, 0, 0, 0, 0, 0, 0, 0, 0, 0, 0, -0.0027806847, -0.0028615808, -0.0030026925, -0.0033695865, -0.0037628757, -0.0039556455, -0.004327177, -0.0046805977, -0.004851524, -0.005183759, -0.005505299, -0.0058174604, -0.0059700888, -0.006268022, -0.0065553836, -0.006694743, -0.0069643655, -0.007221794, -0.0074677384, -0.0075867353, -0.007817531, -0.008039637, -0.008147723, -0.0083580455, -0.008560417, -0.008658425, -0.00884759, -0.009027049, -0.009196469, -0.0092773605, -0.009431112, -0.009573805, -0.009640558, -0.009764165, -0.009872991, -0.009966125, -0.010006703, -0.010076164, -0.010131119, -0.010153729, -0.0101901665, -0.010215759, -0.010224428, -0.01023292, -0.010227733, -0.0102053685, -0.010186756, -0.010132868, -0.010055532, -0.0100081805, -0.009897394, -0.00976818, -0.009623986, -0.009547097, -0.009384815, -0.009210795, -0.009118792, -0.008923146, -0.008709404, -0.008594907, -0.008349869, -0.008083181, -0.007796138, -0.0076456787, -0.00733211, -0.0070026447, -0.0068319594, -0.0064774966, -0.0061022993, -0.005701327, -0.0054894183, -0.0050414708, -0.0045723473, -0.0043443316, -0.003982196, -0.003941898
0, 0, 0, 0, 0, 0, 0, 0, 0, 0, 0, 0, 0, 0, 0, 0, 0, 0, 0, 0, 0, 0, 0, 0, 0, 0, 0, 0, 0, 0, 0, 0, 0, 0, 0, 0, 0, 0, 0, 0, 0, 0, 0, 0, 0, 0, 0, 0, 0, 0, 0, 0, 0, 0, 0, 0, 0, 0, 0, 0, 0, 0, 0, 0, 0, 0, 0, 0, 0, 0, 0, 0, 0, 0, -0.0031611763, -0.003214604, -0.0033477235, -0.0037071467, -0.0040976508, -0.0042897607, -0.004660781, -0.0050148107, -0.005186484, -0.0055211782, -0.005846937, -0.006165209, -0.006321822, -0.006629837, -0.006930001, -0.0070767766, -0.007362876, -0.007638585, -0.007903831, -0.008032552, -0.00828265, -0.008523133, -0.008639845, -0.00886601, -0.009082193, -0.00918633, -0.0093863215, -0.009574972, -0.009752263, -0.009836667, -0.009996995, -0.010145922, -0.010215763, -0.01034552, -0.010460591, -0.010559683, -0.010602882, -0.010676572, -0.01073405, -0.0107572405, -0.010793543, -0.010817803, -0.0108256675, -0.010832614, -0.010826207, -0.010803507, -0.010785016, -0.010731862, -0.010655534, -0.010608613, -0.010497871, -0.010366705, -0.010217919, -0.010137644, -0.009965989, -0.009779241, -0.0096797235, -0.009467022, -0.009233936, -0.0091091115, -0.008842536, -0.008553504, -0.008243898, -0.008082144, -0.0077460352, -0.007394136, -0.0072121345, -0.006834506, -0.0064350474, -0.0060082776, -0.005782771, -0.005306314, -0.004807135, -0.0045641176, -0.004175905, -0.0041248747
0, 0, 0, 0, 0, 0, 0, 0, 0, 0, 0, 0, 0, 0, 0, 0, 0, 0, 0, 0, 0, 0, 0, 0, 0, 0, 0, 0, 0, 0, 0, 0, 0, 0, 0, 0, 0, 0, 0, 0, 0, 0, 0, 0, 0, 0, 0, 0, 0, 0, 0, 0, 0, 0, 0, 0, 0, 0, 0, 0, 0, 0, 0, 0, 0, 0, 0, 0, 0, 0, 0, 0, 0, -0.0054721506, -0.0040080175, -0.003748817, -0.0038334792, -0.0041526556, -0.0045274133, -0.0047149574, -0.0050798887, -0.005430126, -0.00560036, -0.0059330217, -0.006257501, -0.0065761143, -0.0067336904, -0.007045815, -0.007353174, -0.007504692, -0.007802292, -0.008091487, -0.00837114, -0.008507093, -0.0087710535, -0.009024296, -0.009146801, -0.009383662, -0.009609332, -0.009717909, -0.009926093, -0.010122301, -0.010306334, -0.010393843, -0.01055986, -0.010713756, -0.01078606, -0.010921009, -0.011042196, -0.011148361, -0.011195328, -0.011276353, -0.011339726, -0.011364889, -0.011402665, -0.011424734, -0.011430287, -0.01143057, -0.011416326, -0.011386725, -0.011365558, -0.011309686, -0.01123406, -0.011188497, -0.011081378, -0.010952856, -0.010803574, -0.010721298, -0.010541663, -0.010341796, -0.010234046, -0.01000247, -0.009748652, -0.009613278, -0.009325555, -0.00901601, -0.008686289, -0.008514355, -0.008157214, -0.007782525, -0.0075882785, -0.0071844505, -0.0067569516, -0.006300696, -0.0060602124, -0.005553552, -0.0050244103, -0.004766996, -0.004354333, -0.004293793
0, 0, 0, 0, 0, 0, 0, 0, 0, 0, 0, 0, 0, 0, 0, 0, 0, 0, 0, 0, 0, 0, 0, 0, 0, 0, 0, 0, 0, 0, 0, 0, 0, 0, 0, 0, 0, 0, 0, 0, 0, 0, 0, 0, 0, 0, 0, 0, 0, 0, 0, 0, 0, 0, 0, 0, 0, 0, 0, 0, 0, 0, 0, 0, 0, 0, 0, 0, 0, 0, 0, 0, 0, -0.0047017043, -0.004180943, -0.0041496386, -0.004268673, -0.0046105417, -0.004988091, -0.005175212, -0.005539091, -0.005888616, -0.006058453, -0.006389815, -0.0067124367, -0.0070293187, -0.007186355, -0.007498665, -0.007808689, -0.007962495, -0.008266399, -0.008563341, -0.008851034, -0.008990955, -0.009261972, -0.009521369, -0.009646885, -0.009889759, -0.010122605, -0.010235211, -0.010452647, -0.010658853, -0.010852697, -0.010944688, -0.011118451, -0.0112781, -0.011352699, -0.011491516, -0.011617009, -0.011728916, -0.011779382, -0.011868377, -0.01193982, -0.011968422, -0.012010709, -0.012032665, -0.0120361205, -0.012028681, -0.012003123, -0.011961157, -0.011934433, -0.011869804, -0.011789625, -0.011743123, -0.011635855, -0.011507493, -0.011355731, -0.011270722, -0.01108188, -0.010868215, -0.010752309, -0.010502897, -0.010231014, -0.010086997, -0.009783136, -0.009458867, -0.009114362, -0.008934395, -0.008558641, -0.0081609525, -0.007953399, -0.0075201388, -0.007060655, -0.006571844, -0.0063153985, -0.0057781343, -0.0052205, -0.0049498435, -0.0045152945, -0.004446976
0, 0, 0, 0, 0, 0, 0, 0, 0, 0, 0, 0, 0, 0, 0, 0, 0, 0, 0, 0, 0, 0, 0, 0, 0, 0, 0, 0, 0, 0, 0, 0, 0, 0, 0, 0, 0, 0, 0, 0, 0, 0, 0, 0, 0, 0, 0, 0, 0, 0, 0, 0, 0, 0, 0, 0, 0, 0, 0, 0, 0, 0, 0, 0, 0, 0, 0, 0, 0, 0, 0, 0, 0, -0.004557086, -0.0043413136, -0.004481196, -0.0046416577, -0.005024061, -0.0054182736, -0.005610473, -0.00598235, -0.006338143, -0.006510535, -0.006845727, -0.0071702353, -0.007487844, -0.0076451404, -0.007958379, -0.008270737, -0.008426394, -0.008735012, -0.009037345, -0.009330141, -0.009472174, -0.009746636, -0.01000856, -0.010135395, -0.010382222, -0.010621427, -0.010738424, -0.010966809, -0.011185711, -0.011392401, -0.011490144, -0.011672932, -0.011837872, -0.0119137345, -0.012052965, -0.012177465, -0.012289169, -0.012340383, -0.012433135, -0.0125105865, -0.01254257, -0.012590665, -0.012615374, -0.012618358, -0.012605844, -0.012570348, -0.012515361, -0.012481666, -0.012403715, -0.012312332, -0.012261213, -0.012146253, -0.012010763, -0.01185061, -0.011760478, -0.011559311, -0.011330752, -0.011206875, -0.010941693, -0.010655818, -0.010505826, -0.010192119, -0.0098594595, -0.00950569, -0.009319903, -0.008928589, -0.008509281, -0.008288819, -0.007826177, -0.007335103, -0.00681524, -0.0065440913, -0.0059795384, -0.0053974604, -0.005115726, -0.0046630553, -0.0045886333
0, 0, 0, 0, 0, 0, 0, 0, 0, 0, 0, 0, 0, 0, 0, 0, 0, 0, 0, 0, 0, 0, 0, 0, 0, 0, 0, 0, 0, 0, 0, 0, 0, 0, 0, 0, 0, 0, 0, 0, 0, 0, 0, 0, 0, 0, 0, 0, 0, 0, 0, 0, 0, 0, 0, 0, 0, 0, 0, 0, 0, 0, 0, 0, 0, 0, 0, 0, 0, 0, 0, 0, 0, -0.0057398705, -0.0047856257, -0.0048093763, -0.0049635232, -0.0053560673, -0.005767653, -0.0059688203, -0.006357502, -0.0067282817, -0.0069074146, -0.007254288, -0.0075883907, -0.007913929, -0.008074852, -0.00839509, -0.008714699, -0.008874198, -0.009190852, -0.009501205, -0.009801086, -0.009945945, -0.010224919, -0.0104901455, -0.010618477, -0.01086909, -0.011114047, -0.0112349475, -0.011472927, -0.011703204, -0.011920938, -0.01202349, -0.012213076, -0.01238015, -0.012455164, -0.012589503, -0.012706365, -0.012810066, -0.012857992, -0.012946495, -0.01302359, -0.013056572, -0.013107907, -0.013135529, -0.0131391045, -0.013125014, -0.013083874, -0.013019403, -0.012979883, -0.01288897, -0.0127840405, -0.012726195, -0.012598176, -0.012449866, -0.01227657, -0.012179498, -0.011963551, -0.01171948, -0.011588005, -0.011308741, -0.011011366, -0.010856772, -0.010535823, -0.010197154, -0.009836105, -0.009645466, -0.009241108, -0.008803518, -0.008572231, -0.008085627, -0.007569323, -0.007025388, -0.0067430413, -0.006158061, -0.005557692, -0.0052674874, -0.004800592, -0.0047211023
0, 0, 0, 0, 0, 0, 0, 0, 0, 0, 0, 0, 0, 0, 0, 0, 0, 0, 0, 0, 0, 0, 0, 0, 0, 0, 0, 0, 0, 0, 0, 0, 0, 0, 0, 0, 0, 0, 0, 0, 0, 0, 0, 0, 0, 0, 0, 0, 0, 0, 0, 0, 0, 0, 0, 0, 0, 0, 0, 0, 0, 0, 0, 0, 0, 0, 0, 0, 0, 0, 0, 0, 0, -0.0051801032, -0.004764563, -0.004924336, -0.0051103095, -0.0055478066, -0.005995391, -0.0062127113, -0.006630832, -0.007027555, -0.0072184703, -0.00758712, -0.007941024, -0.008284627, -0.008454007, -0.008790125, -0.009124604, -0.009291099, -0.009621134, -0.009943795, -0.010254568, -0.010404371, -0.0106915925, -0.01096321, -0.011094041, -0.0113488585, -0.011597544, -0.011720277, -0.011962305, -0.01219679, -0.012418273, -0.012522175, -0.012712721, -0.012877317, -0.012949582, -0.013075595, -0.013181285, -0.013272654, -0.013314445, -0.013392225, -0.013461472, -0.013491751, -0.01353995, -0.013566285, -0.013569575, -0.01355451, -0.013510705, -0.013441082, -0.013398025, -0.0132983355, -0.013182667, -0.013118965, -0.012978482, -0.0128171295, -0.012630642, -0.012526769, -0.012296969, -0.012038915, -0.011900568, -0.011608451, -0.011299652, -0.01113989, -0.0108095715, -0.010461835, -0.010091026, -0.00989496, -0.009478347, -0.009026795, -0.008787992, -0.008286027, -0.0077544516, -0.0071960827, -0.006907015, -0.006309178, -0.0056962697, -0.00539977, -0.004921199, -0.004836943
0, 0, 0, 0, 0, 0, 0, 0, 0, 0, 0, 0, 0, 0, 0, 0, 0, 0, 0, 0, 0, 0, 0, 0, 0, 0, 0, 0, 0, 0, 0, 0, 0, 0, 0, 0, 0, 0, 0, 0, 0, 0, 0, 0, 0, 0, 0, 0, 0, 0, 0, 0, 0, 0, 0, 0, 0, 0, 0, 0, 0, 0, 0, 0, 0, 0, 0, 0, 0, 0, 0, 0, 0, -0.0044782413, -0.0044495277, -0.004821052, -0.00507056, -0.0055942275, -0.0061010644, -0.0063425517, -0.0068024457, -0.0072353184, -0.007442928, -0.007843352, -0.008227005, -0.008598441, -0.00878077, -0.009140479, -0.009494987, -0.009670322, -0.010015841, -0.010351921, -0.010674672, -0.010829956, -0.01112734, -0.011407389, -0.011541544, -0.011800461, -0.012049854, -0.01217167, -0.012409871, -0.01263881, -0.012854184, -0.012954994, -0.0131395515, -0.013298104, -0.013367307, -0.013486435, -0.013583754, -0.013665023, -0.013701272, -0.013766971, -0.013823808, -0.013848117, -0.013885667, -0.01390351, -0.013903384, -0.01388287, -0.013834954, -0.013761486, -0.0137163075, -0.013611333, -0.013488947, -0.013421349, -0.01327225, -0.013101729, -0.012905466, -0.012796683, -0.012556842, -0.012288604, -0.012144932, -0.011841656, -0.011520948, -0.011354871, -0.011011304, -0.010649827, -0.010265514, -0.010063056, -0.009634735, -0.009173525, -0.008930625, -0.008421538, -0.007883824, -0.007319363, -0.0070268684, -0.006421365, -0.005799069, -0.005497379, -0.005008823, -0.00491936
0, 0, 0, 0, 0, 0, 0, 0, 0, 0, 0, 0, 0, 0, 0, 0, 0, 0, 0, 0, 0, 0, 0, 0, 0, 0, 0, 0, 0, 0, 0, 0, 0, 0, 0, 0, 0, 0, 0, 0, 0, 0, 0, 0, 0, 0, 0, 0, 0, 0, 0, 0, 0, 0, 0, 0, 0, 0, 0, 0, 0, 0, 0, 0, 0, 0, 0, 0, 0, 0, 0, 0, 0, -0.004004806, -0.0041707773, -0.0046808138, -0.0049796593, -0.005578434, -0.0061417227, -0.0064074597, -0.006910804, -0.007383189, -0.0076098503, -0.008047272, -0.008466692, -0.008871112, -0.009068456, -0.009454231, -0.009828779, -0.010011852, -0.010369198, -0.010713764, -0.011043648, -0.011202479, -0.011507229, -0.011794265, -0.011931392, -0.012193648, -0.012441613, -0.012560702, -0.012789639, -0.013005734, -0.013207125, -0.013301365, -0.013474574, -0.013625546, -0.013692272, -0.01380861, -0.013904104, -0.013982065, -0.014015427, -0.014072171, -0.014115782, -0.014132388, -0.014153312, -0.014155069, -0.014147595, -0.014114577, -0.014057101, -0.013976551, -0.013928341, -0.013817765, -0.013689433, -0.0136186145, -0.013462517, -0.013284815, -0.013081659, -0.012969636, -0.012723961, -0.012449937, -0.012303072, -0.011992131, -0.011661215, -0.01148901, -0.011131586, -0.0107552735, -0.010356936, -0.010148572, -0.009711099, -0.009244612, -0.009000396, -0.008490445, -0.00795267, -0.00738676, -0.007092587, -0.0064814016, -0.005850876, -0.005544516, -0.0050472138, -0.004952685
0, 0, 0, 0, 0, 0, 0, 0, 0, 0, 0, 0, 0, 0, 0, 0, 0, 0, 0, 0, 0, 0, 0, 0, 0, 0, 0, 0, 0, 0, 0, 0, 0, 0, 0, 0, 0, 0, 0, 0, 0, 0, 0, 0, 0, 0, 0, 0, 0, 0, 0, 0, 0, 0, 0, 0, 0, 0, 0, 0, 0, 0, 0, 0, 0, 0, 0, 0, 0, 0, 0, 0, 0, -0.0039599407, -0.0041501867, -0.004677, -0.0049862075, -0.00560992, -0.0062018614, -0.00648269, -0.007017047, -0.0075213965, -0.007764654, -0.008235718, -0.008688661, -0.009124214, -0.009335355, -0.009743663, -0.010132968, -0.010320549, -0.010682059, -0.011026337, -0.011354737, -0.011513219, -0.011818586, -0.012108349, -0.012247132, -0.012511534, -0.012757967, -0.012874339, -0.013093161, -0.013294266, -0.013478287, -0.013563961, -0.013722664, -0.013864053, -0.013928174, -0.014043041, -0.014139952, -0.014218483, -0.014250766, -0.014300957, -0.014331761, -0.014339809, -0.014340859, -0.014321336, -0.014303677, -0.0142523805, -0.014180067, -0.01408797, -0.014034853, -0.013915008, -0.013777414, -0.013701694, -0.013535765, -0.013348338, -0.013137276, -0.013022087, -0.012771823, -0.012495123, -0.012347161, -0.012033128, -0.011697023, -0.011521142, -0.011154513, -0.010767995, -0.010360562, -0.010148663, -0.009707173, -0.009240575, -0.008997556, -0.008491352, -0.007957211, -0.0073926128, -0.007097832, -0.0064826184, -0.0058454815, -0.0055355458, -0.0050319056, -0.0049337
0, 0, 0, 0, 0, 0, 0, 0, 0, 0, 0, 0, 0, 0, 0, 0, 0, 0, 0, 0, 0, 0, 0, 0, 0, 0, 0, 0, 0, 0, 0, 0, 0, 0, 0, 0, 0, 0, 0, 0, 0, 0, 0, 0, 0, 0, 0, 0, 0, 0, 0, 0, 0, 0, 0, 0, 0, 0, 0, 0, 0, 0, 0, 0, 0, 0, 0, 0, 0, 0, 0, 0, -0.0060207397, -0.004547111, -0.004412437, -0.004855076, -0.005146861, -0.0057557644, -0.00634769, -0.0066318978, -0.0071773957, -0.0076975287, -0.007950037, -0.008441969, -0.008917154, -0.0093740225, -0.009594446, -0.010017218, -0.0104139475, -0.01060254, -0.010961259, -0.011298453, -0.01161805, -0.011772449, -0.012071831, -0.0123589, -0.012497301, -0.0127619365, -0.013007089, -0.013121392, -0.013332169, -0.013519921, -0.013686533, -0.013763042, -0.013904137, -0.014031292, -0.014090075, -0.014197655, -0.014290383, -0.01436501, -0.014394306, -0.01443527, -0.014451563, -0.014450414, -0.014430619, -0.014388789, -0.0143603, -0.014289387, -0.014200908, -0.014095369, -0.01403618, -0.013904317, -0.013753617, -0.01367081, -0.013489933, -0.013288086, -0.013064767, -0.01294493, -0.012688585, -0.012409909, -0.01226211, -0.011949389, -0.011614211, -0.011438264, -0.011070148, -0.010681319, -0.010272289, -0.010060239, -0.009620647, -0.009159273, -0.008919819, -0.008421695, -0.007895355, -0.0073363553, -0.0070431028, -0.006428513, -0.0057899463, -0.005479201, -0.004974663, -0.0048755803
0, 0, 0, 0, 0, 0, 0, 0, 0, 0, 0, 0, 0, 0, 0, 0, 0, 0, 0, 0, 0, 0, 0, 0, 0, 0, 0, 0, 0, 0, 0, 0, 0, 0, 0, 0, 0, 0, 0, 0, 0, 0, 0, 0, 0, 0, 0, 0, 0, 0, 0, 0, 0, 0, 0, 0, 0, 0, 0, 0, 0, 0, 0, 0, 0, 0, 0, 0, 0, 0, 0, 0, -0.004998082, -0.004522528, -0.0046457006, -0.0051364056, -0.0054289442, -0.006026788, -0.006605457, -0.006884327, -0.007422015, -0.007938367, -0.008190379, -0.008684019, -0.009163761, -0.009626563, -0.009849906, -0.010277071, -0.010675025, -0.010862562, -0.011216214, -0.011544635, -0.011853252, -0.012002124, -0.01229127, -0.012570494, -0.012706023, -0.012966364, -0.013207559, -0.013319314, -0.013522544, -0.013698141, -0.013848197, -0.013915052, -0.014035258, -0.014141503, -0.014190293, -0.014279466, -0.014355653, -0.014414443, -0.01443583, -0.0144597925, -0.014457319, -0.014446195, -0.014405663, -0.014343684, -0.014305819, -0.014218067, -0.014115856, -0.013998538, -0.013933794, -0.013790115, -0.013625471, -0.013534831, -0.013336883, -0.013117931, -0.012879675, -0.012753815, -0.012489454, -0.01220806, -0.012060807, -0.011751773, -0.011421923, -0.011248722, -0.010885501, -0.010500737, -0.010095758, -0.009886142, -0.0094529865, -0.009000813, -0.008766948, -0.008281463, -0.0077684666, -0.0072220415, -0.00693446, -0.0063297055, -0.0056995265, -0.005392742, -0.004895575, -0.004799849
0, 0, 0, 0, 0, 0, 0, 0, 0, 0, 0, 0, 0, 0, 0, 0, 0, 0, 0, 0, 0, 0, 0, 0, 0, 0, 0, 0, 0, 0, 0, 0, 0, 0, 0, 0, 0, 0, 0, 0, 0, 0, 0, 0, 0, 0, 0, 0, 0, 0, 0, 0, 0, 0, 0, 0, 0, 0, 0, 0, 0, 0, 0, 0, 0, 0, 0, 0, 0, 0, 0, 0, -0.004744691, -0.004645293, -0.0049763145, -0.0055271205, -0.00582318, -0.0064074337, -0.0069636563, -0.0072307433, -0.00774627, -0.008242492, -0.0084851235, -0.008961909, -0.009427931, -0.009880493, -0.01010008, -0.010522082, -0.010916821, -0.011102876, -0.0114525715, -0.011774935, -0.012074759, -0.012218131, -0.012495164, -0.012761565, -0.012890783, -0.013139113, -0.013369159, -0.0134752635, -0.01366673, -0.013828718, -0.013961862, -0.01401876, -0.014116346, -0.014197052, -0.014232328, -0.014293631, -0.014341949, -0.01437373, -0.014382041, -0.014381163, -0.014355602, -0.014333613, -0.014272931, -0.014193223, -0.014147493, -0.014046025, -0.013932446, -0.013805549, -0.013736036, -0.013582253, -0.01340578, -0.013308495, -0.013096391, -0.012862964, -0.0126117235, -0.0124806175, -0.012208728, -0.011924677, -0.011777733, -0.011472407, -0.011148896, -0.010979228, -0.010623251, -0.01024505, -0.009846494, -0.009640334, -0.009215556, -0.008774384, -0.008547298, -0.008077973, -0.007583801, -0.0070578195, -0.006780774, -0.0061971084, -0.005587377, -0.0052902577, -0.0048097298, -0.0047222204
0, 0, 0, 0, 0, 0, 0, 0, 0, 0, 0, 0, 0, 0, 0, 0, 0, 0, 0, 0, 0, 0, 0, 0, 0, 0, 0, 0, 0, 0, 0, 0, 0, 0, 0, 0, 0, 0, 0, 0, 0, 0, 0, 0, 0, 0, 0, 0, 0, 0, 0, 0, 0, 0, 0, 0, 0, 0, 0, 0, 0, 0, 0, 0, 0, 0, 0, 0, 0, 0, 0, -0.007413632, -0.0063038464, -0.005399892, -0.0055479445, -0.006030901, -0.006303463, -0.0068485867, -0.007372425, -0.007624779, -0.008112464, -0.008581512, -0.008810522, -0.009260281, -0.009701105, -0.010132289, -0.010343083, -0.010751977, -0.011139209, -0.01132308, -0.0116695175, -0.011987978, -0.012281028, -0.012419218, -0.012682443, -0.012930812, -0.013049982, -0.013277146, -0.0134862615, -0.013582476, -0.013755303, -0.013899561, -0.014014832, -0.014062148, -0.014138663, -0.014194764, -0.014216507, -0.014248742, -0.014266324, -0.014267544, -0.014261099, -0.014232532, -0.014182291, -0.014149241, -0.014068762, -0.013971862, -0.013918395, -0.013802697, -0.013676393, -0.013537866, -0.013462917, -0.013298724, -0.013112333, -0.013010293, -0.012789052, -0.012547525, -0.012289578, -0.012155714, -0.011879901, -0.011594452, -0.011447876, -0.011145152, -0.010826403, -0.010659742, -0.010310155, -0.009938774, -0.009547475, -0.009345277, -0.008929647, -0.008500232, -0.008280332, -0.007828542, -0.00735607, -0.0068556406, -0.006592515, -0.006038158, -0.0054582856, -0.0051754527, -0.004718995, -0.004643675
0, 0, 0, 0, 0, 0, 0, 0, 0, 0, 0, 0, 0, 0, 0, 0, 0, 0, 0, 0, 0, 0, 0, 0, 0, 0, 0, 0, 0, 0, 0, 0, 0, 0, 0, 0, 0, 0, 0, 0, 0, 0, 0, 0, 0, 0, 0, 0, 0, 0, 0, 0, 0, 0, 0, 0, 0, 0, 0, 0, 0, 0, 0, 0, 0, 0, 0, 0, 0, 0, 0, -0.007953261, -0.0068934234, -0.005993004, -0.006069482, -0.006492127, -0.0067420695, -0.007253224, -0.0077523775, -0.007994199, -0.008461983, -0.008910216, -0.009128072, -0.009553699, -0.009969161, -0.010375764, -0.010575722, -0.010966335, -0.011340621, -0.011519945, -0.011859722, -0.012172214, -0.012457122, -0.012589735, -0.012837354, -0.013064422, -0.013171053, -0.01337099, -0.013552215, -0.013635049, -0.013783458, -0.013906823, -0.014003922, -0.014042689, -0.014101844, -0.014138934, -0.014150236, -0.01415966, -0.014152394, -0.014128135, -0.014109089, -0.014056445, -0.013984015, -0.013940613, -0.013840848, -0.013725632, -0.013663008, -0.013529156, -0.013384412, -0.013228186, -0.013144926, -0.012966295, -0.012768861, -0.012662715, -0.0124358665, -0.012191527, -0.011932716, -0.01179872, -0.011522952, -0.011237872, -0.011091628, -0.0107904505, -0.010474663, -0.010310181, -0.00996651, -0.00960301, -0.009221234, -0.009024412, -0.008620576, -0.008204678, -0.007992365, -0.007557929, -0.0071065906, -0.006631611, -0.0063827513, -0.0058593373, -0.005312042, -0.005045066, -0.0046159355, -0.004554867
0, 0, 0, 0, 0, 0, 0, 0, 0, 0, 0, 0, 0, 0, 0, 0, 0, 0, 0, 0, 0, 0, 0, 0, 0, 0, 0, 0, 0, 0, 0, 0, 0, 0, 0, 0, 0, 0, 0, 0, 0, 0, 0, 0, 0, 0, 0, 0, 0, 0, 0, 0, 0, 0, 0, 0, 0, 0, 0, 0, 0, 0, 0, 0, 0, 0, 0, 0, 0, 0, 0, -0.006502833, -0.0061105667, -0.005909769, -0.0062302193, -0.0067328415, -0.0069996193, -0.0075263833, -0.008030484, -0.008273034, -0.0087393075, -0.009182701, -0.009396555, -0.009811036, -0.010210721, -0.0105984965, -0.010788357, -0.011159247, -0.011515406, -0.011686649, -0.012012604, -0.012313351, -0.012586459, -0.012712421, -0.012944413, -0.0131513225, -0.013246163, -0.013420065, -0.013573862, -0.013643185, -0.013766426, -0.013868181, -0.013947547, -0.013978615, -0.014023645, -0.014047055, -0.014051213, -0.014045325, -0.014021308, -0.013979328, -0.013951287, -0.013880898, -0.013791163, -0.013739207, -0.013621769, -0.013487688, -0.013414831, -0.013258915, -0.013090636, -0.012910651, -0.012816308, -0.012618097, -0.012406392, -0.012295316, -0.012062663, -0.011816643, -0.011558481, -0.011425144, -0.0111505445, -0.010865965, -0.010719885, -0.010419375, -0.010106125, -0.009943929, -0.0096078105, -0.009255605, -0.008888402, -0.008699593, -0.008312511, -0.007913567, -0.0077097584, -0.007292507, -0.006859819, -0.006405979, -0.006169007, -0.0056718346, -0.005153153, -0.004900558, -0.0044972803, -0.004450313
0, 0, 0, 0, 0, 0, 0, 0, 0, 0, 0, 0, 0, 0, 0, 0, 0, 0, 0, 0, 0, 0, 0, 0, 0, 0, 0, 0, 0, 0, 0, 0, 0, 0, 0, 0, 0, 0, 0, 0, 0, 0, 0, 0, 0, 0, 0, 0, 0, 0, 0, 0, 0, 0, 0, 0, 0, 0, 0, 0, 0, 0, 0, 0, 0, 0, 0, 0, 0, 0, 0, -0.0051859627, -0.005153238, -0.0055013695, -0.0061146044, -0.0067611556, -0.0070698382, -0.007648275, -0.008180317, -0.008432113, -0.008912091, -0.009364748, -0.00958198, -0.009999751, -0.010397207, -0.010776397, -0.010959733, -0.0113135185, -0.011649697, -0.011810605, -0.01211671, -0.012400179, -0.012658756, -0.01277829, -0.012997521, -0.013190603, -0.013277717, -0.013434266, -0.01356865, -0.0136277545, -0.013730767, -0.013813547, -0.013876012, -0.013899641, -0.013931308, -0.013942522, -0.013940711, -0.013922413, -0.013885526, -0.0138299875, -0.013795142, -0.013711143, -0.013607817, -0.013548989, -0.01341711, -0.013266714, -0.013184837, -0.013008491, -0.012817421, -0.012613966, -0.012508271, -0.012289811, -0.012062462, -0.01194556, -0.011704993, -0.011455044, -0.011195224, -0.01106137, -0.010785895, -0.010500142, -0.010353559, -0.010053139, -0.009742717, -0.009583667, -0.009257547, -0.008920501, -0.008572359, -0.0083940225, -0.008028184, -0.0076495158, -0.007455108, -0.007055235, -0.006638623, -0.0062009008, -0.0059725326, -0.0054944996, -0.0049975216, -0.004756233, -0.00437433, -0.0043397597
0, 0, 0, 0, 0, 0, 0, 0, 0, 0, 0, 0, 0, 0, 0, 0, 0, 0, 0, 0, 0, 0, 0, 0, 0, 0, 0, 0, 0, 0, 0, 0, 0, 0, 0, 0, 0, 0, 0, 0, 0, 0, 0, 0, 0, 0, 0, 0, 0, 0, 0, 0, 0, 0, 0, 0, 0, 0, 0, 0, 0, 0, 0, 0, 0, 0, 0, 0, 0, 0, 0, -0.004645992, -0.0047385567, -0.005277531, -0.0060077533, -0.0067247953, -0.0070573995, -0.007668863, -0.008221335, -0.008480763, -0.008974163, -0.009439562, -0.00966302, -0.010091891, -0.010496948, -0.010877476, -0.011058604, -0.0114021925, -0.011721683, -0.011872971, -0.012158998, -0.012424535, -0.0126694795, -0.012784061, -0.01299602, -0.013184094, -0.013268938, -0.013419947, -0.013546427, -0.013600454, -0.013691218, -0.0137599325, -0.013807692, -0.013824039, -0.013841919, -0.013839926, -0.013831534, -0.013800041, -0.013749541, -0.013680333, -0.0136388, -0.013542009, -0.013426999, -0.013362695, -0.013220317, -0.013059421, -0.01297193, -0.012783512, -0.012578776, -0.012360599, -0.012247523, -0.012015133, -0.011775874, -0.011653939, -0.011405294, -0.011149517, -0.010885274, -0.010749556, -0.010470709, -0.010182034, -0.010034451, -0.009733597, -0.009426369, -0.009270591, -0.00895483, -0.008632877, -0.008303444, -0.008135271, -0.0077902116, -0.00743139, -0.0072461334, -0.0068626427, -0.0064602112, -0.0060354844, -0.005813551, -0.005349394, -0.00486815, -0.004635436, -0.0042700223, -0.004245039
0, 0, 0, 0, 0, 0, 0, 0, 0, 0, 0, 0, 0, 0, 0, 0, 0, 0, 0, 0, 0, 0, 0, 0, 0, 0, 0, 0, 0, 0, 0, 0, 0, 0, 0, 0, 0, 0, 0, 0, 0, 0, 0, 0, 0, 0, 0, 0, 0, 0, 0, 0, 0, 0, 0, 0, 0, 0, 0, 0, 0, 0, 0, 0, 0, 0, 0, 0, 0, 0, -0.0066169524, -0.005216426, -0.0050751963, -0.0054067513, -0.0060465974, -0.0067187822, -0.0070385593, -0.007634759, -0.008180421, -0.008438464, -0.008932873, -0.009403794, -0.009631363, -0.010070208, -0.010484998, -0.010872227, -0.011054556, -0.011395673, -0.011706586, -0.011851735, -0.012124369, -0.012377453, -0.012613592, -0.012725534, -0.012935809, -0.013125885, -0.013212392, -0.013366642, -0.013494241, -0.013547741, -0.013634214, -0.013694873, -0.0137324855, -0.013743313, -0.013749859, -0.013736618, -0.01372237, -0.013679001, -0.01361601, -0.013534281, -0.013486559, -0.013378296, -0.013253604, -0.013185367, -0.013037096, -0.012872701, -0.012784359, -0.012595159, -0.012389962, -0.012170708, -0.012056614, -0.011821038, -0.01157759, -0.0114532625, -0.011199725, -0.0109391, -0.010670597, -0.010533047, -0.010250987, -0.009960125, -0.009811904, -0.009511175, -0.0092065055, -0.009053017, -0.008744009, -0.008431452, -0.008113557, -0.0079516815, -0.007619969, -0.0072748465, -0.007096342, -0.0067257993, -0.006335432, -0.005922231, -0.00570598, -0.0052534365, -0.0047846213, -0.00455827, -0.0042047575, -0.0041865413
0, 0, 0, 0, 0, 0, 0, 0, 0, 0, 0, 0, 0, 0, 0, 0, 0, 0, 0, 0, 0, 0, 0, 0, 0, 0, 0, 0, 0, 0, 0, 0, 0, 0, 0, 0, 0, 0, 0, 0, 0, 0, 0, 0, 0, 0, 0, 0, 0, 0, 0, 0, 0, 0, 0, 0, 0, 0, 0, 0, 0, 0, 0, 0, 0, 0, 0, 0, 0, 0, -0.0068656, -0.005538742, -0.0053709056, -0.005588156, -0.0061132666, -0.006700881, -0.006989997, -0.0075429743, -0.008062648, -0.008312248, -0.008795938, -0.0092625115, -0.009489856, -0.009931276, -0.010350954, -0.010743557, -0.010928045, -0.011271944, -0.011582879, -0.011727089, -0.0119968, -0.012246786, -0.012481344, -0.012593384, -0.012805785, -0.013000321, -0.0130895935, -0.013249649, -0.013382018, -0.013437142, -0.013525024, -0.013584858, -0.013620117, -0.01362954, -0.013633405, -0.013617605, -0.013602275, -0.0135561945, -0.013489705, -0.013403636, -0.013353743, -0.013240668, -0.0131119555, -0.013042383, -0.012893587, -0.01273215, -0.012646676, -0.01246547, -0.012270054, -0.012060376, -0.0119503755, -0.011721296, -0.011481267, -0.011357578, -0.011103719, -0.010841767, -0.010572063, -0.010434226, -0.010152417, -0.009862838, -0.009715591, -0.009417095, -0.009114509, -0.008961987, -0.008654387, -0.008342815, -0.008025569, -0.007864257, -0.007534503, -0.007193189, -0.007017379, -0.006653645, -0.0062715635, -0.0058677304, -0.005656305, -0.0052135102, -0.004753966, -0.0045319693, -0.0041853553, -0.0041704797
0, 0, 0, 0, 0, 0, 0, 0, 0, 0, 0, 0, 0, 0, 0, 0, 0, 0, 0, 0, 0, 0, 0, 0, 0, 0, 0, 0, 0, 0, 0, 0, 0, 0, 0, 0, 0, 0, 0, 0, 0, 0, 0, 0, 0, 0, 0, 0, 0, 0, 0, 0, 0, 0, 0, 0, 0, 0, 0, 0, 0, 0, 0, 0, 0, 0, 0, 0, 0, 0, -0.005536233, -0.005136475, -0.00517075, -0.0055229967, -0.0060349596, -0.006576854, -0.006843624, -0.0073605757, -0.007855803, -0.008096428, -0.008566504, -0.009023332, -0.009246793, -0.009681992, -0.010098136, -0.010489895, -0.010675186, -0.011022626, -0.011338938, -0.01148646, -0.011763025, -0.012019462, -0.01225968, -0.012374148, -0.012591025, -0.0127897, -0.012880944, -0.013045234, -0.013182287, -0.013239881, -0.013333736, -0.013400669, -0.013444568, -0.013458861, -0.013473571, -0.013470049, -0.013461207, -0.013428275, -0.013374249, -0.013299141, -0.013253901, -0.01314878, -0.013026525, -0.012959959, -0.012817719, -0.012664566, -0.012584037, -0.012414356, -0.012232065, -0.0120356055, -0.011931861, -0.011713342, -0.011481058, -0.01136017, -0.011110076, -0.010850744, -0.010583815, -0.01044783, -0.010170937, -0.009887221, -0.009742972, -0.009449634, -0.009149975, -0.008997727, -0.008688307, -0.008371684, -0.008047273, -0.007882034, -0.0075450405, -0.007198476, -0.007021036, -0.0066565424, -0.006276486, -0.00587651, -0.00566738, -0.0052288445, -0.004772318, -0.0045511136, -0.0042047254, -0.0041895546
0, 0, 0, 0, 0, 0, 0, 0, 0, 0, 0, 0, 0, 0, 0, 0, 0, 0, 0, 0, 0, 0, 0, 0, 0, 0, 0, 0, 0, 0, 0, 0, 0, 0, 0, 0, 0, 0, 0, 0, 0, 0, 0, 0, 0, 0, 0, 0, 0, 0, 0, 0, 0, 0, 0, 0, 0, 0, 0, 0, 0, 0, 0, 0, 0, 0, 0, 0, 0, 0, -0.0044990876, -0.004574694, -0.004751511, -0.005239653, -0.00577958, -0.0063107745, -0.0065683536, -0.0070679984, -0.0075496538, -0.0077846544, -0.008244341, -0.008690112, -0.008907645, -0.009330534, -0.00973532, -0.010119107, -0.010302353, -0.0106505845, -0.010973934, -0.011126737, -0.011415905, -0.011685328, -0.011936653, -0.012055656, -0.012279314, -0.012482601, -0.0125758, -0.012744198, -0.012887383, -0.01294949, -0.013055135, -0.013138551, -0.013202562, -0.013228234, -0.013267416, -0.0132901715, -0.013294946, -0.013289746, -0.013263256, -0.01321436, -0.013181254, -0.013098281, -0.012995197, -0.012937222, -0.012810482, -0.01267131, -0.012597423, -0.012440854, -0.012271464, -0.012087808, -0.011990258, -0.011783439, -0.011561128, -0.011444515, -0.011201969, -0.010949211, -0.010689007, -0.010556623, -0.0102875745, -0.010012421, -0.009872194, -0.009585582, -0.009290081, -0.00913856, -0.008827432, -0.008505183, -0.008172365, -0.008002225, -0.007654927, -0.0072985776, -0.007116741, -0.006744625, -0.00635839, -0.0059528723, -0.005740955, -0.005296093, -0.00483202, -0.0046065706, -0.0042521292, -0.00423228
0, 0, 0, 0, 0, 0, 0, 0, 0, 0, 0, 0, 0, 0, 0, 0, 0, 0, 0, 0, 0, 0, 0, 0, 0, 0, 0, 0, 0, 0, 0, 0, 0, 0, 0, 0, 0, 0, 0, 0, 0, 0, 0, 0, 0, 0, 0, 0, 0, 0, 0, 0, 0, 0, 0, 0, 0, 0, 0, 0, 0, 0, 0, 0, 0, 0, 0, 0, 0, -0.0052952752, -0.0042808084, -0.004232162, -0.004405461, -0.0048916764, -0.005420331, -0.005935624, -0.0061858515, -0.0066731186, -0.0071453904, -0.0073761633, -0.007826698, -0.0082608545, -0.008471407, -0.008878849, -0.009268065, -0.009639225, -0.00981839, -0.010163944, -0.01049269, -0.010650596, -0.010953651, -0.011238729, -0.011504574, -0.011629855, -0.01186421, -0.012076357, -0.01217387, -0.012351957, -0.012508392, -0.012578867, -0.01270542, -0.012814805, -0.012908596, -0.01295007, -0.013022082, -0.013078071, -0.0130996, -0.013128331, -0.013136228, -0.013121278, -0.0131049575, -0.013054516, -0.012981944, -0.012938182, -0.012837351, -0.012720683, -0.01265685, -0.012518096, -0.012364813, -0.0121963015, -0.012106206, -0.011914021, -0.011706054, -0.011596383, -0.011366794, -0.0111258775, -0.010876241, -0.010748644, -0.010488391, -0.010220849, -0.0100839315, -0.009802882, -0.009510699, -0.009359972, -0.009048443, -0.008723484, -0.008385827, -0.008212449, -0.007857346, -0.00749128, -0.007303881, -0.006919425, -0.0065187328, -0.0060968334, -0.005875963, -0.005412111, -0.004928156, -0.0046929824, -0.004321711, -0.0042929486
0, 0, 0, 0, 0, 0, 0, 0, 0, 0, 0, 0, 0, 0, 0, 0, 0, 0, 0, 0, 0, 0, 0, 0, 0, 0, 0, 0, 0, 0, 0, 0, 0, 0, 0, 0, 0, 0, 0, 0, 0, 0, 0, 0, 0, 0, 0, 0, 0, 0, 0, 0, 0, 0, 0, 0, 0, 0, 0, 0, 0, 0, 0, 0, 0, 0, 0, 0, 0, -0.004122337, -0.0038193115, -0.0039142617, -0.00408589, -0.0045327367, -0.005018027, -0.005498919, -0.005735233, -0.006200067, -0.0066550206, -0.006877984, -0.007313605, -0.007732536, -0.007934931, -0.008325641, -0.008698603, -0.009056728, -0.00923118, -0.009572251, -0.009903681, -0.010065636, -0.010380311, -0.010680059, -0.010961532, -0.011094506, -0.011344107, -0.01157207, -0.0116783, -0.011876261, -0.0120567605, -0.012141058, -0.012298769, -0.01244242, -0.012571981, -0.012631187, -0.012737371, -0.012826192, -0.012863625, -0.012924072, -0.012964551, -0.012984155, -0.012985844, -0.012973036, -0.012938931, -0.012914192, -0.01284986, -0.012766702, -0.012718294, -0.012607719, -0.012479634, -0.012334771, -0.012256251, -0.012086963, -0.01190163, -0.0118030105, -0.011594609, -0.011372533, -0.011138199, -0.011016746, -0.010765615, -0.010503459, -0.010368156, -0.010088702, -0.009796688, -0.00964571, -0.00933338, -0.009007328, -0.008667676, -0.00849275, -0.0081328135, -0.0077582975, -0.0075650667, -0.007165195, -0.0067442893, -0.00629793, -0.0060635856, -0.005571172, -0.0050581214, -0.004809099, -0.00441424, -0.0043735695
0, 0, 0, 0, 0, 0, 0, 0, 0, 0, 0, 0, 0, 0, 0, 0, 0, 0, 0, 0, 0, 0, 0, 0, 0, 0, 0, 0, 0, 0, 0, 0, 0, 0, 0, 0, 0, 0, 0, 0, 0, 0, 0, 0, 0, 0, 0, 0, 0, 0, 0, 0, 0, 0, 0, 0, 0, 0, 0, 0, 0, 0, 0, 0, 0, 0, 0, 0, -0.0044390783, -0.0039425837, -0.0034782137, -0.0035989105, -0.003762795, -0.0041672667, -0.004601515, -0.0050354977, -0.0052505177, -0.0056775003, -0.0060994667, -0.0063078925, -0.0067169545, -0.0071130777, -0.00730534, -0.0076782173, -0.008036494, -0.008383485, -0.008553881, -0.008890239, -0.009222035, -0.009385921, -0.009707901, -0.010018634, -0.010314029, -0.010455029, -0.010722871, -0.010972672, -0.011091284, -0.011317538, -0.011530902, -0.011633116, -0.011828841, -0.012011741, -0.0121795265, -0.012256888, -0.012396776, -0.012516167, -0.0125681115, -0.012657187, -0.01272764, -0.0127804065, -0.012800346, -0.012827342, -0.012836636, -0.012834338, -0.012815069, -0.01277553, -0.012747927, -0.012676858, -0.012585643, -0.012475698, -0.01241413, -0.0122780865, -0.012124806, -0.012041885, -0.011863188, -0.011667383, -0.011454175, -0.0113408705, -0.011101015, -0.010844037, -0.010709468, -0.010428902, -0.010133897, -0.009981201, -0.009665562, -0.009336479, -0.008993573, -0.008816589, -0.008450539, -0.008066279, -0.007866334, -0.0074490937, -0.0070058405, -0.0065327124, -0.006283637, -0.005760268, -0.0052157473, -0.004951626, -0.004530907, -0.0044768876
0, 0, 0, 0, 0, 0, 0, 0, 0, 0, 0, 0, 0, 0, 0, 0, 0, 0, 0, 0, 0, 0, 0, 0, 0, 0, 0, 0, 0, 0, 0, 0, 0, 0, 0, 0, 0, 0, 0, 0, 0, 0, 0, 0, 0, 0, 0, 0, 0, 0, 0, 0, 0, 0, 0, 0, 0, 0, 0, 0, 0, 0, 0, 0, 0, 0, 0, 0, -0.0033502455, -0.0032033308, -0.0030792174, -0.0032731555, -0.0034349211, -0.0038051724, -0.0041903225, -0.004572358, -0.0047616423, -0.005138082, -0.0055125416, -0.0056988564, -0.006068943, -0.0064332783, -0.006612569, -0.0069650575, -0.007308976, -0.007646407, -0.007813134, -0.008144529, -0.008473306, -0.00863675, -0.008960286, -0.009276187, -0.009581193, -0.009728793, -0.010013879, -0.010286057, -0.010417839, -0.010674015, -0.010921375, -0.011041893, -0.011275821, -0.011497757, -0.011703919, -0.011799679, -0.011974988, -0.012127695, -0.012195813, -0.012317065, -0.012420827, -0.012509932, -0.012549521, -0.012618773, -0.012674134, -0.0126958275, -0.012725369, -0.012734049, -0.012730049, -0.012704889, -0.01265767, -0.012589727, -0.0125484, -0.012451741, -0.012336408, -0.012271725, -0.01212791, -0.011963279, -0.0117761465, -0.011673532, -0.011449682, -0.01120181, -0.0110696675, -0.010790262, -0.010493004, -0.010338335, -0.010017732, -0.009682531, -0.009332188, -0.009150779, -0.008773872, -0.008375526, -0.008167344, -0.007731172, -0.007266206, -0.006769027, -0.0065072672, -0.0059574395, -0.0053858156, -0.0051084873, -0.004664104, -0.004597268
0, 0, 0, 0, 0, 0, 0, 0, 0, 0, 0, 0, 0, 0, 0, 0, 0, 0, 0, 0, 0, 0, 0, 0, 0, 0, 0, 0, 0, 0, 0, 0, 0, 0, 0, 0, 0, 0, 0, 0, 0, 0, 0, 0, 0, 0, 0, 0, 0, 0, 0, 0, 0, 0, 0, 0, 0, 0, 0, 0, 0, 0, 0, 0, 0, 0, 0, 0, -0.003144488, -0.0028779325, -0.0027776766, -0.0029895608, -0.0031420556, -0.0034745308, -0.0038100476, -0.0041373153, -0.0042984732, -0.0046177353, -0.0049364534, -0.005096645, -0.005419119, -0.00574434, -0.0059076804, -0.0062351064, -0.0065620174, -0.0068874783, -0.0070495633, -0.007372588, -0.0076940195, -0.0078540435, -0.008172339, -0.008486763, -0.008795317, -0.008946774, -0.009244093, -0.009534211, -0.009676709, -0.009957163, -0.010231866, -0.010367067, -0.010632259, -0.01088775, -0.011129655, -0.011244102, -0.011458246, -0.011651592, -0.011740435, -0.011903919, -0.012050554, -0.012183154, -0.012244821, -0.012359128, -0.012460511, -0.012505479, -0.0125816595, -0.012636662, -0.012655479, -0.012675147, -0.01267122, -0.012644649, -0.01262339, -0.012565235, -0.0124867875, -0.012439953, -0.012330213, -0.012197204, -0.012037971, -0.011947711, -0.01174523, -0.011513788, -0.011387813, -0.011117188, -0.010823969, -0.010669673, -0.010346874, -0.010005649, -0.009645839, -0.009458304, -0.009066741, -0.008650952, -0.008433402, -0.007977832, -0.007493209, -0.0069767833, -0.0067055235, -0.0061366004, -0.005545242, -0.0052578407, -0.0047946027, -0.0047171135
0, 0, 0, 0, 0, 0, 0, 0, 0, 0, 0, 0, 0, 0, 0, 0, 0, 0, 0, 0, 0, 0, 0, 0, 0, 0, 0, 0, 0, 0, 0, 0, 0, 0, 0, 0, 0, 0, 0, 0, 0, 0, 0, 0, 0, 0, 0, 0, 0, 0, 0, 0, 0, 0, 0, 0, 0, 0, 0, 0, 0, 0, 0, 0, 0, 0, 0, -0.0033043057, -0.002644381, -0.002521006, -0.0025323345, -0.0026989903, -0.002802396, -0.0030186726, -0.0032351515, -0.00344806, -0.0035536163, -0.003764495, -0.003978632, -0.0040883753, -0.004315438, -0.0045550666, -0.004679991, -0.0049397284, -0.005210465, -0.0054887026, -0.0056295595, -0.0059132385, -0.006198333, -0.006341683, -0.006630812, -0.0069244914, -0.0072238194, -0.007375328, -0.0076811686, -0.007988823, -0.008142561, -0.008448076, -0.008750074, -0.008899625, -0.0091960095, -0.009489427, -0.009780023, -0.009923991, -0.010208319, -0.010485144, -0.0106199, -0.010879781, -0.011124407, -0.011351475, -0.0114579275, -0.011656257, -0.0118352985, -0.01191749, -0.012066799, -0.0121946065, -0.012250133, -0.012343141, -0.012411776, -0.012455084, -0.012467232, -0.012472438, -0.012452535, -0.0124331685, -0.012375755, -0.01229236, -0.012181841, -0.012115827, -0.011961709, -0.011777862, -0.01167472, -0.0114456415, -0.011186252, -0.011045277, -0.010740845, -0.010407135, -0.010044081, -0.0098513905, -0.00944324, -0.009004676, -0.008774216, -0.0082914615, -0.0077795982, -0.007237, -0.0069530057, -0.006358664, -0.005741325, -0.005440517, -0.004951865, -0.004859042
0, 0, 0, 0, 0, 0, 0, 0, 0, 0, 0, 0, 0, 0, 0, 0, 0, 0, 0, 0, 0, 0, 0, 0, 0, 0, 0, 0, 0, 0, 0, 0, 0, 0, 0, 0, 0, 0, 0, 0, 0, 0, 0, 0, 0, 0, 0, 0, 0, 0, 0, 0, 0, 0, 0, 0, 0, 0, 0, 0, 0, 0, 0, 0, 0, 0, 0, -0.0034507704, -0.0027846838, -0.0026502465, -0.0026097593, -0.0027049012, -0.002770549, -0.0029155982, -0.0030692925, -0.0032288712, -0.0033106166, -0.0034781531, -0.0036519058, -0.0037414972, -0.003928029, -0.0041262624, -0.0042302217, -0.004447927, -0.0046785474, -0.004919334, -0.005042982, -0.0052949334, -0.0055526174, -0.005683935, -0.0059522553, -0.0062298486, -0.0065183174, -0.0066663306, -0.0069689252, -0.0072771227, -0.0074321525, -0.0077413647, -0.008047426, -0.008198929, -0.008499449, -0.008798184, -0.009097125, -0.009247173, -0.009547824, -0.009847229, -0.00999522, -0.010284867, -0.010561356, -0.010819946, -0.01094149, -0.011168224, -0.011373356, -0.011468233, -0.011643503, -0.011799176, -0.011869498, -0.011994109, -0.012095668, -0.012171892, -0.012199875, -0.012234773, -0.012241137, -0.012233637, -0.012197464, -0.012133501, -0.0120420065, -0.011985859, -0.011852656, -0.011691041, -0.011599265, -0.011392961, -0.011155328, -0.011024366, -0.010737853, -0.010418505, -0.010066524, -0.009878168, -0.00947676, -0.009042281, -0.00881298, -0.008330556, -0.007815934, -0.007267415, -0.0069795004, -0.006376033, -0.005748764, -0.005443279, -0.0049464847, -0.0048478697
0, 0, 0, 0, 0, 0, 0, 0, 0, 0, 0, 0, 0, 0, 0, 0, 0, 0, 0, 0, 0, 0, 0, 0, 0, 0, 0, 0, 0, 0, 0, 0, 0, 0, 0, 0, 0, 0, 0, 0, 0, 0, 0, 0, 0, 0, 0, 0, 0, 0, 0, 0, 0, 0, 0, 0, 0, 0, 0, 0, 0, 0, 0, 0, 0, 0, -0.00431887, -0.003336291, -0.0028396777, -0.002745158, -0.00271091, -0.0027643596, -0.0028036016, -0.0028938008, -0.0029971572, -0.0031134498, -0.0031758344, -0.0033078743, -0.0034475287, -0.0035198026, -0.0036697926, -0.0038278096, -0.0039106742, -0.0040849107, -0.004272023, -0.0044724415, -0.0045774127, -0.004795838, -0.0050249, -0.0051435027, -0.0053889896, -0.005646941, -0.0059184763, -0.006059185, -0.0063494444, -0.0066488986, -0.0068008285, -0.0071063093, -0.007410611, -0.00756179, -0.007861634, -0.008159602, -0.008457849, -0.008607618, -0.00890882, -0.009210989, -0.009361458, -0.009658135, -0.009944839, -0.010216241, -0.010345126, -0.010587649, -0.010810053, -0.01091406, -0.011109179, -0.011287718, -0.011370642, -0.011522921, -0.011654259, -0.011761347, -0.011804551, -0.011868622, -0.011901292, -0.011905762, -0.011891012, -0.011845965, -0.011772043, -0.011724551, -0.011608681, -0.011464449, -0.011381472, -0.0111928275, -0.010972816, -0.010850463, -0.010580994, -0.010277822, -0.009941224, -0.00976042, -0.009373812, -0.008953901, -0.00873133, -0.008260534, -0.0077539594, -0.007209043, -0.006921353, -0.006316148, -0.005685795, -0.0053789313, -0.0048801806, -0.0047785738
0, 0, 0, 0, 0, 0, 0, 0, 0, 0, 0, 0, 0, 0, 0, 0, 0, 0, 0, 0, 0, 0, 0, 0, 0, 0, 0, 0, 0, 0, 0, 0, 0, 0, 0, 0, 0, 0, 0, 0, 0, 0, 0, 0, 0, 0, 0, 0, 0, 0, 0, 0, 0, 0, 0, 0, 0, 0, 0, 0, 0, 0, 0, 0, 0, 0, -0.003286276, -0.0029384743, -0.0027677226, -0.002754511, -0.0027920336, -0.002855085, -0.0028878578, -0.0029546767, -0.0030288848, -0.0031147765, -0.0031623156, -0.0032649813, -0.0033748925, -0.003431642, -0.0035479239, -0.0036688326, -0.0037320904, -0.003866093, -0.0040136077, -0.004177316, -0.004265606, -0.004454174, -0.0046572043, -0.004763545, -0.0049851, -0.005218339, -0.0054638064, -0.0055914386, -0.005856112, -0.006132786, -0.006274811, -0.006564294, -0.0068577128, -0.0070047933, -0.007298102, -0.007589366, -0.007879497, -0.008024313, -0.008313711, -0.008602788, -0.008746803, -0.009031988, -0.0093108, -0.009579373, -0.009708754, -0.009956116, -0.010187158, -0.010296724, -0.010504466, -0.010697618, -0.010788513, -0.010957974, -0.011108384, -0.011235964, -0.011289928, -0.011375728, -0.011429657, -0.011444321, -0.011449168, -0.011422192, -0.011365013, -0.011325472, -0.011224787, -0.011094589, -0.011018302, -0.010842777, -0.010635733, -0.010520113, -0.0102645075, -0.009976191, -0.009655817, -0.009483805, -0.009116499, -0.008717668, -0.008506029, -0.0080567505, -0.007569897, -0.0070416974, -0.0067611393, -0.0061682397, -0.005548909, -0.005247335, -0.004757839, -0.0046584033
0, 0, 0, 0, 0, 0, 0, 0, 0, 0, 0, 0, 0, 0, 0, 0, 0, 0, 0, 0, 0, 0, 0, 0, 0, 0, 0, 0, 0, 0, 0, 0, 0, 0, 0, 0, 0, 0, 0, 0, 0, 0, 0, 0, 0, 0, 0, 0, 0, 0, 0, 0, 0, 0, 0, 0, 0, 0, 0, 0, 0, 0, 0, 0, 0, 0, -0.0032427718, -0.0027697734, -0.0027268273, -0.0027693526, -0.0028824315, -0.0029839338, -0.0030260682, -0.0030982664, -0.0031644953, -0.0032342593, -0.0032717749, -0.003352403, -0.003437867, -0.0034818307, -0.0035707755, -0.003662248, -0.0037099367, -0.0038124775, -0.003929403, -0.0040646605, -0.0041398355, -0.0043040984, -0.004484225, -0.004578915, -0.0047748457, -0.0049782074, -0.0051891673, -0.0052978834, -0.005523533, -0.005761939, -0.0058863796, -0.0061448934, -0.0064140754, -0.006551221, -0.0068278816, -0.0071043377, -0.0073783146, -0.007513964, -0.007782956, -0.0080491975, -0.008181613, -0.008444564, -0.0087047955, -0.008960321, -0.009085406, -0.00932804, -0.009558626, -0.009668657, -0.009877724, -0.010071386, -0.010162275, -0.010331187, -0.010481603, -0.010610825, -0.010666621, -0.010758379, -0.010821389, -0.010841614, -0.010858828, -0.010845704, -0.010802988, -0.010770689, -0.010684016, -0.010567437, -0.0104976185, -0.0103348205, -0.01014049, -0.010031416, -0.0097893635, -0.009515988, -0.009212737, -0.009050297, -0.008704588, -0.008330646, -0.008132441, -0.007711665, -0.0072545847, -0.006756492, -0.0064909915, -0.0059280205, -0.0053381026, -0.005050597, -0.0045850636, -0.0044949944
0, 0, 0, 0, 0, 0, 0, 0, 0, 0, 0, 0, 0, 0, 0, 0, 0, 0, 0, 0, 0, 0, 0, 0, 0, 0, 0, 0, 0, 0, 0, 0, 0, 0, 0, 0, 0, 0, 0, 0, 0, 0, 0, 0, 0, 0, 0, 0, 0, 0, 0, 0, 0, 0, 0, 0, 0, 0, 0, 0, 0, 0, 0, 0, 0, 0, -0.0028426226, -0.002673115, -0.0027548205, -0.0028377378, -0.00301279, -0.0031592983, -0.0032184203, -0.0033139111, -0.003389787, -0.003458287, -0.003492381, -0.0035622655, -0.0036343217, -0.003670881, -0.003744662, -0.0038199986, -0.003858926, -0.0039426186, -0.0040393197, -0.0041536, -0.004218079, -0.004361085, -0.004518517, -0.0046009463, -0.004769424, -0.004939898, -0.005111745, -0.0051988214, -0.0053783595, -0.005569222, -0.005670306, -0.0058851023, -0.006116084, -0.006236408, -0.006482822, -0.0067320694, -0.0069791144, -0.007101021, -0.0073410673, -0.0075772596, -0.0076945433, -0.007928555, -0.008162834, -0.008396681, -0.008512569, -0.0087395245, -0.008956395, -0.009059677, -0.009253994, -0.009430674, -0.009512024, -0.009660738, -0.009790533, -0.009901327, -0.009949418, -0.010029796, -0.010087308, -0.010106753, -0.010126359, -0.010119375, -0.010085465, -0.010058438, -0.009983705, -0.009880677, -0.00981815, -0.009670797, -0.009493074, -0.009392624, -0.0091686435, -0.008914628, -0.008632187, -0.008480979, -0.008159474, -0.0078128325, -0.007629504, -0.0072410433, -0.006820256, -0.0063624084, -0.0061184727, -0.005600674, -0.0050570113, -0.0047919294, -0.004364599, -0.004291627
0, 0, 0, 0, 0, 0, 0, 0, 0, 0, 0, 0, 0, 0, 0, 0, 0, 0, 0, 0, 0, 0, 0, 0, 0, 0, 0, 0, 0, 0, 0, 0, 0, 0, 0, 0, 0, 0, 0, 0, 0, 0, 0, 0, 0, 0, 0, 0, 0, 0, 0, 0, 0, 0, 0, 0, 0, 0, 0, 0, 0, 0, 0, 0, 0, -0.003685762, -0.002878471, -0.0027209483, -0.0028662253, -0.0029751938, -0.0031949528, -0.0033826074, -0.0034607265, -0.0035888557, -0.0036881694, -0.0037710047, -0.0038090886, -0.003883429, -0.0039576027, -0.0039946004, -0.004068932, -0.004143127, -0.004180571, -0.004258037, -0.004342941, -0.004439964, -0.004494029, -0.0046134163, -0.004744636, -0.004812946, -0.004951363, -0.0050887195, -0.005223675, -0.005290839, -0.005426745, -0.0055703754, -0.005647037, -0.005812823, -0.0059956643, -0.006092975, -0.006295507, -0.0065029543, -0.006709596, -0.006811514, -0.007011769, -0.0072083334, -0.007305935, -0.007501441, -0.0076991883, -0.007898697, -0.007998355, -0.00819401, -0.008380253, -0.008468017, -0.008630442, -0.008773805, -0.008838042, -0.008952209, -0.009048735, -0.009129376, -0.009164034, -0.009222211, -0.009264174, -0.009278154, -0.009290574, -0.00928099, -0.009248004, -0.009222641, -0.0091539975, -0.009060945, -0.009005008, -0.008873738, -0.008715966, -0.008626742, -0.008426945, -0.008198872, -0.007943493, -0.0078062504, -0.0075132907, -0.0071966606, -0.0070292195, -0.0066752476, -0.006293688, -0.0058811726, -0.005662218, -0.0051984973, -0.004712228, -0.0044754553, -0.0040971106, -0.0040465356
0, 0, 0, 0, 0, 0, 0, 0, 0, 0, 0, 0, 0, 0, 0, 0, 0, 0, 0, 0, 0, 0, 0, 0, 0, 0, 0, 0, 0, 0, 0, 0, 0, 0, 0, 0, 0, 0, 0, 0, 0, 0, 0, 0, 0, 0, 0, 0, 0, 0, 0, 0, 0, 0, 0, 0, 0, 0, 0, 0, 0, 0, 0, 0, 0, -0.0030842402, -0.0028352644, -0.0028570353, -0.0030651614, -0.003192103, -0.00344308, -0.0036651322, -0.00376169, -0.0039266963, -0.0040591597, -0.0041688615, -0.0042180456, -0.0043106754, -0.004399757, -0.0044438187, -0.004530854, -0.0046154778, -0.0046565933, -0.0047360314, -0.00481428, -0.0048950864, -0.004937571, -0.0050287517, -0.0051277815, -0.005179508, -0.0052852253, -0.005391007, -0.005495111, -0.005546227, -0.005648192, -0.0057531316, -0.005808256, -0.0059266146, -0.0060577844, -0.0061281007, -0.006275677, -0.006428646, -0.006581525, -0.006656959, -0.0068051233, -0.006950087, -0.0070220064, -0.0071658264, -0.0073118787, -0.007460074, -0.0075343186, -0.0076802303, -0.007817956, -0.007882136, -0.007998575, -0.008097938, -0.008141217, -0.008215782, -0.008276344, -0.0083253225, -0.008345885, -0.008379479, -0.008401842, -0.008407799, -0.00840688, -0.008386852, -0.008346196, -0.008318099, -0.008246816, -0.008155853, -0.008103075, -0.007983153, -0.007843258, -0.007765358, -0.0075922804, -0.0073950826, -0.007172636, -0.007052141, -0.006792847, -0.006509983, -0.0063599604, -0.0060428814, -0.005702222, -0.0053364527, -0.005143497, -0.0047367727, -0.0043124496, -0.0041068285, -0.0037834055, -0.0037585099
0, 0, 0, 0, 0, 0, 0, 0, 0, 0, 0, 0, 0, 0, 0, 0, 0, 0, 0, 0, 0, 0, 0, 0, 0, 0, 0, 0, 0, 0, 0, 0, 0, 0, 0, 0, 0, 0, 0, 0, 0, 0, 0, 0, 0, 0, 0, 0, 0, 0, 0, 0, 0, 0, 0, 0, 0, 0, 0, 0, 0, 0, 0, 0, -0.0041375034, -0.0035942774, -0.003118408, -0.0031604269, -0.0033855971, -0.0035183053, -0.0037848451, -0.0040326286, -0.00414578, -0.004347424, -0.0045170006, -0.0046589696, -0.0047225514, -0.0048392736, -0.0049482505, -0.0050012004, -0.0051046256, -0.005203032, -0.005249587, -0.0053346204, -0.005409034, -0.0054745683, -0.005505313, -0.005566527, -0.005630414, -0.0056643104, -0.005735717, -0.0058112284, -0.005888613, -0.005927245, -0.006003214, -0.006077536, -0.0061145523, -0.0061899074, -0.0062690754, -0.006310759, -0.006397401, -0.0064873104, -0.006577477, -0.0066219782, -0.006708987, -0.0067928745, -0.0068338397, -0.0069146627, -0.006995346, -0.007076808, -0.007117612, -0.007197935, -0.00727335, -0.0073079965, -0.0073697013, -0.0074202497, -0.0074414206, -0.007476274, -0.007502305, -0.0075209555, -0.0075277872, -0.007536361, -0.007536492, -0.007532348, -0.007513191, -0.007476745, -0.0074217757, -0.0073873806, -0.0073057623, -0.0072085964, -0.007154789, -0.0070378827, -0.0069090095, -0.0068397913, -0.006690263, -0.0065234075, -0.0063360147, -0.0062339627, -0.006012635, -0.0057685417, -0.005638253, -0.005361821, -0.0050647384, -0.0047471416, -0.0045803874, -0.0042308075, -0.0038692248, -0.0036955886, -0.0034293402, -0.0034316494
0, 0, 0, 0, 0, 0, 0, 0, 0, 0, 0, 0, 0, 0, 0, 0, 0, 0, 0, 0, 0, 0, 0, 0, 0, 0, 0, 0, 0, 0, 0, 0, 0, 0, 0, 0, 0, 0, 0, 0, 0, 0, 0, 0, 0, 0, 0, 0, 0, 0, 0, 0, 0, 0, 0, 0, 0, 0, 0, 0, 0, 0, 0, 0, -0.004496347, -0.0039860546, -0.0035587025, -0.0036049546, -0.0038251763, -0.0039571794, -0.004231043, -0.004499066, -0.00462626, -0.0048604095, -0.0050635943, -0.0052360785, -0.0053123455, -0.005450285, -0.0055752425, -0.005634762, -0.0057497458, -0.0058586397, -0.005909547, -0.006000713, -0.0060743103, -0.0061293016, -0.0061509954, -0.00618689, -0.0062193926, -0.0062364982, -0.0062749553, -0.0063203652, -0.006370915, -0.006396812, -0.00644693, -0.0064909677, -0.0065100878, -0.0065426277, -0.0065694153, -0.006581679, -0.006605759, -0.006630478, -0.006655724, -0.006668259, -0.006692232, -0.006712956, -0.0067216493, -0.0067353137, -0.006745147, -0.006752713, -0.006756345, -0.0067634154, -0.006769739, -0.0067722406, -0.0067750965, -0.006774266, -0.0067722825, -0.006765073, -0.0067532538, -0.0067371367, -0.006727359, -0.0067042443, -0.006675001, -0.0066572833, -0.0066135544, -0.0065561836, -0.0064837555, -0.006441919, -0.006347762, -0.006241542, -0.0061846576, -0.0060655405, -0.005940899, -0.0058767893, -0.005744113, -0.005602452, -0.0054474906, -0.0053638024, -0.005182393, -0.004981237, -0.004873254, -0.0046427567, -0.0043940176, -0.004127652, -0.003988056, -0.0036967716, -0.0033983884, -0.0032570523, -0.0030487778, -0.0030781124
0, 0, 0, 0, 0, 0, 0, 0, 0, 0, 0, 0, 0, 0, 0, 0, 0, 0, 0, 0, 0, 0, 0, 0, 0, 0, 0, 0, 0, 0, 0, 0, 0, 0, 0, 0, 0, 0, 0, 0, 0, 0, 0, 0, 0, 0, 0, 0, 0, 0, 0, 0, 0, 0, 0, 0, 0, 0, 0, 0, 0, 0, 0, -0.0056813587, -0.004459061, -0.0041223858, -0.003925627, -0.0040601464, -0.004311023, -0.0044515287, -0.0047419383, -0.005030616, -0.005169979, -0.0054309536, -0.0056610173, -0.005856734, -0.0059425975, -0.0060951253, -0.0062295105, -0.006292234, -0.006412648, -0.006526779, -0.00658053, -0.006677295, -0.006753843, -0.006806382, -0.006824042, -0.0068459585, -0.0068571237, -0.0068612844, -0.006871776, -0.0068872906, -0.006907155, -0.0069172033, -0.0069340244, -0.0069403863, -0.0069382363, -0.0069229016, -0.006895117, -0.006877895, -0.0068405783, -0.0068032173, -0.0067676962, -0.006750467, -0.006715769, -0.0066775903, -0.0066560665, -0.0066064866, -0.006548562, -0.006484873, -0.006452183, -0.006387172, -0.0063251173, -0.00629545, -0.0062384843, -0.006183603, -0.0061562173, -0.0061002434, -0.006041122, -0.0059780898, -0.005945186, -0.00587733, -0.005806924, -0.0057706316, -0.005694981, -0.0056134406, -0.005524162, -0.0054762247, -0.0053734807, -0.0052621746, -0.0052039116, -0.005083914, -0.0049619763, -0.0049010357, -0.004779555, -0.0046570245, -0.0045296545, -0.0044627823, -0.0043203393, -0.0041638175, -0.004079806, -0.0038998206, -0.0037042308, -0.003493681, -0.0033831783, -0.003153009, -0.0029194106, -0.0028107178, -0.002660372, -0.0027159706
0, 0, 0, 0, 0, 0, 0, 0, 0, 0, 0, 0, 0, 0, 0, 0, 0, 0, 0, 0, 0, 0, 0, 0, 0, 0, 0, 0, 0, 0, 0, 0, 0, 0, 0, 0, 0, 0, 0, 0, 0, 0, 0, 0, 0, 0, 0, 0, 0, 0, 0, 0, 0, 0, 0, 0, 0, 0, 0, 0, 0, 0, 0, -0.0042489897, -0.0039854716, -0.003960582, -0.004126151, -0.004425454, -0.004752982, -0.004916284, -0.0052373116, -0.0055478048, -0.0056969523, -0.0059777554, -0.0062275697, -0.006441346, -0.006535207, -0.0067004007, -0.0068427403, -0.0069082016, -0.007032112, -0.0071492624, -0.0072048167, -0.007306619, -0.0073891603, -0.00744637, -0.0074649286, -0.0074840905, -0.0074854596, -0.007481942, -0.007471015, -0.00745859, -0.0074445815, -0.007435907, -0.00741149, -0.0073722578, -0.0073457244, -0.0072784903, -0.007195722, -0.0071503757, -0.007056407, -0.0069627967, -0.0068725967, -0.0068285647, -0.006740475, -0.0066483407, -0.0065992433, -0.0064922003, -0.006373241, -0.0062455568, -0.0061802785, -0.0060501145, -0.0059251618, -0.0058652363, -0.0057503576, -0.0056399517, -0.005585225, -0.0054740147, -0.0053583295, -0.005237501, -0.0051757894, -0.0050519956, -0.004931206, -0.0048727663, -0.004760531, -0.0046537393, -0.0045497734, -0.00449793, -0.00439247, -0.0042830794, -0.0042267363, -0.0041116704, -0.003995808, -0.0039386717, -0.0038275465, -0.0037209974, -0.0036172187, -0.0035652593, -0.0034588045, -0.0033455833, -0.0032854958, -0.0031570506, -0.003016982, -0.0028653468, -0.0027854699, -0.0026189424, -0.0024513518, -0.002375349, -0.0022820847, -0.0023627796
0, 0, 0, 0, 0, 0, 0, 0, 0, 0, 0, 0, 0, 0, 0, 0, 0, 0, 0, 0, 0, 0, 0, 0, 0, 0, 0, 0, 0, 0, 0, 0, 0, 0, 0, 0, 0, 0, 0, 0, 0, 0, 0, 0, 0, 0, 0, 0, 0, 0, 0, 0, 0, 0, 0, 0, 0, 0, 0, 0, 0, 0, 0, -0.0040850784, -0.003830777, -0.003920032, -0.004281122, -0.0047027944, -0.0051008444, -0.005286398, -0.005635081, -0.0059605315, -0.006115391, -0.006407518, -0.006671572, -0.006902698, -0.007005783, -0.0071889074, -0.007345937, -0.0074170777, -0.0075487797, -0.007670097, -0.0077273143, -0.007832397, -0.007919433, -0.007982389, -0.008003547, -0.008025387, -0.0080235405, -0.00801562, -0.007989249, -0.007952049, -0.007905265, -0.007877683, -0.0078116427, -0.0077275885, -0.0076778103, -0.0075630513, -0.0074321073, -0.0073623983, -0.007219502, -0.007076696, -0.006936527, -0.0068672504, -0.0067278077, -0.006582902, -0.006506812, -0.006345014, -0.0061702244, -0.0059856866, -0.005891888, -0.005705523, -0.0055252765, -0.005438208, -0.005269997, -0.0051064654, -0.005024985, -0.0048591676, -0.004687259, -0.004509315, -0.0044192784, -0.004241243, -0.004072056, -0.0039924765, -0.0038456935, -0.0037153324, -0.0035985138, -0.0035436118, -0.0034376562, -0.0033332205, -0.0032805863, -0.0031746621, -0.0030692625, -0.0030178512, -0.0029198322, -0.002830076, -0.0027484875, -0.002710172, -0.0026362485, -0.0025624451, -0.0025244006, -0.002444317, -0.0023576606, -0.0022638033, -0.0022141365, -0.0021106272, -0.0020077534, -0.0019634943, -0.0019250504, -0.0020291433
0, 0, 0, 0, 0, 0, 0, 0, 0, 0, 0, 0, 0, 0, 0, 0, 0, 0, 0, 0, 0, 0, 0, 0, 0, 0, 0, 0, 0, 0, 0, 0, 0, 0, 0, 0, 0, 0, 0, 0, 0, 0, 0, 0, 0, 0, 0, 0, 0, 0, 0, 0, 0, 0, 0, 0, 0, 0, 0, 0, 0, 0, -0.0049101273, -0.00408189, -0.0039429455, -0.0040647807, -0.004469163, -0.0049212934, -0.0053406917, -0.005532662, -0.0058866595, -0.0062112175, -0.006365377, -0.006659567, -0.006933496, -0.007183497, -0.0072983704, -0.0075063272, -0.0076865414, -0.007767058, -0.007912315, -0.008039234, -0.008096915, -0.008200668, -0.008285862, -0.008348142, -0.008369464, -0.008391292, -0.008386443, -0.008374708, -0.0083352905, -0.008277246, -0.008202954, -0.00815979, -0.008060768, -0.007942715, -0.007876065, -0.0077278144, -0.0075624743, -0.0074750017, -0.0072942018, -0.0071092793, -0.0069225053, -0.00682829, -0.0066367085, -0.0064379657, -0.0063347835, -0.0061195814, -0.0058932444, -0.00565905, -0.005540963, -0.00530707, -0.005079841, -0.004969565, -0.0047549168, -0.0045452123, -0.0044407314, -0.004229878, -0.0040143207, -0.003794904, -0.0036851184, -0.0034699107, -0.0032675248, -0.0031732789, -0.0030010813, -0.002851501, -0.0027215087, -0.002662297, -0.0025520073, -0.0024485127, -0.0023982858, -0.002300205, -0.0022065053, -0.0021620493, -0.0020802373, -0.0020098053, -0.0019511014, -0.0019257797, -0.0018813844, -0.0018421845, -0.0018234315, -0.0017857454, -0.0017464083, -0.0017046935, -0.001682774, -0.0016374252, -0.001594849, -0.0015800853, -0.0015924742, -0.001718334
0, 0, 0, 0, 0, 0, 0, 0, 0, 0, 0, 0, 0, 0, 0, 0, 0, 0, 0, 0, 0, 0, 0, 0, 0, 0, 0, 0, 0, 0, 0, 0, 0, 0, 0, 0, 0, 0, 0, 0, 0, 0, 0, 0, 0, 0, 0, 0, 0, 0, 0, 0, 0, 0, 0, 0, 0, 0, 0, 0, 0, -0.0052209836, -0.0047238423, -0.004121538, -0.0041231653, -0.004258946, -0.004644574, -0.0050660716, -0.005460661, -0.0056425394, -0.005978342, -0.0062875673, -0.0064356155, -0.006724228, -0.0070033413, -0.0072691296, -0.0073949634, -0.007628212, -0.007832413, -0.007922737, -0.008080573, -0.008210338, -0.0082660355, -0.008361546, -0.008436461, -0.008489903, -0.008507631, -0.008523384, -0.008511946, -0.008496105, -0.008445057, -0.008370528, -0.008275832, -0.00822167, -0.008100728, -0.007962659, -0.00788698, -0.0077215694, -0.0075379806, -0.007439894, -0.0072330595, -0.007014364, -0.006785851, -0.0066682673, -0.006427095, -0.006177328, -0.0060492125, -0.005787067, -0.0055179293, -0.005244698, -0.0051080384, -0.004837323, -0.004572874, -0.0044436515, -0.0041908207, -0.003944025, -0.0038221113, -0.0035800906, -0.0033393765, -0.0031011768, -0.002983775, -0.0027558329, -0.002541667, -0.0024414482, -0.0022564563, -0.002092613, -0.0019483417, -0.0018824522, -0.0017611145, -0.0016512992, -0.0016001178, -0.0015052692, -0.0014214827, -0.0013842568, -0.0013201584, -0.0012708411, -0.0012357966, -0.0012230972, -0.0012058276, -0.0011968876, -0.001194569, -0.001193017, -0.001194345, -0.0011976393, -0.0011997063, -0.0012051937, -0.0012160239, -0.0012276834, -0.0012859344, -0.0014311433
0, 0, 0, 0, 0, 0, 0, 0, 0, 0, 0, 0, 0, 0, 0, 0, 0, 0, 0, 0, 0, 0, 0, 0, 0, 0, 0, 0, 0, 0, 0, 0, 0, 0, 0, 0, 0, 0, 0, 0, 0, 0, 0, 0, 0, 0, 0, 0, 0, 0, 0, 0, 0, 0, 0, 0, 0, 0, 0, 0, 0, -0.0048678415, -0.004449765, -0.004102479, -0.0042129983, -0.004355465, -0.004709738, -0.005084332, -0.0054387855, -0.005604389, -0.0059142346, -0.0062039834, -0.006344761, -0.0066236705, -0.0069009643, -0.007172322, -0.007303034, -0.007548232, -0.0077636824, -0.007857857, -0.008018201, -0.0081426045, -0.008193136, -0.008275122, -0.008335736, -0.008376661, -0.008389564, -0.008397732, -0.008379722, -0.008360301, -0.008300232, -0.008213611, -0.00810407, -0.008042234, -0.007906801, -0.007757343, -0.0076771597, -0.007505, -0.0073139374, -0.0072107203, -0.006988375, -0.006745425, -0.00648466, -0.006348554, -0.0060681817, -0.005779795, -0.0056338734, -0.005339945, -0.0050446657, -0.004749292, -0.0046020434, -0.004309018, -0.004019646, -0.0038767369, -0.0035951817, -0.003320578, -0.0031864117, -0.002925141, -0.00267413, -0.0024342667, -0.002318593, -0.00209637, -0.0018872345, -0.0017878177, -0.0016000344, -0.0014272636, -0.0012694998, -0.0011963409, -0.0010615102, -0.0009425526, -0.0008893582, -0.00079629954, -0.0007218468, -0.0006917949, -0.0006460021, -0.0006180717, -0.00060596765, -0.00060515845, -0.0006125912, -0.00063046673, -0.0006426921, -0.00067276735, -0.00070952676, -0.0007517437, -0.00077457086, -0.00082355086, -0.0008796956, -0.00091389316, -0.001011561, -0.0011735603
0, 0, 0, 0, 0, 0, 0, 0, 0, 0, 0, 0, 0, 0, 0, 0, 0, 0, 0, 0, 0, 0, 0, 0, 0, 0, 0, 0, 0, 0, 0, 0, 0, 0, 0, 0, 0, 0, 0, 0, 0, 0, 0, 0, 0, 0, 0, 0, 0, 0, 0, 0, 0, 0, 0, 0, 0, 0, 0, 0, -0.00518892, -0.0042601465, -0.003999915, -0.0038948013, -0.0040996713, -0.0042520016, -0.00458905, -0.00492969, -0.0052535306, -0.0054072794, -0.0056983614, -0.0059742085, -0.0061089476, -0.006376191, -0.0066420673, -0.006902538, -0.0070279106, -0.007262209, -0.007466223, -0.0075544696, -0.0077016074, -0.0078115393, -0.007854693, -0.007922709, -0.007972292, -0.008006106, -0.008016885, -0.008022872, -0.008003641, -0.007983201, -0.007918497, -0.007823327, -0.0077022812, -0.0076340707, -0.00748615, -0.0073266528, -0.007242915, -0.007065583, -0.0068705394, -0.0067648184, -0.006534279, -0.0062777568, -0.0059983595, -0.005851819, -0.005550158, -0.0052435235, -0.0050903303, -0.004786427, -0.004486537, -0.0041891946, -0.0040404983, -0.0037423032, -0.0034424074, -0.0032923627, -0.0029937415, -0.0027014166, -0.0025594858, -0.002287228, -0.002033056, -0.0017979427, -0.0016869153, -0.0014762789, -0.0012777969, -0.0011821546, -0.0009973631, -0.00082156464, -0.0006569445, -0.0005799778, -0.00043915247, -0.00031879815, -0.0002672123, -0.00018226981, -0.00012150026, -9.985123e-05, -7.269262e-05, -6.445205e-05, -7.2458126e-05, -8.1879516e-05, -0.00011067332, -0.00015198492, -0.00017715221, -0.00023608435, -0.00030472924, -0.00038142715, -0.00042213374, -0.00050762936, -0.0006006974, -0.00065289676, -0.0007815786, -0.00095599674
0, 0, 0, 0, 0, 0, 0, 0, 0, 0, 0, 0, 0, 0, 0, 0, 0, 0, 0, 0, 0, 0, 0, 0, 0, 0, 0, 0, 0, 0, 0, 0, 0, 0, 0, 0, 0, 0, 0, 0, 0, 0, 0, 0, 0, 0, 0, 0, 0, 0, 0, 0, 0, 0, 0, 0, 0, 0, 0, 0, -0.003546273, -0.0033397004, -0.0033218616, -0.0034817667, -0.0037796036, -0.0039456156, -0.0042803786, -0.0046037952, -0.0049100486, -0.0050566313, -0.0053369277, -0.0056027314, -0.005731494, -0.005982937, -0.00622626, -0.006458234, -0.0065679573, -0.0067697912, -0.0069423122, -0.007015921, -0.0071375207, -0.0072280625, -0.007264011, -0.0073224255, -0.0073684235, -0.0074036834, -0.0074162283, -0.007427127, -0.0074118646, -0.0073923636, -0.007326781, -0.0072266087, -0.0070965886, -0.007022979, -0.0068637882, -0.0066939103, -0.006605938, -0.006422228, -0.0062235207, -0.006116593, -0.0058836695, -0.0056242123, -0.0053414437, -0.0051936693, -0.004891291, -0.004587419, -0.0044374214, -0.004143435, -0.0038571754, -0.0035740228, -0.0034318492, -0.0031433671, -0.0028476042, -0.002697515, -0.0023960955, -0.002099323, -0.0019554019, -0.0016809347, -0.0014284432, -0.0011990119, -0.0010921538, -0.0008908074, -0.0007015848, -0.00061007193, -0.00043185815, -0.00026134716, -0.00010252838, -2.9248351e-05, 0.00010131187, 0.00020673875, 0.0002493057, 0.00031438586, 0.00035454356, 0.00036626484, 0.00037521485, 0.00036741336, 0.0003446553, 0.0003278166, 0.00028288362, 0.00022213203, 0.00018582106, 0.0001017275, 4.6723767e-06, -0.00010171413, -0.00015723964, -0.00027155638, -0.0003918489, -0.0004567789, -0.0006063919, -0.0007876031
0, 0, 0, 0, 0, 0, 0, 0, 0, 0, 0, 0, 0, 0, 0, 0, 0, 0, 0, 0, 0, 0, 0, 0, 0, 0, 0, 0, 0, 0, 0, 0, 0, 0, 0, 0, 0, 0, 0, 0, 0, 0, 0, 0, 0, 0, 0, 0, 0, 0, 0, 0, 0, 0, 0, 0, 0, 0, 0, 0, -0.00285624, -0.0027195443, -0.002781599, -0.0030443764, -0.003374439, -0.0035412777, -0.003862934, -0.0041656247, -0.0044521797, -0.0045898994, -0.0048541394, -0.005103497, -0.005222357, -0.005448569, -0.005658763, -0.005850555, -0.0059385756, -0.006096803, -0.0062290677, -0.0062851803, -0.0063790325, -0.006451379, -0.00648183, -0.0065348814, -0.0065807262, -0.006618707, -0.0066331113, -0.006647396, -0.0066345637, -0.0066153132, -0.0065492904, -0.0064463164, -0.006312338, -0.0062361844, -0.0060714916, -0.0058964016, -0.0058059706, -0.005618985, -0.0054197125, -0.005313675, -0.0050850864, -0.004833577, -0.004561867, -0.0044208085, -0.004134107, -0.0038485515, -0.0037085842, -0.0034357468, -0.0031711564, -0.0029093963, -0.0027772735, -0.0025073008, -0.002227575, -0.0020848005, -0.0017968433, -0.0015130824, -0.0013754462, -0.0011134695, -0.0008731047, -0.00065469864, -0.0005530137, -0.0003614797, -0.00018178651, -9.539821e-05, 7.105332e-05, 0.00022643831, 0.00036552947, 0.00042693983, 0.00053031766, 0.00060565595, 0.00063291873, 0.00066889246, 0.00068440015, 0.00068602484, 0.0006795281, 0.0006612038, 0.0006302251, 0.00060919794, 0.0005539383, 0.00047890493, 0.0004338629, 0.00032963205, 0.00021012774, 8.126908e-05, 1.5143911e-05, -0.0001183341, -0.00025496114, -0.0003269053, -0.00048711995, -0.0006698267
0, 0, 0, 0, 0, 0, 0, 0, 0, 0, 0, 0, 0, 0, 0, 0, 0, 0, 0, 0, 0, 0, 0, 0, 0, 0, 0, 0, 0, 0, 0, 0, 0, 0, 0, 0, 0, 0, 0, 0, 0, 0, 0, 0, 0, 0, 0, 0, 0, 0, 0, 0, 0, 0, 0, 0, 0, 0, 0, -0.0029593403, -0.0025163842, -0.0024194536, -0.0024852222, -0.0027296413, -0.0030225297, -0.0031682148, -0.0034467021, -0.0037075132, -0.0039556473, -0.0040755635, -0.004306515, -0.004523378, -0.00462531, -0.004814796, -0.004983596, -0.0051311078, -0.005196884, -0.005312787, -0.005409089, -0.0054504965, -0.005521691, -0.0055801747, -0.0056057833, -0.0056513418, -0.005689885, -0.0057191853, -0.0057287426, -0.005733128, -0.0057113045, -0.0056886165, -0.0056181126, -0.0055151233, -0.0053840457, -0.0053104716, -0.0051517766, -0.004982846, -0.004895378, -0.0047146287, -0.004522886, -0.004421604, -0.004206036, -0.003972382, -0.0037232663, -0.0035947054, -0.0033341818, -0.0030749629, -0.0029475256, -0.0026982003, -0.0024550091, -0.0022135307, -0.0020918497, -0.0018436437, -0.0015885038, -0.0014592095, -0.0012007983, -0.0009487021, -0.0008272704, -0.0005967399, -0.00038483212, -0.00019058517, -9.923916e-05, 7.422368e-05, 0.00023749888, 0.00031551032, 0.00046268926, 0.00059404783, 0.0007038827, 0.00074891764, 0.0008175362, 0.00085801934, 0.00086886936, 0.0008760963, 0.0008696341, 0.00086315145, 0.00084566476, 0.00082151865, 0.00078665075, 0.0007633577, 0.0007017127, 0.00061710126, 0.0005660824, 0.0004484636, 0.00031522117, 0.0001741877, 0.000102960235, -3.8522092e-05, -0.00018055482, -0.00025440587, -0.00041664124, -0.0005970335
0, 0, 0, 0, 0, 0, 0, 0, 0, 0, 0, 0, 0, 0, 0, 0, 0, 0, 0, 0, 0, 0, 0, 0, 0, 0, 0, 0, 0, 0, 0, 0, 0, 0, 0, 0, 0, 0, 0, 0, 0, 0, 0, 0, 0, 0, 0, 0, 0, 0, 0, 0, 0, 0, 0, 0, 0, 0, 0, -0.0027243001, -0.0023575556, -0.0023165238, -0.0023755862, -0.002567715, -0.0027920303, -0.0029031034, -0.0031152675, -0.0033139717, -0.0035035843, -0.0035958933, -0.0037750937, -0.003943161, -0.004021567, -0.0041651423, -0.0042892797, -0.004394442, -0.004440423, -0.0045211534, -0.0045894007, -0.0046197716, -0.0046734987, -0.0047180424, -0.0047366954, -0.0047658966, -0.0047823326, -0.00478471, -0.004779634, -0.004755598, -0.0047099977, -0.0046788836, -0.004598996, -0.0044973968, -0.004376926, -0.0043109837, -0.004169857, -0.004018929, -0.003940243, -0.0037758173, -0.0036006293, -0.0035081687, -0.0033132937, -0.0031050586, -0.002885613, -0.0027730756, -0.0025447754, -0.0023158367, -0.002201932, -0.0019764192, -0.0017535599, -0.0015314785, -0.0014201145, -0.0011964046, -0.00097223715, -0.0008610698, -0.00064378354, -0.00043714044, -0.00033899664, -0.00015432682, 1.5008139e-05, 0.00017186442, 0.0002466387, 0.0003903097, 0.0005265538, 0.0005912528, 0.0007109403, 0.00081292354, 0.0008913443, 0.00092043076, 0.00095831807, 0.0009715553, 0.0009706256, 0.00095822004, 0.00093773205, 0.00092606904, 0.0009010013, 0.0008713174, 0.000831435, 0.00080541475, 0.0007375243, 0.00064622995, 0.00059189124, 0.00046880433, 0.00033244767, 0.00019084738, 0.00012029584, -1.8206745e-05, -0.00015636136, -0.00022829806, -0.0003869817, -0.0005634141
0, 0, 0, 0, 0, 0, 0, 0, 0, 0, 0, 0, 0, 0, 0, 0, 0, 0, 0, 0, 0, 0, 0, 0, 0, 0, 0, 0, 0, 0, 0, 0, 0, 0, 0, 0, 0, 0, 0, 0, 0, 0, 0, 0, 0, 0, 0, 0, 0, 0, 0, 0, 0, 0, 0, 0, 0, 0, -0.0031043168, -0.0025600672, -0.0023237893, -0.002331072, -0.0023829758, -0.0025263273, -0.00268321, -0.002759189, -0.0029019935, -0.0030335844, -0.0031582625, -0.0032192704, -0.0033386936, -0.0034515015, -0.0035038963, -0.003598493, -0.0036785298, -0.0037442576, -0.0037725314, -0.003822256, -0.0038649552, -0.003884146, -0.0039171753, -0.003941095, -0.0039481116, -0.0039494704, -0.0039315824, -0.0038941128, -0.0038684893, -0.0038055864, -0.0037292382, -0.0036870993, -0.0035960365, -0.0034967877, -0.003390111, -0.0033336184, -0.0032145302, -0.0030858575, -0.0030177154, -0.0028732743, -0.0027176116, -0.0026357097, -0.0024643783, -0.0022843918, -0.0020975838, -0.0020024863, -0.0018097984, -0.0016148315, -0.0015168838, -0.0013199435, -0.0011226131, -0.0009254063, -0.00082732766, -0.0006338685, -0.00044633326, -0.0003559285, -0.00018402316, -2.5665282e-05, 4.8018588e-05, 0.00018525808, 0.00031008595, 0.00042586005, 0.00048132107, 0.00058832375, 0.00068959635, 0.00073716365, 0.0008233946, 0.00089344016, 0.00094315846, 0.0009596979, 0.0009768954, 0.0009754056, 0.0009690176, 0.00094835664, 0.0009210274, 0.0009057856, 0.00087249314, 0.00083307124, 0.0007828, 0.00075180427, 0.00067562726, 0.0005797592, 0.00052498846, 0.00040480736, 0.00027594878, 0.00014487622, 8.0071004e-05, -4.736112e-05, -0.0001757575, -0.00024353903, -0.00039571145, -0.0005685048
0, 0, 0, 0, 0, 0, 0, 0, 0, 0, 0, 0, 0, 0, 0, 0, 0, 0, 0, 0, 0, 0, 0, 0, 0, 0, 0, 0, 0, 0, 0, 0, 0, 0, 0, 0, 0, 0, 0, 0, 0, 0, 0, 0, 0, 0, 0, 0, 0, 0, 0, 0, 0, 0, 0, 0, 0, -0.003217147, -0.0029112054, -0.0024860664, -0.0023672113, -0.0024088705, -0.0024551938, -0.0025623874, -0.0026679847, -0.0027165809, -0.002803525, -0.0028792997, -0.0029484075, -0.0029821612, -0.0030479631, -0.003109774, -0.0031382649, -0.0031875817, -0.0032258616, -0.0032535887, -0.003263912, -0.0032791358, -0.0032894763, -0.0032926153, -0.003294221, -0.0032859463, -0.0032764156, -0.003243347, -0.003189203, -0.0031145788, -0.0030710094, -0.0029757456, -0.0028749416, -0.0028244266, -0.0027248617, -0.0026278233, -0.0025310686, -0.0024816864, -0.002378072, -0.0022647686, -0.0022038354, -0.002073397, -0.0019329103, -0.0018597452, -0.0017092794, -0.0015554548, -0.0014002934, -0.0013224668, -0.0011665266, -0.0010093995, -0.00093031896, -0.0007702726, -0.00060873834, -0.0004474575, -0.00036781543, -0.00021294295, -6.6504246e-05, 2.68204e-06, 0.00013224287, 0.0002494064, 0.00030368273, 0.00040401585, 0.00049464905, 0.0005770491, 0.00061564706, 0.000687691, 0.00075223093, 0.00078133453, 0.0008314598, 0.0008690919, 0.00089307554, 0.0008998687, 0.0009038207, 0.0008959603, 0.00088813656, 0.00086512923, 0.0008332998, 0.0008142003, 0.00076929526, 0.0007148581, 0.00064927415, 0.00061179226, 0.00052739633, 0.00043129228, 0.00037960018, 0.00027117203, 0.00015920389, 4.6688718e-05, -9.304662e-06, -0.00012125962, -0.00023747387, -0.00030034262, -0.0004450952, -0.0006146184
0, 0, 0, 0, 0, 0, 0, 0, 0, 0, 0, 0, 0, 0, 0, 0, 0, 0, 0, 0, 0, 0, 0, 0, 0, 0, 0, 0, 0, 0, 0, 0, 0, 0, 0, 0, 0, 0, 0, 0, 0, 0, 0, 0, 0, 0, 0, 0, 0, 0, 0, 0, 0, 0, 0, 0, 0, -0.002992596, -0.0027362634, -0.0024797749, -0.0024529884, -0.0025186199, -0.0025616765, -0.0026477163, -0.002722169, -0.0027537115, -0.0028051625, -0.002843679, -0.0028739914, -0.0028877773, -0.0029131824, -0.0029351555, -0.0029439451, -0.0029548043, -0.0029550444, -0.0029443505, -0.0029351094, -0.0029102024, -0.0028778485, -0.0028596045, -0.0028185477, -0.0027698327, -0.0027414223, -0.0026744986, -0.0025922093, -0.0024955526, -0.0024431474, -0.0023339642, -0.0022242272, -0.002170625, -0.0020676765, -0.001970064, -0.0018747502, -0.0018262268, -0.0017243302, -0.0016130876, -0.0015534892, -0.0014273818, -0.00129505, -0.0012279641, -0.0010939076, -0.0009624897, -0.0008352372, -0.0007732421, -0.0006516311, -0.00053174875, -0.00047209082, -0.00035273944, -0.00023347158, -0.00011607248, -5.8719193e-05, 5.2008498e-05, 0.00015589851, 0.00020516726, 0.00029817634, 0.00038442193, 0.00042525856, 0.00050200283, 0.00057152356, 0.0006318631, 0.0006581073, 0.00070164667, 0.0007331269, 0.0007446201, 0.00075978047, 0.0007659949, 0.000765699, 0.0007636111, 0.0007555152, 0.0007419339, 0.000732406, 0.0007061069, 0.0006678526, 0.00064382516, 0.0005856282, 0.00051550235, 0.0004360111, 0.0003938248, 0.00030658895, 0.00021799737, 0.00017363363, 8.5139654e-05, -3.4800828e-06, -9.3245275e-05, -0.00013921977, -0.00023480042, -0.00033871812, -0.00039658602, -0.00053315924, -0.00069930404
0, 0, 0, 0, 0, 0, 0, 0, 0, 0, 0, 0, 0, 0, 0, 0, 0, 0, 0, 0, 0, 0, 0, 0, 0, 0, 0, 0, 0, 0, 0, 0, 0, 0, 0, 0, 0, 0, 0, 0, 0, 0, 0, 0, 0, 0, 0, 0, 0, 0, 0, 0, 0, 0, 0, 0, -0.003316978, -0.0027823097, -0.0026239324, -0.002518568, -0.002561987, -0.0026486367, -0.0026928957, -0.0027725587, -0.002834644, -0.0028586355, -0.0028928656, -0.0029104059, -0.002916707, -0.0029169014, -0.0029138224, -0.0029055073, -0.0028987285, -0.002878137, -0.0028456014, -0.002799051, -0.002770684, -0.0027041729, -0.002627475, -0.0025863412, -0.0025008155, -0.002412008, -0.002366512, -0.002272504, -0.0021739053, -0.002070542, -0.0020177148, -0.0019105085, -0.0018035516, -0.0017505283, -0.001645605, -0.0015415018, -0.0014365065, -0.0013826638, -0.0012703077, -0.0011510839, -0.0010891444, -0.0009628426, -0.0008367496, -0.000775176, -0.00065671746, -0.00054566254, -0.00044211373, -0.0003927576, -0.00029787712, -0.00020701191, -0.00016263805, -7.659092e-05, 5.4669017e-06, 8.232078e-05, 0.00011861471, 0.00018727881, 0.00025161225, 0.00028273455, 0.0003438462, 0.0004045629, 0.00043465613, 0.0004932717, 0.0005467154, 0.0005901455, 0.0006066188, 0.00062727253, 0.00063136936, 0.00062799384, 0.00061307737, 0.000591667, 0.00056869554, 0.000557452, 0.00053575425, 0.00051275437, 0.0004994212, 0.0004659864, 0.00041983597, 0.00039123086, 0.00032343983, 0.00024470015, 0.00016076582, 0.00011898856, 3.9087823e-05, -3.345517e-05, -6.7013396e-05, -0.0001304844, -0.00019325715, -0.0002601119, -0.00029628928, -0.00037572018, -0.0004670975, -0.0005193877, -0.00064593955, -0.00080756
0, 0, 0, 0, 0, 0, 0, 0, 0, 0, 0, 0, 0, 0, 0, 0, 0, 0, 0, 0, 0, 0, 0, 0, 0, 0, 0, 0, 0, 0, 0, 0, 0, 0, 0, 0, 0, 0, 0, 0, 0, 0, 0, 0, 0, 0, 0, 0, 0, 0, 0, 0, 0, 0, 0, 0, -0.0030002834, -0.002631964, -0.0025657567, -0.0025794741, -0.0026771894, -0.0027873586, -0.00283777, -0.0029241887, -0.0029887576, -0.0030121794, -0.0030424336, -0.0030512426, -0.0030428702, -0.0030341155, -0.0030094243, -0.002976987, -0.0029580821, -0.0029128494, -0.0028547926, -0.0027816943, -0.0027388998, -0.002641626, -0.0025316388, -0.002473415, -0.0023544156, -0.002235962, -0.0021780708, -0.0020658048, -0.0019578864, -0.0018530706, -0.0018012803, -0.0016976955, -0.0015919104, -0.0015375048, -0.0014253858, -0.0013078117, -0.0011857919, -0.0011233294, -0.0009964674, -0.00086887006, -0.00080598134, -0.00068385736, -0.00056935905, -0.00051572925, -0.00041561812, -0.00032406245, -0.00023906054, -0.00019844182, -0.00011981179, -4.444427e-05, -8.298551e-06, 5.986613e-05, 0.00011994963, 0.00017031968, 0.00019189299, 0.00022929687, 0.00026187906, 0.0002774207, 0.00030919694, 0.00034361085, 0.0003616829, 0.00039787486, 0.00043061867, 0.00045380354, 0.00046012565, 0.0004600529, 0.0004426148, 0.00042836362, 0.0003920709, 0.00035090777, 0.00031051584, 0.00029157975, 0.00025639115, 0.00022242381, 0.00020440822, 0.0001631845, 0.00011171299, 8.1540915e-05, 1.3284277e-05, -6.1679064e-05, -0.00013677056, -0.00017214612, -0.00023534357, -0.000286896, -0.00030891207, -0.00034863228, -0.00038841498, -0.00043497205, -0.00046206178, -0.00052489643, -0.0006011166, -0.00064605987, -0.000759201, -0.0009138842
0, 0, 0, 0, 0, 0, 0, 0, 0, 0, 0, 0, 0, 0, 0, 0, 0, 0, 0, 0, 0, 0, 0, 0, 0, 0, 0, 0, 0, 0, 0, 0, 0, 0, 0, 0, 0, 0, 0, 0, 0, 0, 0, 0, 0, 0, 0, 0, 0, 0, 0, 0, 0, 0, 0, -0.0031282047, -0.0026928943, -0.0025225435, -0.0025275843, -0.0026276624, -0.0027674134, -0.0029016496, -0.0029615606, -0.0030635765, -0.0031404975, -0.0031688525, -0.0032052945, -0.003214509, -0.0032001345, -0.0031859574, -0.003146779, -0.0030971272, -0.0030692758, -0.0030074888, -0.002935668, -0.0028504843, -0.002802179, -0.0026934955, -0.0025711032, -0.0025062163, -0.002373397, -0.0022411149, -0.002176624, -0.0020530745, -0.0019359734, -0.001824201, -0.0017691561, -0.0016579721, -0.0015418458, -0.0014809209, -0.001353159, -0.0012180966, -0.0010794969, -0.0010102087, -0.0008745256, -0.00074644055, -0.00068662106, -0.0005765532, -0.0004795097, -0.00043540334, -0.00035412397, -0.00027871234, -0.00020608137, -0.0001701748, -9.86376e-05, -2.8044502e-05, 5.990051e-06, 6.9094334e-05, 0.00012207346, 0.00016194338, 0.00017680858, 0.00019757957, 0.00020991302, 0.00021419128, 0.00022141829, 0.0002286893, 0.0002326328, 0.00024016976, 0.0002449042, 0.00024274894, 0.00023789042, 0.0002187713, 0.00018675103, 0.00016667729, 0.00012078137, 7.1445196e-05, 2.2944816e-05, -2.2756433e-07, -4.4125238e-05, -8.6113025e-05, -0.000107422544, -0.0001526834, -0.000203249, -0.00023073608, -0.0002891716, -0.00034918345, -0.0004058327, -0.0004314657, -0.0004751716, -0.0005085269, -0.0005219958, -0.0005458213, -0.0005704431, -0.0006012305, -0.0006198412, -0.0006643327, -0.00072058366, -0.0007553629, -0.0008503873, -0.0009951697
0, 0, 0, 0, 0, 0, 0, 0, 0, 0, 0, 0, 0, 0, 0, 0, 0, 0, 0, 0, 0, 0, 0, 0, 0, 0, 0, 0, 0, 0, 0, 0, 0, 0, 0, 0, 0, 0, 0, 0, 0, 0, 0, 0, 0, 0, 0, 0, 0, 0, 0, 0, 0, 0, -0.0028739534, -0.0026841927, -0.0024185837, -0.0024059082, -0.0024589815, -0.0026139258, -0.0027814894, -0.00293508, -0.0030041009, -0.0031234326, -0.003217772, -0.0032541638, -0.0033049136, -0.003324991, -0.00331622, -0.0033025318, -0.0032611024, -0.0032060267, -0.0031753993, -0.003109546, -0.0030373337, -0.0029555548, -0.0029103197, -0.0028093876, -0.0026946135, -0.0026330836, -0.0025041099, -0.002371854, -0.002305804, -0.0021757183, -0.0020485658, -0.0019229075, -0.0018595721, -0.0017305086, -0.0015955189, -0.0015252555, -0.0013799865, -0.0012318017, -0.0010853717, -0.0010145155, -0.0008809873, -0.0007612266, -0.0007072487, -0.0006111668, -0.0005283428, -0.00049061154, -0.0004198272, -0.00035165602, -0.00028349826, -0.00024911042, -0.0001801612, -0.00011240548, -7.982144e-05, -1.9409932e-05, 3.105983e-05, 6.84795e-05, 8.19071e-05, 9.8498516e-05, 0.00010309188, 0.000101727615, 9.358077e-05, 7.959581e-05, 7.0973554e-05, 5.1344046e-05, 2.8530336e-05, 2.304257e-06, -1.2375268e-05, -4.5000827e-05, -8.270071e-05, -0.0001032673, -0.00014690778, -0.00019296071, -0.00023981919, -0.00026321248, -0.00030938542, -0.00035454347, -0.0003769834, -0.00042168453, -0.00046631994, -0.0004883892, -0.00053165614, -0.0005727828, -0.000610008, -0.00062688073, -0.00065649394, -0.0006809734, -0.0006915872, -0.00071081077, -0.00072941463, -0.0007493609, -0.00076022843, -0.0007844111, -0.0008160283, -0.0008381846, -0.00091073505, -0.0010433027
0, 0, 0, 0, 0, 0, 0, 0, 0, 0, 0, 0, 0, 0, 0, 0, 0, 0, 0, 0, 0, 0, 0, 0, 0, 0, 0, 0, 0, 0, 0, 0, 0, 0, 0, 0, 0, 0, 0, 0, 0, 0, 0, 0, 0, 0, 0, 0, 0, 0, 0, 0, 0, 0, -0.002361564, -0.002232543, -0.0021405031, -0.002228329, -0.0023073868, -0.0024883167, -0.0026671092, -0.0028294513, -0.0029030647, -0.0030353724, -0.0031450952, -0.0031906818, -0.0032612183, -0.0033020272, -0.0033130446, -0.0033082443, -0.0032821249, -0.0032397632, -0.003214544, -0.0031590178, -0.0030983982, -0.0030310922, -0.0029938885, -0.002910306, -0.002813203, -0.0027596385, -0.0026442811, -0.0025203049, -0.0024561223, -0.0023247702, -0.0021906605, -0.0020533325, -0.0019831676, -0.0018394364, -0.0016906719, -0.001615017, -0.0014632101, -0.0013146735, -0.0011737373, -0.001107402, -0.0009846892, -0.00087563624, -0.00082615524, -0.0007358873, -0.0006540073, -0.0006152223, -0.00053980824, -0.00046634086, -0.00039472547, -0.0003600286, -0.00029387543, -0.00023356936, -0.00020577943, -0.00015566849, -0.0001133215, -8.032096e-05, -6.7523106e-05, -4.990936e-05, -4.3720156e-05, -4.5067154e-05, -5.6435252e-05, -7.8858684e-05, -9.3634735e-05, -0.00012840854, -0.00016731975, -0.00020730324, -0.00022698844, -0.00026443962, -0.0002996386, -0.000316835, -0.00035139313, -0.0003881325, -0.00042856508, -0.00045021423, -0.00049543695, -0.00054144213, -0.000564008, -0.0006069426, -0.0006452307, -0.00066231214, -0.00069265795, -0.00071918784, -0.00074363, -0.0007557544, -0.0007805185, -0.0008057699, -0.00081819476, -0.0008413175, -0.00086010725, -0.0008729474, -0.00087693194, -0.00088125205, -0.00088754314, -0.0008966215, -0.0009464464, -0.00106629
0, 0, 0, 0, 0, 0, 0, 0, 0, 0, 0, 0, 0, 0, 0, 0, 0, 0, 0, 0, 0, 0, 0, 0, 0, 0, 0, 0, 0, 0, 0, 0, 0, 0, 0, 0, 0, 0, 0, 0, 0, 0, 0, 0, 0, 0, 0, 0, 0, 0, 0, 0, 0, -0.0020252948, -0.0018518424, -0.0017974803, -0.0018171215, -0.0019508447, -0.002037173, -0.002218814, -0.0023927009, -0.0025515566, -0.002624986, -0.002760659, -0.0028800014, -0.0029330878, -0.0030237548, -0.0030902487, -0.0031310765, -0.0031419708, -0.0031471304, -0.0031334008, -0.0031214212, -0.0030892326, -0.0030484123, -0.0029991863, -0.0029704352, -0.0029040312, -0.002823766, -0.0027785413, -0.0026781214, -0.0025659723, -0.0025065336, -0.0023817834, -0.0022513573, -0.002116091, -0.0020467378, -0.0019053173, -0.0017618685, -0.0016903532, -0.0015496506, -0.0014159816, -0.0012915949, -0.0012332167, -0.0011231748, -0.0010208338, -0.00097160606, -0.0008755575, -0.0007814614, -0.0007349411, -0.0006432745, -0.00055609277, -0.000476868, -0.00044144184, -0.00037991742, -0.00033132397, -0.00031129047, -0.000278148, -0.0002510091, -0.00022769548, -0.00021734402, -0.00019973471, -0.00018865592, -0.00018659412, -0.0001912731, -0.00020883926, -0.00022208005, -0.0002554722, -0.00029466383, -0.00033487938, -0.0003541407, -0.00038899583, -0.00041890796, -0.0004325674, -0.0004596324, -0.0004899509, -0.00052648725, -0.00054727105, -0.0005928101, -0.0006404556, -0.00066361565, -0.0007062051, -0.0007416874, -0.0007563458, -0.0007805504, -0.0008004343, -0.0008206372, -0.0008319017, -0.0008580121, -0.00088781375, -0.00090305443, -0.0009309973, -0.00095088413, -0.0009586363, -0.00095742405, -0.0009470307, -0.0009346531, -0.0009342133, -0.00096766814, -0.001078421
0, 0, 0, 0, 0, 0, 0, 0, 0, 0, 0, 0, 0, 0, 0, 0, 0, 0, 0, 0, 0, 0, 0, 0, 0, 0, 0, 0, 0, 0, 0, 0, 0, 0, 0, 0, 0, 0, 0, 0, 0, 0, 0, 0, 0, 0, 0, 0, 0, 0, 0, 0, 0, -0.0014715433, -0.0013711049, -0.0013604938, -0.0014256769, -0.001562016, -0.0016412705, -0.0018046877, -0.0019615835, -0.002107369, -0.0021761165, -0.00230686, -0.00242852, -0.002485593, -0.0025898272, -0.0026785652, -0.002748406, -0.0027759, -0.002815946, -0.002836926, -0.0028408987, -0.0028375443, -0.0028200147, -0.0027887116, -0.0027679545, -0.0027156782, -0.0026491554, -0.0026107999, -0.002524605, -0.0024277428, -0.0023759948, -0.002267597, -0.002154708, -0.002038833, -0.0019800286, -0.0018610327, -0.0017420079, -0.0016830468, -0.0015678636, -0.0014574471, -0.0013524593, -0.0013015713, -0.0012014582, -0.0011009607, -0.0010497696, -0.0009451158, -0.0008376927, -0.000783769, -0.00067835266, -0.0005812751, -0.00049785036, -0.00046272564, -0.0004063043, -0.0003676362, -0.0003539137, -0.00033428133, -0.00032035733, -0.00030680964, -0.00029955583, -0.0002840647, -0.00026996282, -0.0002646493, -0.00026044485, -0.00026712395, -0.00027453358, -0.00029656623, -0.00032577937, -0.00035820526, -0.00037443812, -0.00040550283, -0.00043392193, -0.0004474214, -0.00047530234, -0.0005074958, -0.00054624054, -0.0005682, -0.00061576493, -0.0006650007, -0.00068878033, -0.0007319539, -0.00076765614, -0.0007823936, -0.00080664665, -0.00082716777, -0.0008485511, -0.00086061715, -0.0008883243, -0.00091949315, -0.00093500904, -0.00096254976, -0.000980905, -0.0009857927, -0.0009828204, -0.00096818357, -0.0009515171, -0.00094901107, -0.0009790938, -0.0010885255
0, 0, 0, 0, 0, 0, 0, 0, 0, 0, 0, 0, 0, 0, 0, 0, 0, 0, 0, 0, 0, 0, 0, 0, 0, 0, 0, 0, 0, 0, 0, 0, 0, 0, 0, 0, 0, 0, 0, 0, 0, 0, 0, 0, 0, 0, 0, 0, 0, 0, 0, 0, -0.0009957918, -0.0009590794, -0.00090493966, -0.00090719707, -0.0009679017, -0.001077078, -0.001140522, -0.001273135, -0.0014048924, -0.0015311502, -0.0015924711, -0.0017120022, -0.001827707, -0.0018839118, -0.0019916634, -0.0020904597, -0.0021767023, -0.002214445, -0.0022781573, -0.0023253753, -0.002342663, -0.0023647111, -0.0023697605, -0.0023579476, -0.002346037, -0.002310336, -0.0022600202, -0.0022298554, -0.0021615762, -0.0020846762, -0.0020442095, -0.0019606815, -0.001875498, -0.0017897993, -0.0017469383, -0.0016606088, -0.001573764, -0.0015300596, -0.0014421319, -0.001353409, -0.0012633334, -0.0012176915, -0.0011239806, -0.0010269372, -0.0009767744, -0.00087378226, -0.0007688143, -0.0007166404, -0.0006161634, -0.0005253444, -0.00044823968, -0.0004160139, -0.00036379983, -0.00032743945, -0.00031419127, -0.00029514753, -0.00028192648, -0.00027040142, -0.0002644023, -0.0002511457, -0.00023803044, -0.00023237597, -0.00022497932, -0.00022506334, -0.00022814132, -0.00024043518, -0.00026000434, -0.0002855585, -0.00029992207, -0.0003311319, -0.00036445772, -0.00038175916, -0.00041839582, -0.00045838617, -0.00050234026, -0.0005255147, -0.0005730903, -0.0006201942, -0.0006427146, -0.0006844942, -0.00072097895, -0.00073713856, -0.0007658791, -0.0007917354, -0.00081736414, -0.0008305586, -0.00085785403, -0.0008851533, -0.00089795014, -0.00092014903, -0.0009353918, -0.0009418199, -0.0009416664, -0.0009365921, -0.00093270506, -0.00093691953, -0.0009789546, -0.0010963196
0, 0, 0, 0, 0, 0, 0, 0, 0, 0, 0, 0, 0, 0, 0, 0, 0, 0, 0, 0, 0, 0, 0, 0, 0, 0, 0, 0, 0, 0, 0, 0, 0, 0, 0, 0, 0, 0, 0, 0, 0, 0, 0, 0, 0, 0, 0, 0, 0, 0, 0, -0.0005289538, -0.00055269786, -0.000498145, -0.00044466654, -0.00043739172, -0.00046329747, -0.00052816566, -0.0005697487, -0.00066290103, -0.0007627835, -0.00086428085, -0.0009150556, -0.0010168063, -0.0011180874, -0.0011682895, -0.0012662796, -0.0013588526, -0.0014434234, -0.001481658, -0.0015500548, -0.0016067895, -0.001630375, -0.0016681058, -0.0016928109, -0.0017031712, -0.00170305, -0.0016918296, -0.0016669306, -0.001649841, -0.0016078493, -0.001558026, -0.0015314519, -0.0014765959, -0.0014213288, -0.0013660742, -0.0013383296, -0.001281641, -0.0012218794, -0.0011904165, -0.0011229239, -0.0010492544, -0.00096972176, -0.00092828856, -0.0008430099, -0.00075737335, -0.0007150211, -0.00063204224, -0.0005528114, -0.0005148127, -0.00044310797, -0.00037802948, -0.00032000878, -0.00029365058, -0.0002457571, -0.00020450626, -0.00018630807, -0.00015478957, -0.00012985122, -0.00011138312, -0.00010404551, -9.2559574e-05, -8.519262e-05, -8.304462e-05, -8.1896054e-05, -8.5051266e-05, -8.843376e-05, -9.921411e-05, -0.000116163894, -0.00014022646, -0.00015500393, -0.00018989068, -0.00023088408, -0.00025308, -0.00029947254, -0.0003464254, -0.00039245616, -0.00041455045, -0.00045670432, -0.00049635547, -0.0005154478, -0.00055312697, -0.00059038284, -0.0006089976, -0.00064594613, -0.0006815664, -0.0007151201, -0.00073076773, -0.00075887435, -0.0007822434, -0.0007922515, -0.00080968114, -0.00082469813, -0.00083867135, -0.0008456509, -0.000860625, -0.00088165986, -0.0008987024, -0.0009634203, -0.0010949859
0, 0, 0, 0, 0, 0, 0, 0, 0, 0, 0, 0, 0, 0, 0, 0, 0, 0, 0, 0, 0, 0, 0, 0, 0, 0, 0, 0, 0, 0, 0, 0, 0, 0, 0, 0, 0, 0, 0, 0, 0, 0, 0, 0, 0, 0, 0, 0, 0, 0, -0.00019066743, -0.00019509558, -0.0001743918, -8.175936e-05, 2.4960332e-06, 2.982494e-05, 5.2478972e-05, 4.0398958e-05, 2.4770485e-05, -2.0402158e-05, -7.851108e-05, -0.00014461085, -0.00018002948, -0.00025299162, -0.00032864686, -0.00036706513, -0.00044310087, -0.00051568344, -0.0005832633, -0.00061428087, -0.0006711765, -0.00072159065, -0.000744816, -0.00078735535, -0.00082547404, -0.00085777376, -0.0008708299, -0.000890643, -0.00089928036, -0.00089948263, -0.000891412, -0.0008734579, -0.0008621353, -0.00083552237, -0.00080609927, -0.00077484123, -0.00075834774, -0.0007228421, -0.00068240263, -0.00065979024, -0.00060849206, -0.0005489451, -0.00048261965, -0.00044817303, -0.00037981782, -0.00031681976, -0.0002885673, -0.00023986374, -0.0002011555, -0.00018463915, -0.00015498349, -0.00012623372, -9.4403025e-05, -7.635349e-05, -3.540452e-05, 1.00674315e-05, 3.323763e-05, 7.752281e-05, 0.00011434171, 0.00013955269, 0.00014736992, 0.00015391839, 0.00015074601, 0.00014657418, 0.00013522626, 0.00012210237, 0.000115123104, 9.997688e-05, 8.1195045e-05, 5.5625624e-05, 3.9789455e-05, 1.7844634e-06, -4.3958502e-05, -6.869937e-05, -0.00011931728, -0.00016749608, -0.00021035527, -0.00022929285, -0.0002629835, -0.00029380617, -0.00030959403, -0.00034427363, -0.00038487004, -0.00040748692, -0.00045588295, -0.0005056906, -0.00055219803, -0.0005729215, -0.00060792675, -0.0006342851, -0.00064502785, -0.0006645837, -0.00068554695, -0.00071195245, -0.0007277706, -0.0007651477, -0.0008123476, -0.0008425155, -0.0009305798, -0.0010768296
0, 0, 0, 0, 0, 0, 0, 0, 0, 0, 0, 0, 0, 0, 0, 0, 0, 0, 0, 0, 0, 0, 0, 0, 0, 0, 0, 0, 0, 0, 0, 0, 0, 0, 0, 0, 0, 0, 0, 0, 0, 0, 0, 0, 0, 0, 0, 0, 0, 0, -7.089617e-05, 4.494631e-05, 0.000118393415, 0.00027119063, 0.00040034804, 0.00045153906, 0.00052680756, 0.00057192834, 0.0005853489, 0.00059763517, 0.00059507403, 0.0005807642, 0.00056983903, 0.0005414255, 0.0005051994, 0.00048469132, 0.00044081794, 0.000395821, 0.00035238362, 0.00033206373, 0.00029348923, 0.00025709395, 0.00023888642, 0.0002009069, 0.00015868124, 0.00011304856, 8.9523644e-05, 4.3729702e-05, 3.5366381e-06, -1.3101995e-05, -3.8016828e-05, -5.1103856e-05, -5.3624757e-05, -5.2061216e-05, -4.371398e-05, -3.1129075e-05, -2.3749984e-05, -6.5579748e-06, 1.453795e-05, 2.7027203e-05, 5.649031e-05, 9.241601e-05, 0.00013299596, 0.00015391978, 0.00019348526, 0.000225045, 0.0002364493, 0.0002492946, 0.00025044437, 0.00024771463, 0.00024077197, 0.00023746006, 0.00024457174, 0.00025325097, 0.00028097173, 0.00031914597, 0.00034004726, 0.00038087548, 0.0004133561, 0.0004315943, 0.0004345363, 0.0004290502, 0.00041214988, 0.0004011933, 0.000377805, 0.00035585684, 0.00034588116, 0.0003269679, 0.00030678985, 0.00028095162, 0.00026499367, 0.000226798, 0.00018142464, 0.00015709676, 0.00010814261, 6.2834864e-05, 2.4451856e-05, 7.870522e-06, -2.1586573e-05, -5.0007166e-05, -6.5876586e-05, -0.00010360713, -0.00015175747, -0.00017961324, -0.0002409598, -0.00030551737, -0.00036715408, -0.00039511785, -0.00044330294, -0.00048146595, -0.0004977923, -0.0005286384, -0.0005617776, -0.00060187734, -0.00062503986, -0.0006780866, -0.00074181415, -0.0007800927, -0.00088286604, -0.0010382845
0, 0, 0, 0, 0, 0, 0, 0, 0, 0, 0, 0, 0, 0, 0, 0, 0, 0, 0, 0, 0, 0, 0, 0, 0, 0, 0, 0, 0, 0, 0, 0, 0, 0, 0, 0, 0, 0, 0, 0, 0, 0, 0, 0, 0, 0, 0, 0, 0, 0, 3.5256595e-05, 0.00021375476, 0.00031852254, 0.0005217626, 0.0006970702, 0.0007718323, 0.00089968287, 0.0010027193, 0.0010468632, 0.0011246772, 0.001190232, 0.001243324, 0.0012652, 0.0012979294, 0.001315026, 0.0013178715, 0.0013141802, 0.0013014097, 0.0012833799, 0.0012735352, 0.0012537298, 0.0012332528, 0.0012222051, 0.0011961032, 0.0011617315, 0.0011176721, 0.0010922941, 0.001037349, 0.0009810248, 0.0009546104, 0.0009081522, 0.0008728227, 0.0008596077, 0.0008409834, 0.0008303676, 0.00082326005, 0.0008202183, 0.0008139127, 0.0008071294, 0.00080403447, 0.00079904706, 0.0007968962, 0.00079749466, 0.0007982671, 0.0007990195, 0.0007955253, 0.00079118507, 0.0007761693, 0.0007536741, 0.0007405458, 0.00071393425, 0.00069223996, 0.0006806472, 0.000679308, 0.0006848269, 0.0006978667, 0.00070523977, 0.0007179168, 0.0007222003, 0.0007151018, 0.0007067259, 0.00068237074, 0.0006520328, 0.00063614006, 0.0006064887, 0.00058152486, 0.0005708814, 0.00055109186, 0.00053015037, 0.0005039596, 0.0004879987, 0.00045041752, 0.00040665004, 0.00038352175, 0.00033743418, 0.00029413804, 0.00025536944, 0.00023750677, 0.00020283276, 0.00016600838, 0.00014526912, 9.7026525e-05, 3.8866634e-05, 6.267832e-06, -6.3883555e-05, -0.00013744266, -0.00020920254, -0.0002430022, -0.00030484688, -0.0003591481, -0.00038399178, -0.00043178612, -0.0004801883, -0.00053157023, -0.00055881985, -0.0006170068, -0.00068315625, -0.0007224009, -0.0008274748, -0.000984425
0, 0, 0, 0, 0, 0, 0, 0, 0, 0, 0, 0, 0, 0, 0, 0, 0, 0, 0, 0, 0, 0, 0, 0, 0, 0, 0, 0, 0, 0, 0, 0, 0, 0, 0, 0, 0, 0, 0, 0, 0, 0, 0, 0, 0, 0, 0, 0, 0.00020347908, 0.00017721, 0.00014908529, 0.0003104907, 0.00041882411, 0.00064332364, 0.0008532872, 0.0009492875, 0.0011241102, 0.0012818654, 0.0013562317, 0.001499038, 0.0016346955, 0.00176065, 0.0018181092, 0.0019197721, 0.0019983703, 0.0020286427, 0.0020714402, 0.0020950488, 0.0021048593, 0.0021067073, 0.0021071811, 0.0021048551, 0.0021029427, 0.002095413, 0.0020797185, 0.0020528652, 0.0020348865, 0.001991321, 0.00194036, 0.0019139538, 0.0018629547, 0.0018175474, 0.0017978253, 0.0017635085, 0.0017336312, 0.0017033143, 0.0016869676, 0.0016506806, 0.0016085639, 0.0015860964, 0.001539203, 0.0014922481, 0.0014468954, 0.001425334, 0.0013845537, 0.0013467101, 0.0013284109, 0.0012926918, 0.001257168, 0.0012396328, 0.0012053471, 0.0011737513, 0.0011454714, 0.0011325467, 0.0011074619, 0.0010809611, 0.0010663755, 0.0010332281, 0.0009944298, 0.0009516537, 0.0009293858, 0.0008850954, 0.000844621, 0.0008265742, 0.00079523673, 0.0007698985, 0.00075854274, 0.0007355393, 0.00070909143, 0.0006768146, 0.00065812876, 0.0006164798, 0.0005712399, 0.0005480048, 0.00050179224, 0.00045679556, 0.0004120897, 0.00038939164, 0.00034156587, 0.00028896084, 0.00026042858, 0.00019872775, 0.00013227422, 9.7772754e-05, 2.7578126e-05, -4.3404485e-05, -0.00011373269, -0.00014841376, -0.00021656809, -0.00028328077, -0.00031602013, -0.00038020886, -0.00044255765, -0.00050182815, -0.00053028256, -0.0005856325, -0.0006441926, -0.0006792362, -0.00077750476, -0.0009307353
0, 0, 0, 0, 0, 0, 0, 0, 0, 0, 0, 0, 0, 0, 0, 0, 0, 0, 0, 0, 0, 0, 0, 0, 0, 0, 0, 0, 0, 0, 0, 0, 0, 0, 0, 0, 0, 0, 0, 0, 0, 0, 0, 0, 0, 0, 0, 0, -0.00013758331, -3.192908e-05, 9.6320575e-05, 0.0002829901, 0.00039289647, 0.0006259027, 0.00085766317, 0.0009695295, 0.0011844418, 0.0013886194, 0.0014881918, 0.0016847281, 0.0018780101, 0.0020645936, 0.0021535745, 0.0023168365, 0.0024545647, 0.002512552, 0.0026059658, 0.002672659, 0.002718405, 0.0027358227, 0.0027639891, 0.0027871623, 0.0027973338, 0.002814619, 0.002824617, 0.0028242941, 0.0028193584, 0.002799677, 0.0027686197, 0.002749652, 0.0027073128, 0.002661944, 0.0026389672, 0.0025921126, 0.0025435262, 0.00248984, 0.0024601854, 0.002394779, 0.0023211646, 0.002282016, 0.0022004393, 0.0021173058, 0.0020351051, 0.0019951763, 0.0019191916, 0.0018496845, 0.0018177873, 0.0017593473, 0.0017070262, 0.0016824409, 0.0016349906, 0.0015875868, 0.0015372531, 0.0015099272, 0.0014496403, 0.0013807896, 0.0013436713, 0.0012656859, 0.0011869894, 0.0011130326, 0.0010792546, 0.0010201482, 0.0009726084, 0.0009528028, 0.0009185195, 0.0008875765, 0.000871698, 0.00083645165, 0.00079465884, 0.0007469333, 0.0007215813, 0.00066966756, 0.0006186336, 0.00059389893, 0.0005456988, 0.00049761805, 0.00044641338, 0.00041869777, 0.00035803142, 0.000291091, 0.0002559357, 0.00018471111, 0.00011577127, 8.311794e-05, 2.1712407e-05, -3.5998724e-05, -9.360895e-05, -0.00012352668, -0.00018750905, -0.00025742294, -0.00029412255, -0.00036861692, -0.00044020728, -0.00050426763, -0.000532589, -0.00058290357, -0.00063212874, -0.00066202914, -0.00075163005, -0.00090030825
0, 0, 0, 0, 0, 0, 0, 0, 0, 0, 0, 0, 0, 0, 0, 0, 0, 0, 0, 0, 0, 0, 0, 0, 0, 0, 0, 0, 0, 0, 0, 0, 0, 0, 0, 0, 0, 0, 0, 0, 0, 0, 0, 0, 0, 0, 0, -0.00065587426, -0.0004992133, -0.00027451242, -7.892975e-05, 0.00013007548, 0.00024273885, 0.00048078087, 0.00072693994, 0.00085011777, 0.0010935854, 0.0013312441, 0.0014481953, 0.0016793192, 0.0019081789, 0.0021315913, 0.0022399393, 0.002445349, 0.0026293409, 0.0027114032, 0.0028546858, 0.0029700503, 0.003061845, 0.0031009135, 0.0031684272, 0.003226254, 0.0032523107, 0.0032990228, 0.0033366361, 0.003363175, 0.0033712934, 0.0033766595, 0.0033675146, 0.003357446, 0.003327709, 0.0032865931, 0.0032622002, 0.0032069262, 0.0031437108, 0.0030724085, 0.003033606, 0.0029501037, 0.0028597855, 0.002812416, 0.0027148959, 0.0026148946, 0.0025139563, 0.0024635363, 0.002363361, 0.0022665751, 0.0022196905, 0.002130438, 0.002046479, 0.0020062784, 0.0019278144, 0.0018491636, 0.0017669199, 0.0017232995, 0.0016298376, 0.0015285937, 0.00147608, 0.0013701944, 0.0012686597, 0.0011775675, 0.001137133, 0.0010676364, 0.0010115014, 0.0009871343, 0.00094158825, 0.0008947413, 0.00086910423, 0.0008121399, 0.00074800034, 0.0006801945, 0.00064649456, 0.0005825327, 0.000525248, 0.0004992504, 0.00045063364, 0.00040276145, 0.00035057045, 0.0003213943, 0.00025642233, 0.00018461786, 0.00014759718, 7.529475e-05, 1.0418164e-05, -1.8112567e-05, -6.754307e-05, -0.00010984066, -0.00015157301, -0.00017443078, -0.00022751321, -0.00029172417, -0.00032748564, -0.00040253223, -0.00047573287, -0.00054035627, -0.0005680879, -0.00061501394, -0.0006587333, -0.0006854725, -0.0007696175, -0.00091630564
0, 0, 0, 0, 0, 0, 0, 0, 0, 0, 0, 0, 0, 0, 0, 0, 0, 0, 0, 0, 0, 0, 0, 0, 0, 0, 0, 0, 0, 0, 0, 0, 0, 0, 0, 0, 0, 0, 0, 0, 0, 0, 0, 0, 0, 0, 0, -0.0007938286, -0.00066777936, -0.00046658688, -0.0002846012, -8.75908e-05, 1.9595891e-05, 0.00025045744, 0.00049823505, 0.0006255283, 0.00088181125, 0.0011359944, 0.0012611215, 0.0015071993, 0.0017477279, 0.0019832097, 0.0020981717, 0.0023220736, 0.0025340284, 0.0026341649, 0.002819661, 0.002983732, 0.003126135, 0.0031896709, 0.0033034028, 0.0034015668, 0.0034451948, 0.0035222669, 0.0035857288, 0.0036339292, 0.003652055, 0.003675476, 0.0036821605, 0.0036789756, 0.0036598528, 0.0036238946, 0.0036001035, 0.0035425483, 0.003473276, 0.0033951316, 0.0033533925, 0.0032657816, 0.003173589, 0.0031262394, 0.0030290917, 0.0029284097, 0.0028234308, 0.0027689831, 0.0026553099, 0.0025363585, 0.0024752354, 0.0023511488, 0.00222621, 0.0021643138, 0.0020421504, 0.0019222004, 0.0018034952, 0.001744099, 0.0016252445, 0.0015063621, 0.00144757, 0.0013331398, 0.0012258095, 0.0011282492, 0.0010836784, 0.0010028676, 0.0009309163, 0.0008968829, 0.0008293917, 0.0007583218, 0.0007206372, 0.00064054684, 0.0005570192, 0.0004749365, 0.00043603382, 0.00036540715, 0.0003059816, 0.000280116, 0.00023400459, 0.00019023575, 0.00014300951, 0.000116726245, 5.7945046e-05, -7.079692e-06, -4.0502408e-05, -0.0001052778, -0.00016263615, -0.00018750834, -0.0002295387, -0.00026407445, -0.00029700802, -0.00031503924, -0.00035759527, -0.00041080028, -0.00044099207, -0.0005052417, -0.0005692374, -0.00062665273, -0.00065179105, -0.0006951184, -0.0007362541, -0.00076172035, -0.00084333535, -0.0009903375
0, 0, 0, 0, 0, 0, 0, 0, 0, 0, 0, 0, 0, 0, 0, 0, 0, 0, 0, 0, 0, 0, 0, 0, 0, 0, 0, 0, 0, 0, 0, 0, 0, 0, 0, 0, 0, 0, 0, 0, 0, 0, 0, 0, 0, 0, -0.001259318, -0.000874632, -0.0007647602, -0.00060779334, -0.00046577587, -0.0003043804, -0.00021235435, -7.110637e-06, 0.00022207442, 0.00034254388, 0.00058969524, 0.00083868456, 0.00096177415, 0.0012036824, 0.0014391588, 0.0016697058, 0.0017837082, 0.0020103038, 0.0022337434, 0.0023437461, 0.0025572937, 0.002758757, 0.0029433782, 0.003028629, 0.00318343, 0.0033176227, 0.0033771691, 0.0034811094, 0.0035653166, 0.0036303888, 0.0036557382, 0.003692036, 0.003709937, 0.0037118786, 0.0037026044, 0.003675467, 0.0036557256, 0.0036045373, 0.0035406414, 0.0034667314, 0.003426814, 0.003343211, 0.0032550087, 0.0032095732, 0.0031154905, 0.0030161242, 0.0029096373, 0.002853079, 0.0027315815, 0.0025982452, 0.0025271582, 0.002377352, 0.0022203284, 0.0021404366, 0.0019815196, 0.0018267346, 0.0016786719, 0.0016078227, 0.0014727544, 0.0013464259, 0.0012863415, 0.0011717473, 0.001063224, 0.0009593253, 0.0009086582, 0.0008098873, 0.0007134287, 0.00066559954, 0.0005702139, 0.00047458409, 0.00042679626, 0.0003325458, 0.00024244373, 0.00015941262, 0.000121385034, 5.3208434e-05, -4.065953e-06, -2.9248502e-05, -7.415374e-05, -0.0001154409, -0.00015752776, -0.00017986124, -0.00022767404, -0.00027917602, -0.00030557922, -0.00035754772, -0.00040667146, -0.00042956494, -0.0004715021, -0.00050891214, -0.0005435548, -0.00056086853, -0.0005968329, -0.00063578493, -0.00065636524, -0.0006984704, -0.00074004894, -0.000778661, -0.0007965013, -0.0008298558, -0.0008652522, -0.0008885688, -0.00096639397, -0.0011134336
0, 0, 0, 0, 0, 0, 0, 0, 0, 0, 0, 0, 0, 0, 0, 0, 0, 0, 0, 0, 0, 0, 0, 0, 0, 0, 0, 0, 0, 0, 0, 0, 0, 0, 0, 0, 0, 0, 0, 0, 0, 0, 0, 0, 0, -0.0011898386, -0.0010321027, -0.00084430573, -0.00077805074, -0.0006783227, -0.000582544, -0.00046441343, -0.0003940886, -0.00023163014, -4.4073764e-05, 5.699936e-05, 0.00026867713, 0.00048762778, 0.0005979167, 0.0008178716, 0.001037109, 0.0012556214, 0.0013653098, 0.0015871684, 0.0018115396, 0.0019241542, 0.0021482129, 0.0023659181, 0.0025708375, 0.0026670694, 0.002844653, 0.0030007642, 0.003070506, 0.0031933433, 0.003294633, 0.0033748208, 0.0034074108, 0.00345766, 0.0034885565, 0.0034972343, 0.0035015785, 0.0034892627, 0.0034774032, 0.0034423184, 0.0033932005, 0.003331173, 0.0032957199, 0.003217499, 0.0031303165, 0.003083479, 0.002983928, 0.0028766934, 0.0027616026, 0.0027008555, 0.0025725432, 0.0024337317, 0.0023602494, 0.0022049872, 0.0020402311, 0.0019555208, 0.0017845201, 0.0016157038, 0.0014539566, 0.0013770411, 0.001232412, 0.0010995524, 0.0010370772, 0.0009176977, 0.0008011619, 0.00068337756, 0.000623154, 0.0005002557, 0.00037577233, 0.00031378618, 0.0001932036, 8.031448e-05, 2.7811257e-05, -6.774339e-05, -0.00015060157, -0.00022244971, -0.00025502866, -0.00031556597, -0.00037172507, -0.00039860012, -0.0004500149, -0.0004980485, -0.0005428997, -0.0005642418, -0.00060450064, -0.0006423572, -0.00066085096, -0.00069799245, -0.00073725183, -0.0007580298, -0.000801513, -0.00084541336, -0.0008859235, -0.0009040107, -0.0009343363, -0.00095581246, -0.00096356135, -0.0009745329, -0.0009820891, -0.0009896164, -0.0009942752, -0.0010068148, -0.0010276505, -0.0010451488, -0.0011136103, -0.0012581454
0, 0, 0, 0, 0, 0, 0, 0, 0, 0, 0, 0, 0, 0, 0, 0, 0, 0, 0, 0, 0, 0, 0, 0, 0, 0, 0, 0, 0, 0, 0, 0, 0, 0, 0, 0, 0, 0, 0, 0, 0, 0, 0, -0.0002518483, -0.00038317608, -0.00042559596, -0.00044567604, -0.0004492368, -0.00045155655, -0.00045423122, -0.00044586667, -0.00042178258, -0.00040385593, -0.00035573245, -0.00029415952, -0.00025837665, -0.00017556036, -7.6271994e-05, -1.9585563e-05, 0.00010959179, 0.0002600957, 0.00043076527, 0.00052279513, 0.00071475777, 0.000912355, 0.0010107785, 0.0012019105, 0.001382293, 0.0015503579, 0.001630168, 0.0017820647, 0.0019248998, 0.0019936094, 0.0021251834, 0.0022485824, 0.0023611644, 0.0024118817, 0.0025001515, 0.00256807, 0.002594092, 0.0026313483, 0.0026519, 0.0026566838, 0.0026570824, 0.0026442967, 0.002615778, 0.0025946265, 0.0025361367, 0.0024545214, 0.0024051415, 0.00229047, 0.0021605042, 0.002023157, 0.001954363, 0.0018204096, 0.0016939474, 0.0016332858, 0.0015142472, 0.0013932169, 0.0013298914, 0.0011951003, 0.0010484793, 0.00089251914, 0.0008127346, 0.0006528581, 0.000496601, 0.00042059107, 0.0002722751, 0.0001261827, -2.1043665e-05, -9.6200725e-05, -0.00024929157, -0.00040280021, -0.00047762773, -0.0006185995, -0.00074150006, -0.00079453, -0.00088320003, -0.0009526492, -0.0010117656, -0.0010407967, -0.0011038032, -0.0011776894, -0.0012187967, -0.00130593, -0.0013917524, -0.0014658729, -0.0014959753, -0.0015395427, -0.001562395, -0.0015679959, -0.0015741802, -0.0015820268, -0.0015889499, -0.001610186, -0.0016384807, -0.0016655672, -0.0016751284, -0.0016802774, -0.0016624355, -0.0016445784, -0.0015948473, -0.0015337846, -0.0014717275, -0.0014429807, -0.0013937273, -0.0013599041, -0.0013531692, -0.001382522, -0.001511332
0, 0, 0, 0, 0, 0, 0, 0, 0, 0, 0, 0, 0, 0, 0, 0, 0, 0, 0, 0, 0, 0, 0, 0, 0, 0, 0, 0, 0, 0, 0, 0, 0, 0, 0, 0, 0, 0, 0, 0, 0, 0, 0, 4.218358e-05, -5.1975094e-06, -1.6802285e-05, -3.411019e-05, -6.130782e-05, -7.850113e-05, -0.00011246268, -0.00014056297, -0.00015918, -0.0001652059, -0.00017028012, -0.00016852155, -0.00016443797, -0.00014742657, -0.00011446548, -8.9642584e-05, -2.1284479e-05, 7.526691e-05, 0.0001987586, 0.00026920572, 0.0004222707, 0.0005823043, 0.0006617167, 0.00081424706, 0.0009545208, 0.001082838, 0.0011438384, 0.0012628839, 0.0013820522, 0.0014427217, 0.0015664505, 0.0016910565, 0.0018112311, 0.001867255, 0.0019664052, 0.002043654, 0.0020732763, 0.0021157207, 0.0021396694, 0.0021463018, 0.002152478, 0.0021505067, 0.0021384407, 0.0021272525, 0.0020904662, 0.002030366, 0.0019906934, 0.0018932472, 0.0017766394, 0.0016497342, 0.0015856129, 0.0014617473, 0.0013474594, 0.0012941278, 0.0011917244, 0.0010888241, 0.001034472, 0.00091498, 0.00077816524, 0.0006251566, 0.00054438855, 0.00037885737, 0.00021407724, 0.00013386697, -2.0688174e-05, -0.00016877866, -0.00031311065, -0.00038515, -0.0005304462, -0.0006767952, -0.00074919, -0.0008891173, -0.001016665, -0.0010742648, -0.0011758985, -0.0012620917, -0.0013389848, -0.0013766425, -0.0014554252, -0.0015432014, -0.0015906576, -0.0016894301, -0.0017860569, -0.0018696296, -0.0019036586, -0.001952835, -0.001977051, -0.001981605, -0.001981249, -0.0019767303, -0.0019755205, -0.0019775429, -0.0019846975, -0.0019914617, -0.0019917595, -0.0019803778, -0.0019484616, -0.0019242059, -0.0018611182, -0.0017843765, -0.0017023631, -0.0016616122, -0.0015840394, -0.0015188702, -0.0014962367, -0.0014979288, -0.001613136
0, 0, 0, 0, 0, 0, 0, 0, 0, 0, 0, 0, 0, 0, 0, 0, 0, 0, 0, 0, 0, 0, 0, 0, 0, 0, 0, 0, 0, 0, 0, 0, 0, 0, 0, 0, 0, 0, 0, 0, 0, 0, 0.0005040365, 0.0003699897, 0.00039495854, 0.0004168484, 0.00043832025, 0.00042317988, 0.0004051391, 0.0003577383, 0.00030582404, 0.00025569444, 0.00023270867, 0.00018898738, 0.0001490683, 0.0001310066, 0.000100640515, 8.1981045e-05, 7.911297e-05, 8.986247e-05, 0.00012633292, 0.00018864316, 0.00022849019, 0.00032204448, 0.0004260707, 0.00047912594, 0.00058252376, 0.0006792608, 0.0007690005, 0.00081259554, 0.00090116006, 0.0009959518, 0.0010469939, 0.0011562527, 0.0012711112, 0.001384605, 0.0014381894, 0.0015327234, 0.001605558, 0.0016328641, 0.0016704703, 0.0016895618, 0.0016945325, 0.0016993004, 0.0017016088, 0.0017014669, 0.0016996628, 0.0016877509, 0.0016589636, 0.0016364323, 0.0015747942, 0.0014927866, 0.0013961948, 0.0013452034, 0.0012419199, 0.0011415335, 0.00109282, 0.0009964808, 0.0008972141, 0.0008440432, 0.0007269009, 0.0005922204, 0.00044127752, 0.00036142656, 0.00019752201, 3.505518e-05, -4.3464555e-05, -0.00019225635, -0.0003305851, -0.00046156123, -0.0005258299, -0.00065597775, -0.00079091167, -0.0008601958, -0.001000964, -0.001140527, -0.0012082467, -0.0013366403, -0.0014543048, -0.0015617036, -0.0016125495, -0.0017107662, -0.0018081177, -0.0018571061, -0.0019549585, -0.0020492044, -0.0021335613, -0.0021697104, -0.0022269415, -0.002263055, -0.0022738047, -0.0022833804, -0.002281967, -0.0022790134, -0.0022709104, -0.0022617963, -0.002249931, -0.002241639, -0.0022171165, -0.0021782464, -0.0021526092, -0.0020887943, -0.002010369, -0.0019208833, -0.0018730698, -0.0017737729, -0.0016786597, -0.0016397194, -0.0016111461, -0.0017092502
0, 0, 0, 0, 0, 0, 0, 0, 0, 0, 0, 0, 0, 0, 0, 0, 0, 0, 0, 0, 0, 0, 0, 0, 0, 0, 0, 0, 0, 0, 0, 0, 0, 0, 0, 0, 0, 0, 0, 0, 0, 0.0012307449, 0.00085241185, 0.00073392905, 0.00080837135, 0.0008567376, 0.00092593685, 0.0009445791, 0.000936998, 0.00089789333, 0.0008405994, 0.0007771465, 0.00074508897, 0.00068301667, 0.0006237577, 0.0005951322, 0.0005405335, 0.0004913556, 0.0004696379, 0.00043578245, 0.0004170628, 0.00041590456, 0.00042223168, 0.00044747224, 0.00048637355, 0.000509338, 0.000560309, 0.0006148751, 0.00067224377, 0.00070201664, 0.0007662598, 0.00083926116, 0.0008796065, 0.00096714916, 0.0010605211, 0.0011526934, 0.0011959154, 0.0012725749, 0.0013320611, 0.0013545146, 0.0013862079, 0.0014031964, 0.0014078332, 0.0014139442, 0.0014191553, 0.0014264903, 0.0014305611, 0.0014362661, 0.0014340883, 0.00142812, 0.0014040531, 0.0013632812, 0.0013059888, 0.0012722287, 0.0011962567, 0.0011114662, 0.0010664779, 0.000971764, 0.0008693788, 0.00081463536, 0.0006963474, 0.00056524266, 0.00042286192, 0.0003487979, 0.00019817337, 4.9240363e-05, -2.2979451e-05, -0.00016055469, -0.00028869085, -0.00041068075, -0.00047096564, -0.0005946601, -0.0007268888, -0.00079727464, -0.00094626565, -0.0011032801, -0.0011831201, -0.001341617, -0.0014929837, -0.0016319035, -0.001695815, -0.0018125484, -0.0019168752, -0.0019655665, -0.0020585142, -0.0021472806, -0.002231758, -0.0022715237, -0.002343968, -0.0024042893, -0.002428987, -0.002466202, -0.002486475, -0.0024906225, -0.0024884131, -0.0024751415, -0.0024533689, -0.0024398707, -0.002407185, -0.0023656182, -0.0023408027, -0.0022816816, -0.0022076552, -0.002116743, -0.0020646674, -0.0019488819, -0.0018277307, -0.0017738371, -0.001716543, -0.0017972812
0, 0, 0, 0, 0, 0, 0, 0, 0, 0, 0, 0, 0, 0, 0, 0, 0, 0, 0, 0, 0, 0, 0, 0, 0, 0, 0, 0, 0, 0, 0, 0, 0, 0, 0, 0, 0, 0, 0, 0, 0.0009745882, 0.0009716762, 0.00096182426, 0.0010328746, 0.0011742327, 0.0012468462, 0.0013629425, 0.0014269031, 0.001439423, 0.0014315251, 0.0013931425, 0.001338521, 0.001308717, 0.0012482101, 0.0011882327, 0.0011580959, 0.0010980774, 0.0010364641, 0.0010053501, 0.00094379316, 0.0008854893, 0.00083433435, 0.0008126797, 0.00077898055, 0.000759971, 0.0007560655, 0.00075921323, 0.0007763897, 0.00080568343, 0.00082396663, 0.0008666159, 0.00091744214, 0.00094532757, 0.0010051238, 0.0010679609, 0.0011305072, 0.0011601653, 0.0012147956, 0.0012621955, 0.0012829469, 0.0013180751, 0.0013458005, 0.0013569384, 0.0013751895, 0.0013898879, 0.0014031548, 0.0014093246, 0.0014208739, 0.0014292016, 0.0014315807, 0.0014302805, 0.0014186973, 0.0013936961, 0.0013753627, 0.0013262836, 0.0012603415, 0.0012216228, 0.0011343927, 0.0010362619, 0.0009839296, 0.00087332574, 0.00075597747, 0.00063324475, 0.00057023024, 0.00044181108, 0.0003111177, 0.00024543118, 0.00011396846, -1.685403e-05, -0.00014780341, -0.00021414357, -0.00035113958, -0.0004969573, -0.00057415006, -0.0007371814, -0.0009101916, -0.0009991757, -0.001178352, -0.0013530701, -0.0015161514, -0.0015914565, -0.0017279721, -0.0018462907, -0.0018999809, -0.0020003715, -0.002096587, -0.0021924437, -0.0022407277, -0.0023371482, -0.002429172, -0.0024715948, -0.0025447148, -0.0025968556, -0.0026138336, -0.002629815, -0.00262447, -0.0026030485, -0.0025880444, -0.002551658, -0.0025085525, -0.0024841246, -0.0024271153, -0.0023553108, -0.0022625632, -0.0022071362, -0.0020789562, -0.0019387997, -0.0018738735, -0.0017953033, -0.0018631906
0, 0, 0, 0, 0, 0, 0, 0, 0, 0, 0, 0, 0, 0, 0, 0, 0, 0, 0, 0, 0, 0, 0, 0, 0, 0, 0, 0, 0, 0, 0, 0, 0, 0, 0, 0, 0, 0, 0, 0.00077952817, 0.0007866349, 0.0008320395, 0.0009939799, 0.0011979769, 0.0014063109, 0.0015031463, 0.0016682909, 0.001786079, 0.0018263615, 0.0018727623, 0.0018811018, 0.0018627162, 0.0018468585, 0.001807236, 0.001760448, 0.0017350795, 0.0016796655, 0.0016172515, 0.0015833037, 0.0015105424, 0.0014330796, 0.0013558754, 0.0013191713, 0.0012518457, 0.001197299, 0.0011756035, 0.0011447255, 0.0011320893, 0.0011349499, 0.0011413078, 0.0011606633, 0.0011862674, 0.0012002325, 0.0012303687, 0.0012621594, 0.0012962247, 0.0013143808, 0.0013531854, 0.0013966394, 0.0014201768, 0.0014701025, 0.0015199822, 0.0015437065, 0.0015859249, 0.001618826, 0.0016417967, 0.0016498617, 0.001660485, 0.0016667498, 0.0016687372, 0.001670842, 0.0016697838, 0.0016616773, 0.0016535778, 0.0016263115, 0.0015822112, 0.001553563, 0.0014848061, 0.0014038543, 0.0013601491, 0.0012685444, 0.0011731242, 0.0010745558, 0.0010235411, 0.000916096, 0.00079837453, 0.0007349489, 0.0005982716, 0.00044947624, 0.00029161051, 0.00021023663, 4.341018e-05, -0.000127771, -0.00021503553, -0.00039287301, -0.000575075, -0.00066762883, -0.000854225, -0.0010400121, -0.0012202242, -0.001306723, -0.0014695735, -0.0016179712, -0.0016871503, -0.0018176095, -0.0019422274, -0.0020654409, -0.0021271482, -0.002250755, -0.0023717103, -0.0024289014, -0.0025312027, -0.002611043, -0.0026407426, -0.0026782795, -0.0026880328, -0.0026755405, -0.0026627916, -0.002628265, -0.0025844018, -0.0025592248, -0.0025005229, -0.002426018, -0.0023296766, -0.0022716369, -0.0021369455, -0.001988452, -0.0019189563, -0.0018320117, -0.0018954128
0, 0, 0, 0, 0, 0, 0, 0, 0, 0, 0, 0, 0, 0, 0, 0, 0, 0, 0, 0, 0, 0, 0, 0, 0, 0, 0, 0, 0, 0, 0, 0, 0, 0, 0, 0, 0, 0, -0.00031206702, 0.00014551739, 0.00047727517, 0.0006097027, 0.00088187057, 0.0011582084, 0.0014189915, 0.0015395451, 0.00175606, 0.0019359522, 0.0020112102, 0.0021315154, 0.002212387, 0.0022578433, 0.0022690785, 0.0022716597, 0.002253271, 0.0022373213, 0.0021952246, 0.0021400228, 0.0021083034, 0.0020393142, 0.0019642066, 0.0018882877, 0.001851327, 0.0017819188, 0.0017206033, 0.0016937181, 0.0016479605, 0.0016152877, 0.0015949786, 0.0015891818, 0.0015839374, 0.0015843511, 0.0015860278, 0.0015923819, 0.0016032277, 0.0016208631, 0.001633092, 0.0016660343, 0.0017120859, 0.0017401623, 0.0018047561, 0.0018756995, 0.0019116123, 0.0019786602, 0.0020335976, 0.002072127, 0.0020851851, 0.0021001997, 0.0021048356, 0.0021049466, 0.0021041383, 0.002102998, 0.002101063, 0.0020987347, 0.0020876594, 0.0020645587, 0.002047495, 0.0020023342, 0.0019441982, 0.0019110785, 0.0018389956, 0.0017608405, 0.0016768003, 0.0016317233, 0.0015318989, 0.0014149748, 0.0013483939, 0.0011981629, 0.0010266167, 0.0008391002, 0.0007416542, 0.00054376567, 0.00034701242, 0.0002501742, 5.9684207e-05, -0.00012791237, -0.00022150409, -0.00041051907, -0.0006031946, -0.0007996813, -0.00089871173, -0.0010955993, -0.0012872481, -0.0013801205, -0.0015581637, -0.001725922, -0.0018846799, -0.0019608596, -0.002107165, -0.0022443407, -0.0023084516, -0.0024241298, -0.0025188013, -0.002556806, -0.0026128055, -0.0026412301, -0.0026449123, -0.0026388313, -0.0026136492, -0.0025737986, -0.0025488671, -0.0024882315, -0.0024105327, -0.0023118192, -0.0022534998, -0.0021206727, -0.0019766772, -0.0019099324, -0.0018285732, -0.0018967224
0, 0, 0, 0, 0, 0, 0, 0, 0, 0, 0, 0, 0, 0, 0, 0, 0, 0, 0, 0, 0, 0, 0, 0, 0, 0, 0, 0, 0, 0, 0, 0, 0, 0, 0, 0, 0, -0.0010527279, -0.0007861454, -0.0003377853, 3.0517196e-05, 0.00019793039, 0.0005260202, 0.0008452994, 0.0011471335, 0.0012898745, 0.0015596286, 0.0018056317, 0.001919219, 0.002123752, 0.00229379, 0.0024247, 0.0024745627, 0.0025427283, 0.0025723777, 0.0025746587, 0.0025601396, 0.0025260132, 0.002504181, 0.0024550334, 0.0024034185, 0.0023535646, 0.002329765, 0.002285383, 0.0022434462, 0.0022230914, 0.0021819966, 0.0021429395, 0.002107506, 0.002092492, 0.0020681242, 0.0020524769, 0.0020480433, 0.0020462775, 0.0020546138, 0.0020734945, 0.0020869432, 0.0021229566, 0.002171202, 0.0022001893, 0.002267114, 0.0023428253, 0.0023824037, 0.0024602758, 0.0025307068, 0.0025872134, 0.0026092953, 0.0026407102, 0.0026574815, 0.0026620787, 0.0026671817, 0.002670147, 0.0026733344, 0.002674629, 0.0026742266, 0.0026660515, 0.002657514, 0.0026294484, 0.0025855657, 0.0025580071, 0.0024923924, 0.002414326, 0.0023248133, 0.0022754457, 0.002165368, 0.002036815, 0.0019643775, 0.0018023103, 0.0016178768, 0.001415131, 0.0013092802, 0.0010937578, 0.00087991165, 0.00077513314, 0.0005709679, 0.00037272475, 0.00027443553, 7.574293e-05, -0.00012988255, -0.00034589937, -0.00045798754, -0.0006887851, -0.0009226347, -0.0010383914, -0.001262467, -0.0014711167, -0.0016606188, -0.0017478111, -0.0019073299, -0.0020482303, -0.0021121658, -0.0022275262, -0.0023261483, -0.0023687882, -0.002439733, -0.0024892576, -0.002515674, -0.0025203095, -0.0025130669, -0.0024848548, -0.002463434, -0.0024060216, -0.002329532, -0.0022335656, -0.002178495, -0.0020562035, -0.0019272069, -0.0018686283, -0.0018022702, -0.0018801359
0, 0, 0, 0, 0, 0, 0, 0, 0, 0, 0, 0, 0, 0, 0, 0, 0, 0, 0, 0, 0, 0, 0, 0, 0, 0, 0, 0, 0, 0, 0, 0, 0, 0, 0, 0, 0, -0.0016234753, -0.0013290184, -0.00092124037, -0.0005932543, -0.00043139159, -9.866733e-05, 0.00023962637, 0.0005724084, 0.0007358093, 0.0010549985, 0.001364211, 0.0015139746, 0.0018002008, 0.0020601829, 0.0022829429, 0.0023773813, 0.0025278956, 0.002627809, 0.0026602412, 0.0026975467, 0.0027082611, 0.002707612, 0.0027010646, 0.0026939851, 0.0026899483, 0.0026891166, 0.002687472, 0.0026824917, 0.0026766767, 0.0026570982, 0.0026273832, 0.0025926274, 0.0025757027, 0.0025476024, 0.002532779, 0.0025315313, 0.0025416447, 0.002566874, 0.0026030422, 0.0026239308, 0.0026687193, 0.0027164486, 0.002741273, 0.0027944744, 0.0028541822, 0.0028864602, 0.0029557492, 0.0030282019, 0.0030979246, 0.003129907, 0.003185442, 0.0032277643, 0.003243725, 0.003267442, 0.0032827498, 0.0032925166, 0.0032959848, 0.0032987916, 0.0032940828, 0.0032874336, 0.0032620279, 0.0032174368, 0.003187173, 0.0031108775, 0.0030150374, 0.0029027218, 0.0028412307, 0.0027084164, 0.0025631404, 0.002485521, 0.002319512, 0.002137799, 0.0019399433, 0.0018354944, 0.0016185539, 0.0013956733, 0.001283377, 0.0010597327, 0.0008384112, 0.0007280741, 0.0005060886, 0.00027911947, 4.331605e-05, -7.863048e-05, -0.00033007815, -0.0005872464, -0.000715341, -0.00096428697, -0.0011955908, -0.0014022657, -0.0014951552, -0.0016602875, -0.0018006744, -0.0018630502, -0.0019756453, -0.0020764153, -0.0021230553, -0.0022082964, -0.0022791233, -0.0023309495, -0.0023480526, -0.002363138, -0.002351807, -0.0023366248, -0.0022883667, -0.0022184912, -0.002130979, -0.002081728, -0.0019747152, -0.0018646946, -0.0018160278, -0.0017667086, -0.0018536699
0, 0, 0, 0, 0, 0, 0, 0, 0, 0, 0, 0, 0, 0, 0, 0, 0, 0, 0, 0, 0, 0, 0, 0, 0, 0, 0, 0, 0, 0, 0, 0, 0, 0, 0, 0, -0.0035740938, -0.0023915689, -0.0020580245, -0.0016643846, -0.0013834526, -0.0012420568, -0.0009357188, -0.0006027344, -0.00025462528, -7.714303e-05, 0.0002815246, 0.00064216775, 0.0008217503, 0.001173586, 0.0015068969, 0.0018093652, 0.0019451502, 0.0021803798, 0.0023641624, 0.002437573, 0.0025539277, 0.0026385288, 0.002673692, 0.0027358304, 0.0027936469, 0.0028498927, 0.0028773025, 0.0029270812, 0.0029662037, 0.0029798667, 0.0029937413, 0.002990802, 0.002977155, 0.0029695332, 0.0029600356, 0.002965681, 0.002976053, 0.0030122648, 0.0030649947, 0.0031257556, 0.0031561246, 0.0032121525, 0.003258757, 0.003278069, 0.00331266, 0.0033478877, 0.0033683486, 0.0034173534, 0.003479775, 0.0035524014, 0.003590489, 0.0036644954, 0.0037293017, 0.0037560845, 0.0037976424, 0.0038223104, 0.0038328914, 0.0038340073, 0.0038291977, 0.0038149022, 0.0038031817, 0.0037675002, 0.003711054, 0.0036736166, 0.003579099, 0.0034600608, 0.0033212297, 0.003246547, 0.0030900764, 0.002929283, 0.0028479837, 0.0026834263, 0.002512306, 0.0023285262, 0.0022302202, 0.0020189835, 0.0017894983, 0.0016693108, 0.0014217852, 0.0011691928, 0.0010426895, 0.0007911722, 0.0005425634, 0.00029518103, 0.00017114528, -7.918609e-05, -0.00033156486, -0.00045698092, -0.00070198975, -0.00093218725, -0.0011407377, -0.001235184, -0.0014042822, -0.0015485535, -0.0016129441, -0.0017300079, -0.0018373335, -0.0018884852, -0.0019857767, -0.0020724563, -0.0021421784, -0.0021682745, -0.0022001923, -0.002203154, -0.0021938926, -0.0021556763, -0.00209501, -0.0020179974, -0.0019749654, -0.001882702, -0.0017894835, -0.0017492345, -0.0017140054, -0.0018062794
0, 0, 0, 0, 0, 0, 0, 0, 0, 0, 0, 0, 0, 0, 0, 0, 0, 0, 0, 0, 0, 0, 0, 0, 0, 0, 0, 0, 0, 0, 0, 0, 0, 0, -0.011449142, -0.010124853, -0.0054456457, -0.0033505382, -0.0029232784, -0.002499559, -0.0022531378, -0.0021347734, -0.0018716106, -0.0015659541, -0.0012235651, -0.0010416986, -0.00066165405, -0.00026800114, -6.950834e-05, 0.00032479575, 0.0007056389, 0.0010623541, 0.0012286396, 0.0015335598, 0.0017986344, 0.0019170021, 0.0021272034, 0.0023087712, 0.0023908722, 0.002543477, 0.002682117, 0.0028081294, 0.0028657687, 0.0029691362, 0.0030537567, 0.0030889404, 0.0031448007, 0.003184148, 0.003213099, 0.0032264136, 0.003256494, 0.0032978836, 0.0033242928, 0.0033889, 0.003464636, 0.0035428652, 0.0035799695, 0.0036441914, 0.0036922751, 0.0037101903, 0.0037367633, 0.0037585837, 0.003770983, 0.0038037777, 0.0038519274, 0.0039149835, 0.003950603, 0.0040227287, 0.0040875156, 0.004114375, 0.004153127, 0.0041698604, 0.0041659446, 0.004157867, 0.004132855, 0.004097718, 0.0040763975, 0.0040237103, 0.0039529353, 0.0039088, 0.0038011302, 0.0036676244, 0.0035127057, 0.0034297178, 0.0032578853, 0.003085225, 0.0030002166, 0.002833417, 0.0026658843, 0.0024887715, 0.00239351, 0.0021847675, 0.0019504748, 0.0018245544, 0.0015599518, 0.0012856683, 0.0011483585, 0.00087912526, 0.0006222082, 0.00037903292, 0.00026194847, 3.3393044e-05, -0.00019055008, -0.00030125974, -0.00051940425, -0.0007300243, -0.0009285548, -0.0010216505, -0.001193765, -0.0013460829, -0.0014152923, -0.0015416405, -0.0016556488, -0.0017088469, -0.0018080838, -0.0018951981, -0.0019647984, -0.0019913772, -0.002025373, -0.0020323321, -0.002025757, -0.0019944217, -0.0019425185, -0.0018754193, -0.0018377192, -0.0017572839, -0.0016767315, -0.0016427971, -0.001618476, -0.0017134325
0, 0, 0, 0, 0, 0, 0, 0, 0, 0, 0, 0, 0, 0, 0, 0, 0, 0, 0, 0, 0, 0, 0, 0, 0, 0, 0, 0, 0, 0, 0, 0, 0, 0, -0.006458222, -0.006119359, -0.0047073015, -0.0037115205, -0.0034589001, -0.003190772, -0.003028307, -0.0029460434, -0.002748177, -0.002493595, -0.0021826732, -0.0020085021, -0.001632057, -0.00122975, -0.0010240022, -0.00061211415, -0.00021013772, 0.00017258267, 0.00035576217, 0.000705732, 0.0010346802, 0.0011918655, 0.0014920366, 0.0017734137, 0.0019062968, 0.0021557193, 0.0023808025, 0.0025787577, 0.0026668636, 0.002822377, 0.0029527373, 0.0030100874, 0.003113565, 0.003206725, 0.0032937957, 0.003336019, 0.0034191636, 0.003502271, 0.0035441567, 0.0036280737, 0.0037108173, 0.003788756, 0.0038246182, 0.0038880538, 0.0039392975, 0.003960472, 0.003995159, 0.004022948, 0.0040357783, 0.00406421, 0.0040983506, 0.0041389116, 0.0041604256, 0.004201942, 0.004234941, 0.0042461185, 0.004253642, 0.004240321, 0.004206461, 0.004183379, 0.0041285343, 0.0040658275, 0.004031889, 0.0039581307, 0.0038725797, 0.003823388, 0.0037097128, 0.0035737015, 0.0034171417, 0.0033326587, 0.0031557085, 0.0029741654, 0.0028836827, 0.00270439, 0.0025253817, 0.002340313, 0.0022426634, 0.0020330918, 0.0018021194, 0.0016788752, 0.0014206433, 0.0011543483, 0.0010215384, 0.0007633923, 0.0005221071, 0.00030149598, 0.00019850576, 3.9383467e-06, -0.00018115397, -0.0002720268, -0.00045268823, -0.0006326241, -0.0008100497, -0.00089675636, -0.0010629714, -0.0012157152, -0.0012857507, -0.0014121052, -0.001520432, -0.001568149, -0.0016509652, -0.0017174112, -0.0017663614, -0.0017838778, -0.0018044942, -0.0018056725, -0.0017992151, -0.0017729658, -0.0017307728, -0.0016749479, -0.0016430594, -0.0015738737, -0.0015047975, -0.0014768968, -0.0014637932, -0.0015616558
0, 0, 0, 0, 0, 0, 0, 0, 0, 0, 0, 0, 0, 0, 0, 0, 0, 0, 0, 0, 0, 0, 0, 0, 0, 0, 0, 0, 0, 0, 0, 0, 0, -0.003861676, -0.0037859648, -0.0037626114, -0.0036337886, -0.0035411438, -0.0035281517, -0.0035290725, -0.0035153665, -0.003489944, -0.0033891897, -0.0032132117, -0.0029627802, -0.0028122312, -0.002469862, -0.002087837, -0.0018880953, -0.0014834311, -0.0010831666, -0.00069477485, -0.0005052806, -0.00013331485, 0.00023484921, 0.0004190036, 0.0007870326, 0.0011490464, 0.0013249627, 0.0016599633, 0.0019632732, 0.0022276607, 0.0023447066, 0.0025505212, 0.0027262769, 0.0028067327, 0.0029601927, 0.0031100323, 0.003258541, 0.003331114, 0.003468952, 0.0035908222, 0.0036445137, 0.0037359463, 0.0038087831, 0.0038672378, 0.0038931994, 0.0039421925, 0.003990823, 0.004015087, 0.004062073, 0.0041034236, 0.004120884, 0.0041474346, 0.0041619507, 0.004164936, 0.0041621057, 0.004148073, 0.004122743, 0.004105875, 0.004063018, 0.0040068803, 0.0039370987, 0.003897686, 0.003810212, 0.0037149813, 0.00366531, 0.003562432, 0.0034542554, 0.0033970906, 0.0032746303, 0.0031385599, 0.0029867785, 0.0029047297, 0.0027297498, 0.002542728, 0.0024462608, 0.002249949, 0.0020518384, 0.0018526575, 0.0017519546, 0.0015475916, 0.0013376337, 0.0012303817, 0.0010123536, 0.0007922722, 0.0006830041, 0.00047064706, 0.0002710107, 8.83632e-05, 3.7332761e-06, -0.0001537731, -0.0002998431, -0.00037053062, -0.0005098585, -0.0006496133, -0.0007904891, -0.0008609128, -0.000998994, -0.0011282044, -0.0011872228, -0.0012906337, -0.0013722453, -0.0014046797, -0.0014536515, -0.0014846287, -0.0015011769, -0.0015051559, -0.0015065562, -0.0015007237, -0.0014950505, -0.0014774492, -0.001450135, -0.0014113127, -0.0013877738, -0.0013341303, -0.0012806666, -0.0012609051, -0.00126252, -0.0013654293
0, 0, 0, 0, 0, 0, 0, 0, 0, 0, 0, 0, 0, 0, 0, 0, 0, 0, 0, 0, 0, 0, 0, 0, 0, 0, 0, 0, 0, 0, 0, 0, -0.0026784423, -0.0025332405, -0.0025104603, -0.0025651485, -0.0027892387, -0.0030765687, -0.0032127504, -0.0034377861, -0.0035840666, -0.0036254642, -0.0036419209, -0.003568128, -0.003406512, -0.0032948635, -0.003019692, -0.002691048, -0.0025127803, -0.0021413257, -0.0017615452, -0.0013826967, -0.0011935936, -0.00081461575, -0.0004275218, -0.00022930803, 0.00017586414, 0.0005864549, 0.00078993285, 0.0011824954, 0.0015434125, 0.0018616135, 0.002003788, 0.002256768, 0.0024777206, 0.0025809929, 0.0027819108, 0.0029816472, 0.0031807276, 0.0032779234, 0.0034577057, 0.0036079134, 0.0036685294, 0.0037597776, 0.0038147715, 0.0038458582, 0.0038568699, 0.003879718, 0.0039109904, 0.0039306325, 0.0039735273, 0.0040115165, 0.0040248153, 0.0040325173, 0.004010589, 0.0039591985, 0.0039242934, 0.003840294, 0.0037463906, 0.0036978656, 0.0036009778, 0.0035029629, 0.00340019, 0.0033452492, 0.0032260306, 0.0030944615, 0.0030247967, 0.0028806257, 0.0027340313, 0.002660935, 0.0025148299, 0.0023680897, 0.0022163466, 0.0021368337, 0.0019674008, 0.0017825784, 0.0016847169, 0.0014816087, 0.0012751917, 0.0010736154, 0.0009769988, 0.00079462107, 0.00062698027, 0.00054818316, 0.00039795667, 0.00025372306, 0.00018255772, 4.1224124e-05, -9.7752956e-05, -0.00023132161, -0.00029476432, -0.00041288987, -0.00051903125, -0.00056787947, -0.00065897283, -0.00074430805, -0.0008271542, -0.00086818065, -0.00094871066, -0.0010241123, -0.0010580317, -0.0011146136, -0.0011527839, -0.0011644404, -0.0011736577, -0.0011686042, -0.0011561083, -0.0011491906, -0.0011371799, -0.0011299523, -0.0011279847, -0.0011248974, -0.0011184606, -0.0011030926, -0.0010913323, -0.0010610028, -0.0010305423, -0.0010223654, -0.001044745, -0.001155561
0, 0, 0, 0, 0, 0, 0, 0, 0, 0, 0, 0, 0, 0, 0, 0, 0, 0, 0, 0, 0, 0, 0, 0, 0, 0, 0, 0, 0, 0, 0, 0, -0.0012666214, -0.0013995385, -0.0015271658, -0.0016436669, -0.0019803823, -0.0023841502, -0.0025817598, -0.0029306945, -0.003195409, -0.0032940118, -0.0034215008, -0.0034550182, -0.003397621, -0.0033366496, -0.0031572592, -0.0029132462, -0.0027724016, -0.0024615268, -0.0021236576, -0.0017682852, -0.001585453, -0.001209489, -0.00081867725, -0.0006168208, -0.00020169595, 0.00022418021, 0.00043677093, 0.0008526778, 0.0012430543, 0.0015962721, 0.0017578414, 0.0020514661, 0.002314165, 0.002437716, 0.0026762264, 0.0029098475, 0.0031369864, 0.0032457763, 0.0034443412, 0.0036049618, 0.00366745, 0.003754448, 0.003795702, 0.003804469, 0.0038022487, 0.003795219, 0.0037942384, 0.0037970582, 0.0038045668, 0.0038033642, 0.003794436, 0.0037512472, 0.0036687874, 0.0035489195, 0.0034779315, 0.003323027, 0.00316367, 0.0030861108, 0.0029396259, 0.0028032248, 0.0026684003, 0.002597828, 0.0024447492, 0.0022721658, 0.0021790315, 0.0019844763, 0.0017867563, 0.0016901434, 0.0015056301, 0.001334904, 0.0011743517, 0.0010956561, 0.0009354686, 0.00076503144, 0.00067528227, 0.0004887773, 0.00030038468, 0.00012267633, 4.1845975e-05, -9.885505e-05, -0.00020894852, -0.00025334055, -0.00032619628, -0.00038685487, -0.00041610125, -0.0004781997, -0.00054801424, -0.00062311586, -0.00066041545, -0.0007290613, -0.0007837104, -0.0008044984, -0.0008324878, -0.0008457294, -0.00084992975, -0.0008507387, -0.0008522349, -0.00085459923, -0.0008556238, -0.00085479155, -0.00084656506, -0.0008387164, -0.0008155305, -0.0007858655, -0.0007563027, -0.0007437949, -0.000727042, -0.0007233356, -0.0007261258, -0.00073841476, -0.0007534414, -0.0007646251, -0.00076722243, -0.0007672967, -0.00076914957, -0.00077722064, -0.0008285878, -0.000951479
0, 0, 0, 0, 0, 0, 0, 0, 0, 0, 0, 0, 0, 0, 0, 0, 0, 0, 0, 0, 0, 0, 0, 0, 0, 0, 0, 0, 0, 0, 0.00069856236, 0.0004899959, -0.00014159203, -0.0003674941, -0.0005702963, -0.00070702826, -0.0010571083, -0.0014688007, -0.0016769523, -0.0020657256, -0.0023909225, -0.0025247452, -0.0027305845, -0.0028537419, -0.002895362, -0.0028869712, -0.002814898, -0.0026761396, -0.0025838162, -0.002358476, -0.0020849605, -0.0017711637, -0.0016016215, -0.0012423011, -0.0008610333, -0.0006640476, -0.00026030216, 0.00015113335, 0.00035730493, 0.0007638265, 0.0011545856, 0.0015208725, 0.0016931995, 0.0020158791, 0.0023104567, 0.0024490096, 0.0027108123, 0.002955509, 0.0031819441, 0.0032864395, 0.0034730632, 0.0036214825, 0.003678786, 0.0037575734, 0.0037916373, 0.0037894894, 0.0037789205, 0.0037457524, 0.0037031034, 0.0036790879, 0.0036228264, 0.003547586, 0.0034996383, 0.0033766977, 0.0032162974, 0.0030227422, 0.0029174995, 0.002699177, 0.0024830743, 0.0023795292, 0.0021845389, 0.0020028215, 0.0018251914, 0.0017337755, 0.0015382415, 0.0013209066, 0.0012043534, 0.0009611253, 0.00071574264, 0.0005967151, 0.0003737836, 0.00017681469, 5.2392743e-06, -7.292571e-05, -0.00021989403, -0.00036296083, -0.00043502662, -0.0005799529, -0.0007216338, -0.0008488834, -0.0009032193, -0.0009877073, -0.0010369325, -0.001049034, -0.0010537063, -0.0010426161, -0.0010353616, -0.0010240981, -0.0010222952, -0.0010278877, -0.0010309787, -0.0010307691, -0.0010137241, -0.0009967611, -0.00094548665, -0.0008750822, -0.00079406385, -0.0007525775, -0.00067371764, -0.00060456176, -0.00057451904, -0.0005220653, -0.00047569184, -0.00045340662, -0.00040881368, -0.00036555034, -0.00032772258, -0.0003127301, -0.00029363623, -0.0002914396, -0.0002966571, -0.00031818662, -0.0003498703, -0.0003858939, -0.0004040669, -0.0004411831, -0.00048588845, -0.0005160121, -0.0006073961, -0.0007497038
0, 0, 0, 0, 0, 0, 0, 0, 0, 0, 0, 0, 0, 0, 0, 0, 0, 0, 0, 0, 0, 0, 0, 0, 0, 0, 0, 0, 0, 0.001533877, 0.0010763933, 0.00090651494, 0.00067535014, 0.00054889737, 0.00039106622, 0.00027898815, -1.5370726e-05, -0.00037491551, -0.00056474167, -0.0009356615, -0.0012685929, -0.0014141131, -0.0016566472, -0.0018349709, -0.0019498636, -0.001984281, -0.0020083543, -0.0019725482, -0.0019317205, -0.0018033108, -0.0016108843, -0.0013584894, -0.0012127135, -0.0008888049, -0.0005351392, -0.0003513931, 2.2305067e-05, 0.00039821488, 0.0005852809, 0.00095670857, 0.0013213801, 0.0016763299, 0.0018489867, 0.0021819454, 0.0024927717, 0.0026381128, 0.002905684, 0.003139629, 0.0033393966, 0.0034258806, 0.0035724281, 0.0036849186, 0.0037280053, 0.003788051, 0.0038131513, 0.0038054315, 0.0037892058, 0.0037332915, 0.003646377, 0.0035913317, 0.0034588, 0.0032949285, 0.0032012998, 0.002991052, 0.0027536503, 0.0024957694, 0.0023623575, 0.0020929684, 0.0018271089, 0.0016976844, 0.0014464745, 0.001203406, 0.0009627709, 0.000841324, 0.0005912645, 0.00032932888, 0.0001941003, -8.068859e-05, -0.00035122174, -0.00048080424, -0.00072129973, -0.0009304108, -0.0011051425, -0.0011805766, -0.0013111841, -0.0014209619, -0.0014704274, -0.0015608668, -0.0016390671, -0.0017005813, -0.001722732, -0.0017458684, -0.0017391245, -0.0017246894, -0.0016777572, -0.0016131711, -0.0015770232, -0.0015019252, -0.0014269509, -0.0013514603, -0.00131187, -0.0012236683, -0.0011181781, -0.0010576382, -0.0009225602, -0.00077372935, -0.000620999, -0.0005461668, -0.0004057983, -0.00028318272, -0.00022975533, -0.00013794987, -6.185161e-05, -2.8143691e-05, 3.3603825e-05, 8.853647e-05, 0.00013408635, 0.00015208409, 0.0001760849, 0.00018157008, 0.00017674455, 0.00015156597, 0.00010742742, 4.6896206e-05, 1.1518238e-05, -6.933401e-05, -0.00016734086, -0.0002256673, -0.00036893124, -0.0005399333
0, 0, 0, 0, 0, 0, 0, 0, 0, 0, 0, 0, 0, 0, 0, 0, 0, 0, 0, 0, 0, 0, 0, 0, 0, 0, 0, 0, 0, 0.0011393492, 0.0011831165, 0.0012125375, 0.0012851319, 0.0013283849, 0.0012922758, 0.0012373945, 0.0010541461, 0.0007933394, 0.00064434065, 0.0003339963, 3.4684588e-05, -0.00010294679, -0.000345656, -0.00054245756, -0.00069473515, -0.00075484655, -0.0008431406, -0.0008857886, -0.0008874625, -0.00084626616, -0.00073866756, -0.00056150474, -0.00044868485, -0.00018210507, 0.0001226371, 0.0002831821, 0.0006093519, 0.0009342569, 0.0010945091, 0.001412307, 0.0017296436, 0.0020500198, 0.002210643, 0.0025296973, 0.0028343666, 0.002976846, 0.003232812, 0.0034414358, 0.003599649, 0.0036610607, 0.0037535157, 0.0038139855, 0.0038348776, 0.0038606394, 0.0038644245, 0.0038404986, 0.0038154891, 0.0037327365, 0.0036013993, 0.0035166554, 0.0033125577, 0.0030688075, 0.002935854, 0.002654389, 0.0023595556, 0.0020581142, 0.001905748, 0.0015996929, 0.0012908607, 0.0011350365, 0.00082033523, 0.00050282525, 0.0001858162, 2.8908318e-05, -0.00027935446, -0.00057821564, -0.00072346086, -0.0010034213, -0.0012663843, -0.0013898254, -0.0016169377, -0.0018150838, -0.001980775, -0.0020508177, -0.0021649667, -0.0022459123, -0.002274916, -0.002313302, -0.0023286247, -0.0023229783, -0.0023124346, -0.0022752436, -0.0022175414, -0.002180788, -0.0020926576, -0.0019855874, -0.0019251553, -0.0017917453, -0.0016436408, -0.0014822973, -0.0013969586, -0.0012170039, -0.0010246901, -0.0009249952, -0.0007215795, -0.0005182633, -0.00032192422, -0.0002282625, -5.3428546e-05, 0.00010158251, 0.00017101908, 0.00029382147, 0.00039774674, 0.00044362977, 0.00052531104, 0.00059427496, 0.00064849434, 0.0006691139, 0.0006960521, 0.00070127926, 0.00069483416, 0.0006619905, 0.0006007724, 0.0005107915, 0.0004555864, 0.00032531566, 0.00016769244, 7.784118e-05, -0.00012376551, -0.00032993252
0, 0, 0, 0, 0, 0, 0, 0, 0, 0, 0, 0, 0, 0, 0, 0, 0, 0, 0, 0, 0, 0, 0, 0, 0, 0, 0, 0.00077967515, 0.0007886682, 0.00093664543, 0.0012224609, 0.0013806786, 0.0016754764, 0.001898145, 0.0020227055, 0.002045576, 0.002014745, 0.0018927682, 0.0018043052, 0.0015921956, 0.001360457, 0.0012451645, 0.0010298572, 0.00084191177, 0.00068352517, 0.0006149752, 0.0004997196, 0.0004157646, 0.00038805915, 0.00036857286, 0.00040582195, 0.00050721597, 0.0005822936, 0.00077515777, 0.0010120039, 0.001140329, 0.0014044011, 0.0016677818, 0.0017970699, 0.0020526985, 0.0023095622, 0.0025753365, 0.0027117643, 0.0029899494, 0.0032617815, 0.0033895504, 0.003617227, 0.0037936738, 0.0039120005, 0.0039504734, 0.003992674, 0.0040019876, 0.0039983136, 0.00397925, 0.0039452384, 0.0038871116, 0.003845057, 0.0037247331, 0.0035483893, 0.0034381552, 0.0031783376, 0.0028790296, 0.0027202694, 0.0023958003, 0.0020705923, 0.0017478185, 0.001586276, 0.0012584332, 0.00091743143, 0.0007398397, 0.00037052392, -1.2381436e-05, -0.0003948944, -0.00058074325, -0.00093162013, -0.0012479696, -0.0013920196, -0.0016528603, -0.0018817288, -0.0019860363, -0.0021770245, -0.0023467054, -0.002493482, -0.002556582, -0.0026569103, -0.0027176628, -0.0027321496, -0.002730645, -0.0026939374, -0.0026294242, -0.0025889315, -0.0024954209, -0.0023882363, -0.0023297353, -0.0022012803, -0.0020534843, -0.0019704557, -0.001784067, -0.0015712435, -0.0013367018, -0.0012138066, -0.00096222333, -0.000709524, -0.000585243, -0.0003449822, -0.000119744924, 8.9506364e-05, 0.00018851303, 0.0003755817, 0.0005486479, 0.0006295859, 0.00077861757, 0.00090942165, 0.0009673748, 0.0010679744, 0.0011463019, 0.0011999984, 0.0012170711, 0.0012320224, 0.0012199173, 0.0012032405, 0.0011464704, 0.0010556189, 0.00092841237, 0.00085137354, 0.0006710702, 0.00045744624, 0.00033875086, 8.35719e-05, -0.00015659993
0, 0, 0, 0, 0, 0, 0, 0, 0, 0, 0, 0, 0, 0, 0, 0, 0, 0, 0, 0, 0, 0, 0, 0, 0, 0, -0.00013976888, 0.00022581317, 0.0004040742, 0.00075088773, 0.0011635278, 0.001385321, 0.0018146286, 0.0021856492, 0.002471534, 0.0025788175, 0.002720066, 0.002765296, 0.0027539318, 0.0026749135, 0.0025412457, 0.002462025, 0.0022952973, 0.0021335897, 0.0019875013, 0.0019214666, 0.0018055608, 0.0017124203, 0.0016757032, 0.0016265364, 0.0016173368, 0.0016565244, 0.0016950625, 0.0018101658, 0.0019673228, 0.0020575572, 0.002250801, 0.0024487826, 0.0025468697, 0.0027407988, 0.0029341036, 0.0031334278, 0.003236566, 0.0034487925, 0.0036607694, 0.0037618587, 0.003943744, 0.004083634, 0.0041713086, 0.0041949796, 0.004207241, 0.0041830693, 0.004160817, 0.004101317, 0.0040229764, 0.003919637, 0.0038548291, 0.0036912202, 0.0034752672, 0.0033470995, 0.003055094, 0.0027300064, 0.002561072, 0.002221663, 0.0018882955, 0.0015604347, 0.001396467, 0.0010607564, 0.000706186, 0.00051946397, 0.00012696818, -0.0002811992, -0.0006860038, -0.0008795083, -0.0012356415, -0.0015407946, -0.0016727503, -0.0018994298, -0.0020856957, -0.002167756, -0.0023173934, -0.002453772, -0.0025763412, -0.0026302747, -0.0027153792, -0.0027584953, -0.0027616986, -0.0027310506, -0.002655722, -0.002545712, -0.0024812203, -0.0023395573, -0.002186861, -0.0021071264, -0.0019390617, -0.0017538004, -0.0016520662, -0.0014272382, -0.001174097, -0.00090011215, -0.0007593514, -0.0004778934, -0.00020684088, -7.799341e-05, 0.00016323871, 0.00038183315, 0.00058220286, 0.0006778253, 0.00086328137, 0.0010427556, 0.0011296973, 0.0012939515, 0.0014390436, 0.0015021365, 0.0016048158, 0.0016725812, 0.0017035992, 0.0017055783, 0.001684153, 0.0016314315, 0.0015937457, 0.0014947398, 0.0013623299, 0.0011942531, 0.0010967874, 0.00087605213, 0.0006228438, 0.00048484956, 0.00019448945, -6.882697e-05
0, 0, 0, 0, 0, 0, 0, 0, 0, 0, 0, 0, 0, 0, 0, 0, 0, 0, 0, 0, 0, 0, 0, 0, 0, 0, -0.00050976523, -0.00013757379, 5.5426208e-05, 0.00046647494, 0.0009304084, 0.001177086, 0.001675794, 0.0021481144, 0.0025666319, 0.0027501453, 0.003057017, 0.0032748913, 0.0033483116, 0.0034248466, 0.00341628, 0.003386342, 0.0032901613, 0.0031684362, 0.0030433529, 0.002984359, 0.0028775793, 0.0027903186, 0.0027542128, 0.0026982632, 0.0026648368, 0.0026587949, 0.00266757, 0.0027107343, 0.0027881376, 0.0028389874, 0.0029582705, 0.0030918166, 0.003160776, 0.0032984302, 0.003433351, 0.0035655168, 0.0036315406, 0.0037631432, 0.0038943023, 0.003958091, 0.004076412, 0.0041723694, 0.0042353175, 0.004252256, 0.004256305, 0.004223669, 0.0041946215, 0.0041139745, 0.0040041683, 0.0038633873, 0.0037800288, 0.0035848247, 0.0033491936, 0.0032165728, 0.002924718, 0.00260776, 0.002444505, 0.0021160739, 0.0017911224, 0.0014697221, 0.001308438, 0.000979682, 0.00063708983, 0.00045952434, 9.282544e-05, -0.00028051547, -0.0006438248, -0.00081535423, -0.0011271246, -0.0013893797, -0.0015008746, -0.0016888035, -0.0018392176, -0.0019043423, -0.0020207842, -0.0021247896, -0.002216311, -0.0022552968, -0.0023116663, -0.002328209, -0.0023188875, -0.0022630093, -0.0021618851, -0.0020249037, -0.0019466197, -0.0017756232, -0.001593483, -0.0014996323, -0.0013055765, -0.0010996402, -0.0009900242, -0.0007554616, -0.00050170976, -0.00023602071, -0.0001024176, 0.00015893223, 0.000405374, 0.00052073866, 0.00073417847, 0.00092702464, 0.0011051303, 0.0011912311, 0.0013614481, 0.001528836, 0.0016100612, 0.0017620329, 0.0018898435, 0.0019414407, 0.00201376, 0.0020414717, 0.0020243342, 0.0019997894, 0.0019230217, 0.0018152475, 0.0017510758, 0.0016032775, 0.001428846, 0.0012276056, 0.0011166688, 0.0008753719, 0.0006082659, 0.0004656352, 0.00016807721, -0.00010222631
0, 0, 0, 0, 0, 0, 0, 0, 0, 0, 0, 0, 0, 0, 0, 0, 0, 0, 0, 0, 0, 0, 0, 0, 0, -0.0011256699, -0.0007333323, -0.0004409053, -0.00028318827, 8.227058e-05, 0.00051967043, 0.0007607865, 0.0012698009, 0.0017902137, 0.0022955758, 0.0025353183, 0.0029746331, 0.0033444173, 0.0034976695, 0.0037308778, 0.003862774, 0.0038919586, 0.0038880943, 0.0038233567, 0.0037282489, 0.0036773037, 0.0035795697, 0.0034962124, 0.0034608038, 0.0034017374, 0.0033546488, 0.00331777, 0.003303459, 0.003287183, 0.0032926067, 0.003305519, 0.0033530272, 0.0034237795, 0.0034648718, 0.0035518436, 0.0036354433, 0.0037076422, 0.0037383307, 0.0037902542, 0.0038335382, 0.0038539951, 0.0038958674, 0.0039376323, 0.0039723623, 0.003984137, 0.003990361, 0.003967471, 0.003942602, 0.0038653896, 0.0037500616, 0.00359912, 0.0035117632, 0.0033163517, 0.003097311, 0.0029796923, 0.0027291891, 0.0024602325, 0.0023205068, 0.0020334541, 0.0017394306, 0.0014410426, 0.0012905394, 0.0009888852, 0.0006886834, 0.00054028817, 0.0002489734, -3.1074764e-05, -0.00029356146, -0.00041623873, -0.00064008636, -0.00083295966, -0.00091794826, -0.0010660002, -0.0011882824, -0.0012407817, -0.0013291643, -0.0013968175, -0.0014430853, -0.0014574139, -0.001465012, -0.0014402093, -0.0014145025, -0.0013361175, -0.0012251104, -0.0010866724, -0.0010092354, -0.0008416174, -0.00066165044, -0.0005688129, -0.00037858335, -0.00018336183, -8.3439736e-05, 0.000121630255, 0.00033170872, 0.000541996, 0.00064556755, 0.00084565714, 0.0010336784, 0.0011224978, 0.001288759, 0.0014413397, 0.0015837811, 0.0016520687, 0.0017843961, 0.0019082517, 0.0019650403, 0.002062482, 0.0021297745, 0.0021493698, 0.0021569715, 0.0021204113, 0.0020407164, 0.0019864908, 0.0018535845, 0.0016956103, 0.0016089266, 0.0014230387, 0.0012210518, 0.0010045543, 0.00089103385, 0.0006538569, 0.00040199334, 0.00026990546, -6.2149925e-06, -0.0002672497
0, 0, 0, 0, 0, 0, 0, 0, 0, 0, 0, 0, 0, 0, 0, 0, 0, 0, 0, 0, 0, 0, 0, 0, -0.000862351, -0.00086128386, -0.0007597384, -0.00063890294, -0.00055574795, -0.00032020928, 1.4507352e-05, 0.0002157626, 0.00067292183, 0.0011816507, 0.0017151932, 0.0019827844, 0.0025026263, 0.0029795838, 0.0031940173, 0.003559764, 0.0038250436, 0.003916934, 0.0040204204, 0.004032563, 0.00398173, 0.0039425385, 0.0038528016, 0.0037641886, 0.0037234975, 0.0036501018, 0.0035841458, 0.003520213, 0.0034875236, 0.0034237348, 0.003369426, 0.0033492919, 0.0033289625, 0.003337291, 0.0033498185, 0.0033851168, 0.003420768, 0.003441906, 0.0034434586, 0.003428164, 0.0033941201, 0.003374195, 0.0033389952, 0.0033189103, 0.003315231, 0.0033170783, 0.0033198695, 0.0033088129, 0.0032937417, 0.0032373427, 0.003143695, 0.0030167135, 0.0029442501, 0.002789059, 0.0026283832, 0.0025471952, 0.0023805632, 0.0022022908, 0.0021066503, 0.0019001728, 0.0016728874, 0.001430538, 0.0013070559, 0.0010637534, 0.0008388355, 0.00073668815, 0.00055664714, 0.00040607515, 0.00027770747, 0.00021898425, 0.000107639185, 1.2641182e-07, -5.2563453e-05, -0.00015285908, -0.00024064408, -0.00027669783, -0.0003276234, -0.00034538633, -0.0003300524, -0.00031152464, -0.00025759637, -0.0001860754, -0.00014532304, -5.561279e-05, 4.3489446e-05, 0.00015283616, 0.00021207312, 0.00033993708, 0.0004798516, 0.000553045, 0.0007022136, 0.0008501371, 0.0009221684, 0.0010608862, 0.0011913085, 0.0013129885, 0.0013709187, 0.0014826683, 0.0015901609, 0.0016427039, 0.001745045, 0.0018400575, 0.0019251788, 0.0019626503, 0.0020253093, 0.0020676542, 0.0020793509, 0.0020817067, 0.0020525563, 0.0020260625, 0.001948828, 0.0018407282, 0.0017033062, 0.0016252398, 0.0014530844, 0.0012646283, 0.0011659644, 0.00096259074, 0.0007533669, 0.00054207625, 0.00043658548, 0.00022667558, 1.6521422e-05, -9.1428905e-05, -0.00032049435, -0.0005579591
0, 0, 0, 0, 0, 0, 0, 0, 0, 0, 0, 0, 0, 0, 0, 0, 0, 0, 0, 0, 0, 0, -0.00019317114, -0.00025068512, -0.00038540154, -0.0005221979, -0.0006064295, -0.00066554383, -0.00067319645, -0.00061686715, -0.00044761578, -0.00031885435, 1.9498473e-05, 0.0004505473, 0.00094760465, 0.0012111473, 0.0017486505, 0.0022742094, 0.0025227533, 0.0029746501, 0.0033438848, 0.0034904848, 0.0037013837, 0.0038038946, 0.0038142395, 0.0037929914, 0.0037171869, 0.0036168967, 0.0035641857, 0.0034595092, 0.0033593131, 0.0032603669, 0.0032096612, 0.0031052844, 0.0030022163, 0.0029550157, 0.0028750007, 0.0028206087, 0.0028028989, 0.0027809874, 0.0027654178, 0.002739661, 0.0027185027, 0.0026543427, 0.0025656633, 0.0025159258, 0.0024183935, 0.002339789, 0.0022897145, 0.00227508, 0.0022601152, 0.0022501554, 0.002242259, 0.0022118967, 0.0021575599, 0.0020827432, 0.0020413185, 0.0019600466, 0.0018908058, 0.0018617227, 0.0018103991, 0.0017559913, 0.0017226975, 0.0016369041, 0.0015216689, 0.0013829832, 0.0013097918, 0.0011682118, 0.0010524284, 0.0010095735, 0.00095775886, 0.000944329, 0.0009525304, 0.0009581641, 0.0009621187, 0.0009487493, 0.00093566015, 0.0009019241, 0.00087143976, 0.0008632376, 0.000871114, 0.00091736985, 0.0009987686, 0.0010486039, 0.0011548644, 0.0012567149, 0.0013022647, 0.0013802896, 0.0014432278, 0.0014979738, 0.0015255123, 0.001586311, 0.0016575465, 0.0016960019, 0.0017740462, 0.0018456995, 0.0018762996, 0.0019239261, 0.0019536552, 0.001969207, 0.0019739051, 0.0019822833, 0.001994118, 0.0020018953, 0.00201991, 0.0020338127, 0.0020335058, 0.0020251865, 0.0019879814, 0.001920013, 0.0018743078, 0.0017617595, 0.0016253252, 0.0015505123, 0.0013910205, 0.0012210187, 0.001041689, 0.00094826164, 0.0007550812, 0.00055432913, 0.00045224375, 0.00024734513, 4.665946e-05, -0.00014325413, -0.00023194912, -0.00039416226, -0.00053966814, -0.0006107813, -0.00076879776, -0.0009675627
0, 0, 0, 0, 0, 0, 0, 0, 0, 0, 0, 0, 0, 0, 0, 0, 0, 0, 0, 0, 0, -0.0004738418, -0.00020965328, -5.5572153e-05, -5.3602707e-05, -0.00012730349, -0.00027382685, -0.0004575842, -0.0005453272, -0.0006760155, -0.0007075532, -0.0006780013, -0.00051981816, -0.00023538471, 0.00015549154, 0.000381811, 0.00087272783, 0.0013847321, 0.0016387346, 0.0021232148, 0.00255268, 0.0027381796, 0.0030368506, 0.003227639, 0.0033108993, 0.0033153184, 0.0032643666, 0.0031539984, 0.0030849024, 0.002934342, 0.0027804626, 0.0026304098, 0.0025569904, 0.0024110447, 0.0022669872, 0.0021969976, 0.0020672225, 0.0019559674, 0.00190781, 0.0018251055, 0.0017535967, 0.001681161, 0.001640467, 0.0015438783, 0.0014245231, 0.0013585483, 0.0012237433, 0.0011017303, 0.0010080396, 0.0009733723, 0.00092733494, 0.00090388843, 0.0008971913, 0.00088814157, 0.000879013, 0.00087076076, 0.0008697588, 0.00088085124, 0.0009179405, 0.0009467744, 0.0010202961, 0.001101359, 0.0011393224, 0.00120027, 0.0012354217, 0.0012467691, 0.0012476036, 0.0012512879, 0.0012754635, 0.0013003307, 0.0013797486, 0.0014910978, 0.0016168127, 0.0016780698, 0.0017871246, 0.0018716833, 0.0019052719, 0.001961107, 0.0020154377, 0.0020473388, 0.0021297792, 0.002239593, 0.0023692613, 0.0024362088, 0.0025603003, 0.0026570002, 0.002691598, 0.0027326131, 0.0027418067, 0.0027309929, 0.0027227153, 0.002707431, 0.002697871, 0.0026944664, 0.0026853643, 0.0026640913, 0.002645579, 0.0025899098, 0.002510501, 0.0024142475, 0.0023632224, 0.0022612517, 0.0021654826, 0.0021208462, 0.0020343587, 0.001943118, 0.0018349743, 0.0017712647, 0.0016205346, 0.001438505, 0.0013375015, 0.0011201276, 0.0008929298, 0.00077872566, 0.00055448187, 0.00033694576, 0.00012484116, 1.9621673e-05, -0.00019055785, -0.00040020418, -0.00050380925, -0.0007036218, -0.0008856358, -0.0010386143, -0.0011009676, -0.0011940268, -0.0012500619, -0.001271281, -0.0013327824, -0.0014744239
0, 0, 0, 0, 0, 0, 0, 0, 0, 0, 0, 0, 0, 0, 0, 0, 0, 0, 0, 0, -0.0010007314, -0.00074003474, -0.0002537509, 0.00010857124, 0.00022056379, 0.00030231703, 0.00021615886, 5.7229663e-06, -0.0001268458, -0.0004017559, -0.00063104363, -0.00071034726, -0.0007755778, -0.0006994559, -0.00048386896, -0.0003300591, 4.949713e-05, 0.00049199397, 0.0007251565, 0.0011928128, 0.0016380136, 0.0018434098, 0.002200743, 0.0024663578, 0.0026225965, 0.0026576591, 0.0026440476, 0.0025335008, 0.002450015, 0.0022474895, 0.0020240531, 0.0018037481, 0.0016981708, 0.0014975535, 0.0013099735, 0.0012204421, 0.0010500179, 0.000891943, 0.00081811316, 0.0006803788, 0.00055493205, 0.0004381885, 0.00038046011, 0.00026151875, 0.0001302114, 5.9647646e-05, -8.771341e-05, -0.00023304336, -0.0003611014, -0.000414975, -0.00049813575, -0.000546556, -0.0005578621, -0.0005552026, -0.0005225759, -0.0004617676, -0.00042116558, -0.00031502027, -0.00017451323, -9.189353e-05, 9.54328e-05, 0.00030115686, 0.0004064232, 0.00061467447, 0.0008132872, 0.0009990466, 0.0010882025, 0.0012641589, 0.0014460868, 0.0015420745, 0.0017464394, 0.0019630147, 0.0021807372, 0.0022862523, 0.0024853738, 0.0026652818, 0.002748753, 0.0029062426, 0.003057384, 0.003132466, 0.0032841382, 0.003435924, 0.0035772885, 0.0036396717, 0.003737799, 0.003792817, 0.0038029319, 0.0037914142, 0.003744999, 0.00367493, 0.0036348987, 0.0035497167, 0.0034601938, 0.0034129429, 0.0033095258, 0.0031859088, 0.003114604, 0.0029509093, 0.0027628453, 0.002558445, 0.0024532136, 0.0022427072, 0.0020367072, 0.0019361407, 0.0017363295, 0.0015314547, 0.0013120495, 0.0011946451, 0.000942209, 0.00066924223, 0.00052717613, 0.00023780832, -4.9793325e-05, -0.00019059614, -0.0004629389, -0.0007223874, -0.0009710567, -0.0010917856, -0.0013266697, -0.0015492768, -0.0016531395, -0.0018393846, -0.0019857048, -0.002077803, -0.0021005783, -0.0020968732, -0.002036705, -0.0019959274, -0.0019388502, -0.0020063461
0, 0, 0, 0, 0, 0, 0, 0, 0, 0, 0, 0, 0, 0, 0, 0, 0, 0, 0, -0.0024443197, -0.0014844032, -0.0010681723, -0.00040096176, 0.00015483583, 0.00037954445, 0.0006876816, 0.0007809418, 0.0006698917, 0.0005506824, 0.00022858755, -0.00014016563, -0.0003167249, -0.00061171025, -0.00078479, -0.00080581044, -0.0007574166, -0.00055434863, -0.00023782752, -5.008433e-05, 0.00035902168, 0.0007843278, 0.0009930775, 0.001381119, 0.0017037797, 0.001928131, 0.0019965845, 0.0020357103, 0.0019443454, 0.0018553657, 0.001611466, 0.0013149724, 0.0010070289, 0.0008587764, 0.0005824566, 0.00033496125, 0.000221596, 1.0963923e-05, -0.00018357631, -0.00027596104, -0.0004525419, -0.0006168928, -0.0007662764, -0.0008355348, -0.0009662341, -0.0010963056, -0.0011635808, -0.0013064324, -0.0014583601, -0.0016093272, -0.0016799204, -0.0018012187, -0.0018835987, -0.0019055235, -0.0019057428, -0.0018447447, -0.001726854, -0.0016491484, -0.0014597041, -0.001230777, -0.0011031416, -0.00082522, -0.0005207741, -0.00036052088, -2.8299424e-05, 0.00031663248, 0.00066711125, 0.0008418455, 0.0011869245, 0.0015204065, 0.0016825128, 0.0019962804, 0.0022959264, 0.0025822087, 0.0027205439, 0.0029899913, 0.0032506592, 0.0033780888, 0.0036250448, 0.0038568533, 0.0039644064, 0.0041575893, 0.0043151295, 0.004429165, 0.004468032, 0.004509066, 0.0045038615, 0.0044859042, 0.0044239266, 0.0043336945, 0.0042197886, 0.0041548554, 0.0040091206, 0.0038425617, 0.0037505755, 0.0035474938, 0.0033169773, 0.0031917093, 0.0029234085, 0.002636919, 0.0023397251, 0.002189172, 0.0018876034, 0.0015872952, 0.0014381101, 0.0011400263, 0.00083891506, 0.00053114333, 0.00037415902, 5.3781885e-05, -0.00027213976, -0.00043602887, -0.00076268497, -0.0010857502, -0.0012450085, -0.0015582403, -0.001861963, -0.002152478, -0.0022910049, -0.0025490706, -0.0027723103, -0.002866093, -0.0030103994, -0.0030853057, -0.0030803324, -0.0030465273, -0.0029177666, -0.0027240545, -0.0026165328, -0.0024365275, -0.0024248234
0, 0, 0, 0, 0, 0, 0, 0, 0, 0, 0, 0, 0, 0, 0, 0, 0, 0, -0.002382893, -0.00205013, -0.0015496848, -0.0012487879, -0.0006084806, 6.4146516e-05, 0.00038769084, 0.0009412859, 0.0012966914, 0.0014084725, 0.0013720167, 0.0011372762, 0.0007422809, 0.0005107197, 3.6210462e-05, -0.0003824608, -0.0006759351, -0.00076088053, -0.0007977995, -0.0006695553, -0.00055476214, -0.000248128, 0.00012390986, 0.0003228355, 0.0007197788, 0.0010850384, 0.0013764831, 0.0014826502, 0.0015939513, 0.0015563183, 0.0014808822, 0.0012299945, 0.00088140427, 0.00048815992, 0.0002903553, -8.502326e-05, -0.0004186799, -0.000568308, -0.00083541294, -0.0010689469, -0.0011755691, -0.0013739417, -0.0015530953, -0.0017099271, -0.0017795339, -0.0019031963, -0.002015223, -0.0020720623, -0.0021956537, -0.0023391664, -0.0025005545, -0.0025837976, -0.0027422127, -0.0028672696, -0.00290854, -0.002934353, -0.0028750591, -0.0027313808, -0.002632031, -0.002388221, -0.0020975082, -0.0019378884, -0.0015950393, -0.0012215291, -0.0010226499, -0.0006007172, -0.00014820746, 0.00032687755, 0.0005675487, 0.0010428217, 0.0014934754, 0.0017050909, 0.002097945, 0.002453607, 0.0027820456, 0.0029402429, 0.003251688, 0.0035617852, 0.0037151738, 0.004012867, 0.004283209, 0.004402102, 0.004596353, 0.0047253575, 0.0047877766, 0.0047961683, 0.004775119, 0.0047156913, 0.0046756463, 0.0045782146, 0.004459301, 0.004312787, 0.004226484, 0.004024181, 0.0037805256, 0.0036431928, 0.003340938, 0.0030099584, 0.002836751, 0.0024825092, 0.002124647, 0.0017677487, 0.0015902973, 0.0012359942, 0.0008816553, 0.0007043441, 0.00034972085, -4.4106337e-06, -0.00035624, -0.0005308205, -0.00087721617, -0.0012205747, -0.0013917256, -0.0017355183, -0.0020834547, -0.0022590507, -0.002610217, -0.002952875, -0.0032714703, -0.0034162607, -0.0036646398, -0.003843689, -0.0039026574, -0.003952669, -0.003907212, -0.0037668967, -0.0036630766, -0.0033971842, -0.0030775003, -0.0029135898, -0.0026379311, -0.0025635236
0, 0, 0, 0, 0, 0, 0, 0, 0, 0, 0, 0, 0, 0, 0, 0, 0, -0.00010553909, -0.00082617253, -0.0013975028, -0.0014081572, -0.0012793329, -0.0008138107, -0.00013851892, 0.00024186388, 0.0009978423, 0.0016357494, 0.0020521206, 0.0021568162, 0.002151287, 0.0018811187, 0.0016651021, 0.0011261287, 0.0005286609, -2.3274575e-05, -0.0002526115, -0.0005789621, -0.00070593675, -0.000696262, -0.00055239955, -0.00027872442, -0.000108281674, 0.00027314122, 0.00066853024, 0.0010287325, 0.0011798016, 0.0013942292, 0.0014584222, 0.0014261282, 0.0012317355, 0.0008879278, 0.00044499047, 0.00020557942, -0.00027312955, -0.0007185117, -0.0009203324, -0.0012772421, -0.0015726694, -0.0016992864, -0.0019173379, -0.002093007, -0.0022301832, -0.0022846407, -0.0023704432, -0.0024375508, -0.0024704577, -0.0025490178, -0.0026590899, -0.0028071122, -0.0028929503, -0.0030757473, -0.0032467458, -0.003315325, -0.0033988357, -0.0033888402, -0.00327746, -0.0031862995, -0.002943641, -0.0026373358, -0.0024658116, -0.002091897, -0.0016794871, -0.0014584642, -0.0009849343, -0.00047154544, 7.130221e-05, 0.00034745916, 0.00089043065, 0.0013994385, 0.0016348119, 0.0020621317, 0.0024361082, 0.0027718355, 0.0029319087, 0.003244696, 0.0035558075, 0.0037088033, 0.0040008696, 0.0042548757, 0.004360647, 0.004517935, 0.0045986986, 0.0046076667, 0.004590683, 0.0045252726, 0.00443263, 0.004380001, 0.0042623156, 0.004121759, 0.0039429455, 0.0038347614, 0.0035755145, 0.0032592914, 0.0030823387, 0.0027007523, 0.0022992298, 0.0020970155, 0.0016993955, 0.0013180656, 0.00095354795, 0.0007757902, 0.00042438938, 7.317448e-05, -0.00010284764, -0.0004550453, -0.0008051101, -0.0011499355, -0.0013205016, -0.0016581404, -0.0019977298, -0.0021708307, -0.0025269352, -0.002898179, -0.0030875865, -0.0034642166, -0.003817252, -0.0041182423, -0.0042402092, -0.0044130175, -0.004478604, -0.0044686263, -0.0043651857, -0.004157604, -0.0038619782, -0.003687778, -0.003302813, -0.002900117, -0.0027080702, -0.0023993899, -0.002304015
0, 0, 0, 0, 0, 0, 0, 0, 0, 0, 0, 0, 0, 0, 0, 0, 0.0041513904, 0.0013772782, 0.0005653909, -0.00046677844, -0.00096955226, -0.001055499, -0.0009071135, -0.00038516353, -1.797896e-05, 0.0008318755, 0.0016980399, 0.0024306187, 0.0027081987, 0.0030380336, 0.0030424348, 0.0029253575, 0.0024854227, 0.001845071, 0.0011178557, 0.000762925, 0.00014146615, -0.00029155545, -0.0004237633, -0.0005201895, -0.00041703836, -0.00030414347, 1.5264284e-05, 0.0004141139, 0.00083659164, 0.0010384654, 0.0013856076, 0.0016070865, 0.0016547117, 0.0016032876, 0.0013549114, 0.0009410823, 0.00069067767, 0.00014407685, -0.00041091075, -0.0006754082, -0.0011549002, -0.0015531504, -0.0017182914, -0.0019826852, -0.0021634793, -0.0022703947, -0.0022993747, -0.0023182651, -0.0023030397, -0.0022916123, -0.0022811145, -0.0023100644, -0.0023955468, -0.0024609, -0.002628747, -0.0028240008, -0.0029195084, -0.0030810114, -0.00317178, -0.003166737, -0.0031254163, -0.002968231, -0.0027234282, -0.002572596, -0.0022236337, -0.0018167042, -0.0015935267, -0.001110599, -0.000585036, -3.251598e-05, 0.0002466457, 0.0007910302, 0.0012941526, 0.0015234655, 0.0019324039, 0.0022794346, 0.0025799011, 0.0027191692, 0.0029853864, 0.0032410778, 0.003364133, 0.0035914264, 0.0037786406, 0.003851109, 0.003946157, 0.003974033, 0.0039440896, 0.0039124596, 0.003826909, 0.0037216335, 0.0036627487, 0.0035301696, 0.0033640785, 0.0031487476, 0.0030186318, 0.0027104483, 0.002345892, 0.002147895, 0.0017348987, 0.0013218491, 0.0011223094, 0.000746201, 0.00040363558, 9.15379e-05, -5.692235e-05, -0.0003466945, -0.000634105, -0.00077849725, -0.001069298, -0.0013629663, -0.0016602088, -0.001811446, -0.0021227417, -0.0024545242, -0.0026302033, -0.003001481, -0.0033903134, -0.0035846934, -0.0039529535, -0.004261047, -0.004471768, -0.004531436, -0.0045495387, -0.004431242, -0.004324304, -0.004027755, -0.0036446066, -0.003208366, -0.0029808453, -0.002530426, -0.0021191174, -0.0019426284, -0.0016887541, -0.0016324545
0, 0, 0, 0, 0, 0, 0, 0, 0, 0, 0, 0, 0, 0, 0, 0.00855159, 0.005119195, 0.0029756038, 0.002167256, 0.0008512363, -0.00011572638, -0.00044955066, -0.0007570867, -0.0005684488, -0.00030715409, 0.00046690152, 0.0014333132, 0.0024117352, 0.0028541822, 0.0035570334, 0.003940981, 0.0039959904, 0.0038292417, 0.003326909, 0.002579795, 0.0021564872, 0.0013040963, 0.0005615739, 0.00026424407, -0.00014729843, -0.00030664925, -0.00029704603, -0.00012131654, 0.0002198389, 0.00066900515, 0.000914175, 0.00140204, 0.0018221748, 0.0019821136, 0.0021608693, 0.002116788, 0.0018458675, 0.0016370384, 0.0011093332, 0.0004956742, 0.0001787011, -0.00043154674, -0.00096833485, -0.0011966567, -0.0015607622, -0.0017935298, -0.0019004982, -0.001910663, -0.0018588285, -0.0017371313, -0.0016627446, -0.0015123846, -0.0013944806, -0.0013418294, -0.0013468676, -0.0014228736, -0.0015786621, -0.0016782578, -0.0018978164, -0.0021070822, -0.002263699, -0.0023115966, -0.0023335898, -0.0022496262, -0.0021678235, -0.0019299892, -0.0016023857, -0.0014089678, -0.0009727323, -0.0004881174, 2.2064301e-05, 0.0002778284, 0.0007707779, 0.0012177648, 0.0014176678, 0.0017648556, 0.0020445152, 0.0022691179, 0.0023659295, 0.002538287, 0.0026883944, 0.0027554778, 0.002871524, 0.0029550155, 0.0029819806, 0.0030039821, 0.0029847443, 0.0029319858, 0.0028958297, 0.0028081634, 0.0027006343, 0.002637881, 0.0024875652, 0.0022933998, 0.0020457231, 0.0019008188, 0.0015726639, 0.0012072882, 0.0010182655, 0.00064325973, 0.0002938657, 0.00013379064, -0.00015121706, -0.000391226, -0.0005956153, -0.0006887421, -0.0008659663, -0.0010412271, -0.0011308135, -0.0013200585, -0.0015273849, -0.0017605826, -0.0018898272, -0.0021792478, -0.002513356, -0.0026961097, -0.0030818358, -0.0034681023, -0.003648487, -0.0039519025, -0.00414097, -0.0041804053, -0.0041389926, -0.0039349776, -0.0035888366, -0.003372954, -0.0028815058, -0.0023498118, -0.0018249904, -0.0015786741, -0.0011454581, -0.0008221581, -0.00071265217, -0.0006129155, -0.0006652179
0, 0, 0, 0, 0, 0, 0, 0, 0, 0, 0, 0, 0, 0.011668576, 0.010303515, 0.007974736, 0.006191019, 0.004707978, 0.0039893095, 0.0025447973, 0.0011843083, 0.000599181, -0.000247816, -0.000558848, -0.0005020247, -9.810547e-06, 0.0008657905, 0.0019438303, 0.002498626, 0.0035247726, 0.004315268, 0.0045841136, 0.004823927, 0.0046413937, 0.0040696193, 0.0036689704, 0.0027307468, 0.001753199, 0.0013002947, 0.000541081, 3.682274e-05, -0.00010885987, -0.00018858691, -9.365195e-06, 0.0003819193, 0.00063818326, 0.0012271911, 0.0018428012, 0.0021291084, 0.002594883, 0.0028492676, 0.0028433977, 0.002741357, 0.0023603914, 0.0017948315, 0.001466136, 0.00077141164, 9.387779e-05, -0.00021485811, -0.0007378017, -0.0011006707, -0.0012847162, -0.0013094447, -0.0012366659, -0.0010295385, -0.0008898154, -0.0005740016, -0.00025542272, 1.372828e-05, 0.0001156007, 0.00023444608, 0.00022493067, 0.00017156357, -2.0889887e-05, -0.0002975922, -0.0006078258, -0.0007584597, -0.0010164557, -0.001181056, -0.001219647, -0.0011997897, -0.0010532038, -0.0009361734, -0.00062901917, -0.00024901543, 0.00016961519, 0.00038298726, 0.00079576665, 0.0011657678, 0.0013276492, 0.00159751, 0.0017925871, 0.001918696, 0.0019594557, 0.0020064602, 0.0020166298, 0.00201164, 0.001987137, 0.0019478663, 0.0019241589, 0.0018714014, 0.0018134281, 0.0017497536, 0.0017151048, 0.0016351113, 0.0015312908, 0.0014667746, 0.0013050197, 0.0010946891, 0.0008386955, 0.00069641887, 0.0003937935, 8.6161104e-05, -6.157121e-05, -0.00033068642, -0.0005505774, -0.00063919177, -0.00077476486, -0.0008612489, -0.00091230735, -0.00092979067, -0.00095948036, -0.0009963714, -0.0010231305, -0.0011036022, -0.0012328309, -0.0014246677, -0.0015466323, -0.0018443093, -0.002203333, -0.0023974734, -0.0027871777, -0.0031321787, -0.0032687848, -0.0034347298, -0.0034243828, -0.0032200266, -0.0030482812, -0.0025848635, -0.0020051461, -0.001689338, -0.0010446936, -0.00043256572, 9.314495e-05, 0.00030817225, 0.00061761343, 0.0007424158, 0.00073198066, 0.00058128743, 0.00034915173
0, 0, 0, 0, 0, 0, 0, 0, 0, 0, 0, 0, 0.010248762, 0.008600359, 0.008278325, 0.0077324174, 0.0071953866, 0.0063791554, 0.005821417, 0.004430179, 0.002831521, 0.002041384, 0.00066760974, -0.00023286381, -0.0004601587, -0.00044922417, 0.00011684525, 0.0010870554, 0.001664571, 0.0028767698, 0.004005355, 0.004484565, 0.00518308, 0.0054509495, 0.0052417875, 0.0049674753, 0.0041448856, 0.003092582, 0.0025377984, 0.0014792072, 0.00060276827, 0.00026441284, -0.00017694866, -0.0002905793, -9.103511e-05, 0.00011549594, 0.0006990988, 0.0014374891, 0.0018298366, 0.0025789952, 0.003176372, 0.003526809, 0.0035933072, 0.0034986048, 0.003126037, 0.0028525835, 0.0021804618, 0.0014213026, 0.0010394683, 0.00033093724, -0.00023882686, -0.00060706947, -0.00070427085, -0.0007214158, -0.0005180445, -0.00034675378, 9.639152e-05, 0.0006158828, 0.001140551, 0.001382914, 0.0017887068, 0.002046305, 0.0021072866, 0.002083403, 0.0018710152, 0.0015062282, 0.0012866582, 0.0008199941, 0.0003801557, 0.00019135623, -9.408943e-05, -0.00023543627, -0.00024972865, -0.00017411943, 1.8802808e-05, 0.00029281038, 0.00044783636, 0.0007689867, 0.001072178, 0.0012064648, 0.0014221176, 0.0015541045, 0.0015943513, 0.0015819075, 0.0015009586, 0.0013619924, 0.0012790757, 0.0011029915, 0.00093463156, 0.0008596483, 0.00073416973, 0.00064324227, 0.00057744735, 0.0005492606, 0.0004892733, 0.00040520864, 0.00034886238, 0.0002014742, 8.893414e-06, -0.00021546618, -0.00033336988, -0.0005646141, -0.000768292, -0.00085197244, -0.0009710682, -0.0010184094, -0.0010150017, -0.0009589836, -0.00085250865, -0.0007164382, -0.00064510753, -0.00051375985, -0.00042083804, -0.00039813278, -0.0004153834, -0.00053153373, -0.0007547554, -0.00090446556, -0.0012671464, -0.0016783341, -0.0018835716, -0.0022495426, -0.002491988, -0.0025458133, -0.0024899794, -0.0022028114, -0.0017011734, -0.0013847395, -0.00066382106, 0.00011046535, 0.000492472, 0.001201011, 0.001781956, 0.0021809256, 0.0022986175, 0.002355087, 0.0021685658, 0.001990519, 0.001514881, 0.0010471646
0, 0, 0, 0, 0, 0, 0, 0, 0, 0, 0, 0.0028649892, 0.005314852, 0.0061829607, 0.0065747895, 0.007322998, 0.007768222, 0.0076376055, 0.0073180343, 0.0061995895, 0.004597712, 0.0037030454, 0.0019390985, 0.0004756822, -6.214178e-05, -0.00066323124, -0.0006092421, 2.4323623e-05, 0.000511291, 0.0017039953, 0.0030150323, 0.0036500695, 0.0047603026, 0.0055168336, 0.0057945293, 0.005735221, 0.0052358857, 0.0043232692, 0.0037621818, 0.0025499219, 0.0013685623, 0.00084065174, -1.444686e-05, -0.0005331951, -0.0006753797, -0.00060307793, -0.0001890605, 0.0005243829, 0.0009607054, 0.0019031104, 0.0028108226, 0.0035448659, 0.0038132982, 0.0041136034, 0.004078781, 0.0039387825, 0.003443976, 0.0027272908, 0.0023163091, 0.001460795, 0.00065709854, 1.4164255e-05, -0.00021874426, -0.0004721877, -0.00042615092, -0.00029597883, 0.00014921681, 0.00078194175, 0.0015187514, 0.0018979303, 0.002622617, 0.0032296842, 0.0034654485, 0.003761445, 0.0037922403, 0.0035554336, 0.0033489692, 0.00280677, 0.0021689849, 0.0018443164, 0.0012370859, 0.0007418914, 0.00055112614, 0.00029497896, 0.00020600414, 0.0002657889, 0.0003414018, 0.00055732473, 0.0008163561, 0.0009448858, 0.00116605, 0.0013008562, 0.0013176545, 0.0012791628, 0.0011129993, 0.00085189333, 0.000698667, 0.00037891208, 8.133391e-05, -4.6454446e-05, -0.00024583074, -0.00036799518, -0.00042687272, -0.00044056863, -0.00045761964, -0.00048787097, -0.0005158646, -0.0006054946, -0.00073629984, -0.0008900708, -0.0009669474, -0.0010994354, -0.0011779786, -0.0011879347, -0.0011366279, -0.0009843487, -0.00087339856, -0.0005918392, -0.00026127626, 7.7158205e-05, 0.0002346074, 0.00049551914, 0.0006464194, 0.0006690743, 0.00059457985, 0.00036001182, -1.3680428e-05, -0.00023917404, -0.00072828186, -0.0012006593, -0.0014022893, -0.001681477, -0.0017309361, -0.0016537363, -0.0012870755, -0.00066267257, 0.00015397837, 0.00060564704, 0.0015299051, 0.0023998069, 0.002785845, 0.003412655, 0.003798624, 0.0039037198, 0.0038455513, 0.003513088, 0.0029233713, 0.0025519105, 0.0017322521, 0.0010139233
0, 0, 0, 0, 0, 0, 0, 0, 0, 0, -0.0057069072, -0.002620377, 0.0010414533, 0.0034077407, 0.0044229645, 0.0062113157, 0.00752139, 0.008127321, 0.00812402, 0.007504139, 0.0061705336, 0.0053083566, 0.0033970817, 0.0015337158, 0.0007233414, -0.00049916335, -0.001073195, -0.0009698868, -0.00068697135, 0.00025134883, 0.0015254945, 0.0022225028, 0.0035989475, 0.0047754794, 0.0055611874, 0.0057637347, 0.0057445806, 0.005183519, 0.004730552, 0.0035800398, 0.0022615783, 0.0016002523, 0.000382674, -0.0005749552, -0.0011687651, -0.0013066455, -0.0012470814, -0.00075764226, -0.0003742733, 0.0005893469, 0.0016792358, 0.002729296, 0.0031923333, 0.003922082, 0.004322195, 0.004383268, 0.004224146, 0.003717531, 0.003354428, 0.0024738943, 0.0014954474, 0.00056275184, 0.00015834204, -0.00045249378, -0.0007345772, -0.0007403384, -0.00048710682, 7.9292324e-05, 0.00088187447, 0.0013418483, 0.0023122176, 0.00325943, 0.0036899862, 0.0044008074, 0.0048320987, 0.0049259015, 0.004842058, 0.0044383258, 0.0037845895, 0.0033959786, 0.0025624665, 0.0017407071, 0.0013632261, 0.0007187639, 0.00026395317, 2.343919e-05, -1.659096e-05, 4.8608763e-05, 0.0002612683, 0.00040044458, 0.00069143117, 0.00092659926, 0.0010356987, 0.0010290578, 0.0008849368, 0.0005849377, 0.0003917995, -3.5214995e-05, -0.00045179905, -0.0006347784, -0.00092032354, -0.0010835882, -0.0011330557, -0.0011246918, -0.0010695762, -0.0010042819, -0.0009808717, -0.00096894504, -0.0010054237, -0.0010700364, -0.001100675, -0.0011300538, -0.0010769416, -0.0010064241, -0.00076088513, -0.00037675057, -0.00013908587, 0.00039600977, 0.00095201575, 0.0014495354, 0.0016510568, 0.0019150868, 0.0019511853, 0.0018763135, 0.0015482563, 0.0010238063, 0.0003823001, 4.8983307e-05, -0.00057520566, -0.0010509545, -0.0012015232, -0.0012777707, -0.0010169959, -0.00075857027, -1.35945265e-05, 0.0009596547, 0.0020412414, 0.0025803822, 0.0035748263, 0.0043668435, 0.0046591414, 0.0049995887, 0.004987586, 0.004622555, 0.0043173465, 0.003502669, 0.0024942302, 0.0019511156, 0.00086436997, -5.0716033e-05
0, 0, 0, 0, 0, 0, 0, 0, 0, -0.010748713, -0.00673736, -0.005024599, -0.0020932222, 0.00055192696, 0.0018431349, 0.004281783, 0.00630353, 0.0076473234, 0.008008022, 0.00805166, 0.007229151, 0.0065398933, 0.0047743926, 0.0027737399, 0.0017967676, 8.560679e-05, -0.0011008666, -0.0016228347, -0.0016249875, -0.0011459033, -0.00014093009, 0.0005018326, 0.0019309254, 0.0033625637, 0.0045658466, 0.005017862, 0.005532068, 0.005468675, 0.005223733, 0.0043635652, 0.0031379082, 0.0024468352, 0.0010283252, -0.00028498878, -0.0013349878, -0.0017191112, -0.0021437167, -0.0020687387, -0.0018464975, -0.0010843084, -1.8382221e-05, 0.0011834372, 0.0017808472, 0.00287142, 0.0037129815, 0.0040062056, 0.0042934567, 0.0041563404, 0.003931684, 0.003208443, 0.0022115898, 0.0010893715, 0.0005348398, -0.00045669, -0.0011726278, -0.0013945602, -0.0015316429, -0.001257067, -0.0006144705, -0.00017968718, 0.00085117266, 0.0020038518, 0.0025867282, 0.003684139, 0.0045741955, 0.0051372116, 0.005270383, 0.005227077, 0.0047979304, 0.0044613504, 0.0036069266, 0.0026077884, 0.0020917824, 0.0010996652, 0.00025195564, -0.00036390364, -0.0005666451, -0.00074886257, -0.00065339264, -0.00052138924, -0.00015014903, 0.00026403586, 0.0006013149, 0.00071070105, 0.0007673607, 0.00059484766, 0.00043083832, -5.5988066e-06, -0.0005019934, -0.0007387025, -0.0011330207, -0.0013717362, -0.0014364936, -0.0014101235, -0.0012742445, -0.0010903518, -0.0010034321, -0.000872905, -0.0008125446, -0.00079521234, -0.0007840082, -0.000706695, -0.00049559673, -0.00032254506, 0.00017085859, 0.00083571405, 0.0012112829, 0.0019798675, 0.0026664543, 0.003146962, 0.00327803, 0.0032820436, 0.002931295, 0.002633721, 0.0018506338, 0.000926079, 9.900667e-06, -0.0003989313, -0.0010377374, -0.0013529069, -0.0013668569, -0.0010863983, -0.00041029204, 5.622192e-05, 0.0011744135, 0.0024129243, 0.0036052181, 0.0041342136, 0.004975601, 0.0054487367, 0.005528312, 0.005360268, 0.0047721486, 0.0038265812, 0.0032521458, 0.001984212, 0.0006774699, 4.878352e-05, -0.0011158519, -0.0021011897
0, 0, 0, 0, 0, 0, 0, 0, -0.010520749, -0.008991899, -0.007286099, -0.006408131, -0.004453359, -0.002128269, -0.000841585, 0.0018117636, 0.004282685, 0.006241384, 0.0069469935, 0.0077034123, 0.007540847, 0.0071315146, 0.00577512, 0.0039341934, 0.002933817, 0.0009824807, -0.00065958675, -0.0017657954, -0.002072835, -0.002170806, -0.0016220465, -0.001143962, 0.00010815021, 0.0015706597, 0.0030084427, 0.0036444962, 0.004624557, 0.0050926777, 0.00510937, 0.004708047, 0.003800093, 0.0031989648, 0.0018123206, 0.00033584426, -0.0010461592, -0.0016467044, -0.0025666298, -0.0030088357, -0.0030282286, -0.0026710527, -0.001859747, -0.0007359549, -0.00010791686, 0.0011726671, 0.0023515702, 0.0028538294, 0.0036022677, 0.0039283833, 0.003913996, 0.00353066, 0.002724355, 0.0016135859, 0.0009948387, -0.0002577685, -0.0013759539, -0.00183474, -0.0024710493, -0.0026722932, -0.0024200194, -0.0021360521, -0.0012974927, -0.00017755915, 0.00045288136, 0.0017692569, 0.0030274705, 0.0040604416, 0.004447077, 0.0049012452, 0.0049026567, 0.0047387327, 0.0041204216, 0.0031912627, 0.0026454083, 0.0014741459, 0.00031768152, -0.0006791224, -0.0010775289, -0.0016171826, -0.0017815551, -0.0017262925, -0.0013844945, -0.0008263763, -0.0001944522, 0.00010162335, 0.0005638361, 0.00076514576, 0.00075186347, 0.00051116594, 5.9497215e-05, -0.00020445113, -0.0007162008, -0.0010953087, -0.0012557143, -0.0012471912, -0.0010853466, -0.00081868115, -0.00068334665, -0.000465359, -0.0003396425, -0.0002550616, -0.00019600368, 3.2898846e-05, 0.0004849531, 0.00080766267, 0.0016239113, 0.0025734298, 0.0030479825, 0.0038802053, 0.0044132154, 0.0045242473, 0.004402609, 0.0038141839, 0.0028364416, 0.0022447195, 0.0009733789, -0.0002480882, -0.0012347815, -0.0015949185, -0.0019908573, -0.0019179743, -0.0017049984, -0.00095419073, 0.00015214877, 0.0007969736, 0.0021583005, 0.003454932, 0.0045030005, 0.0048867087, 0.0053077424, 0.0052252887, 0.004993235, 0.004174026, 0.0029578123, 0.0014830115, 0.0007029965, -0.0008227602, -0.0021689122, -0.002746258, -0.0037361507, -0.0046373997
0, 0, 0, 0, 0, 0, -0.007702111, -0.007168699, -0.007562697, -0.007588895, -0.0074016005, -0.00713613, -0.0061055627, -0.0043640183, -0.0032612097, -0.00075841445, 0.0018422756, 0.0041774064, 0.0051462175, 0.006526929, 0.0070404084, 0.006960209, 0.006181519, 0.004745081, 0.0038634832, 0.0019594927, 0.00011362702, -0.0014062402, -0.0019750285, -0.0026405565, -0.0026382331, -0.0023981913, -0.0015127839, -0.0002401921, 0.0012067208, 0.0019234275, 0.0032060375, 0.004121335, 0.004393485, 0.004514303, 0.004070088, 0.0036572176, 0.0025285152, 0.0011290456, -0.0003674454, -0.0010940364, -0.0023859395, -0.0033134099, -0.0035954, -0.003753438, -0.0033784825, -0.0025555347, -0.0020152724, -0.0007730974, 0.0005475478, 0.0011840243, 0.0022988783, 0.0030746849, 0.0032966647, 0.0033663518, 0.0029352577, 0.0020660998, 0.0015034516, 0.00022076324, -0.0011234, -0.0017597763, -0.0028527451, -0.003584142, -0.0038634383, -0.0038250291, -0.003407041, -0.0025799728, -0.0020369992, -0.0007601956, 0.0006459681, 0.0019997882, 0.0025980058, 0.0035393154, 0.0040581655, 0.004144013, 0.003970065, 0.0033688417, 0.0029292163, 0.0018363966, 0.0005780668, -0.0006781672, -0.0012504908, -0.002184097, -0.0027424078, -0.0028599265, -0.0027653514, -0.0022693416, -0.0014698089, -0.0010031745, -5.493416e-05, 0.0007444414, 0.0010312976, 0.0013123726, 0.0011893314, 0.0009994667, 0.00046335236, -0.00010578899, -0.00051080814, -0.00061205967, -0.0006077828, -0.00041608632, -0.00029706463, -9.03703e-05, 5.812563e-05, 0.0002419427, 0.0003966191, 0.0009185758, 0.0017612764, 0.0022838493, 0.0034226745, 0.004480051, 0.0049002096, 0.0053918906, 0.005321053, 0.0046704737, 0.004150633, 0.0028140934, 0.001245931, 0.0004452143, -0.0010430792, -0.0022084243, -0.0029021925, -0.0030481159, -0.0029339974, -0.0023170353, -0.0018450606, -0.0006484917, 0.0007557371, 0.0014775075, 0.002830773, 0.003898611, 0.0045194603, 0.0046300516, 0.004424253, 0.00366421, 0.003096616, 0.0016577782, -4.9414164e-05, -0.0018224884, -0.0026646417, -0.0041328887, -0.0052067228, -0.005592954, -0.006189589, -0.006884529
0, 0, 0, 0, 0, -0.0039393078, -0.004292922, -0.004633469, -0.0054775844, -0.0064090616, -0.007129898, -0.0072908797, -0.007044899, -0.005969011, -0.005141065, -0.0030373721, -0.000592294, 0.0018503005, 0.002964033, 0.0047839424, 0.0058753164, 0.0061075054, 0.005949532, 0.0050574974, 0.0043946994, 0.0027789422, 0.000989653, -0.00071130105, -0.0014493149, -0.0025667702, -0.0030866312, -0.0031052912, -0.0026892507, -0.0017685551, -0.0005126636, 0.0001786454, 0.0015590434, 0.002760886, 0.0032328204, 0.0038248375, 0.0038809285, 0.0037054473, 0.0029848395, 0.0018643921, 0.00047864314, -0.00026198, -0.0017228447, -0.0029894956, -0.0034912354, -0.0041450365, -0.004279299, -0.0039035056, -0.0035455993, -0.0025545727, -0.0013088086, -0.0006406875, 0.00066961424, 0.001786375, 0.002218091, 0.0027476544, 0.0027804356, 0.0023189506, 0.0019210641, 0.00085111195, -0.00047167833, -0.0011759535, -0.002549338, -0.003717333, -0.0045250473, -0.0047636395, -0.0048851566, -0.0045339316, -0.0041892068, -0.0032014062, -0.0019046677, -0.00046473215, 0.00024771577, 0.0015370497, 0.0025174685, 0.0028592525, 0.0032113139, 0.0031036567, 0.0028782312, 0.0021108426, 0.0010026688, -0.00029722872, -0.00096082967, -0.0021926798, -0.003160501, -0.003503785, -0.0038517083, -0.003702591, -0.00305156, -0.0025572143, -0.00132005, 6.183338e-05, 0.00072504877, 0.0018331667, 0.0024765404, 0.002584538, 0.0023773313, 0.0017346697, 0.00092651666, 0.00055306655, -7.928136e-06, -0.00029164949, -0.00035105777, -0.00035527314, -0.0001818719, 0.00029797867, 0.0006925334, 0.001797168, 0.0031829246, 0.003890392, 0.0051176976, 0.0058401166, 0.005947502, 0.0056136874, 0.0046076705, 0.0030947498, 0.0022160746, 0.00036457737, -0.0014139258, -0.0022038526, -0.003459376, -0.004165912, -0.0042626406, -0.004090132, -0.0033585043, -0.0022187724, -0.0015414464, -7.5680095e-05, 0.0013810038, 0.0020424263, 0.003105111, 0.0036851303, 0.0036817868, 0.0034526002, 0.0025640205, 0.0011775991, 0.00033821815, -0.0015231597, -0.0034476342, -0.0052015022, -0.0059427777, -0.0070498306, -0.0076099266, -0.0077149547, -0.007798024, -0.008219492
0, 0, 0, -0.003709591, -0.0030322256, -0.0024125623, -0.0027006213, -0.0030604645, -0.004114082, -0.00542553, -0.006633568, -0.0070746327, -0.0074367095, -0.0069810827, -0.006445739, -0.004840055, -0.0027159387, -0.00036624642, 0.00079060835, 0.0028619654, 0.0043804557, 0.0048715374, 0.0052731107, 0.0049354425, 0.0045251814, 0.0033205582, 0.0017646727, 8.04085e-05, -0.0007321367, -0.0021402077, -0.003084593, -0.0033390564, -0.0033927984, -0.002884942, -0.0019358051, -0.0013435185, -2.6800017e-05, 0.001296694, 0.001896426, 0.0028463185, 0.003346508, 0.003403751, 0.003129272, 0.0023821085, 0.0012523717, 0.000583191, -0.0008658289, -0.0023008864, -0.0029500113, -0.003996542, -0.004601133, -0.0047045248, -0.0045679626, -0.0039489917, -0.0029366715, -0.0023216163, -0.000980471, 0.00033599266, 0.00092203286, 0.001836076, 0.0023170433, 0.002315135, 0.0021321832, 0.0014238919, 0.0003174593, -0.00034869337, -0.0018012846, -0.0032433895, -0.0044716615, -0.0049575465, -0.005607639, -0.0057861656, -0.005690188, -0.005131086, -0.0041280664, -0.0028011731, -0.0020729634, -0.0006125848, 0.0006972958, 0.0012499403, 0.0020877114, 0.0025034945, 0.0025349378, 0.0022270768, 0.0014469305, 0.0002972716, -0.0003628933, -0.0017326461, -0.0030100148, -0.0035617463, -0.004399762, -0.004771711, -0.004563188, -0.004219878, -0.0030731387, -0.0014257843, -0.00048313057, 0.0014542394, 0.003183154, 0.003858876, 0.004622852, 0.004414352, 0.0032475796, 0.0024066935, 0.0005505468, -0.0010740204, -0.0016635638, -0.0022242176, -0.0018252163, -0.0004794762, 0.000464718, 0.0025827799, 0.0045294887, 0.005282252, 0.0061445497, 0.0060516144, 0.0056614224, 0.0043130284, 0.002441366, 0.00034559792, -0.00070049637, -0.0026363172, -0.0041954666, -0.004780515, -0.005483973, -0.005523071, -0.0049366644, -0.004445532, -0.0031715387, -0.0016611477, -0.0008753665, 0.0006411531, 0.001921872, 0.0024136736, 0.0029935222, 0.0029536828, 0.0022765712, 0.0017175707, 0.00023079444, -0.0016238724, -0.0026328708, -0.0046815323, -0.0065707574, -0.008062393, -0.008596206, -0.009174841, -0.009124961, -0.008924692, -0.008466984, -0.008556506
0, 0, 0, -0.0028875214, -0.0024607168, -0.0018794233, -0.0020202377, -0.0023405582, -0.0033988869, -0.004828412, -0.0062870453, -0.006902902, -0.0076950486, -0.0077243624, -0.0074288645, -0.006252207, -0.004431622, -0.0022095519, -0.0010430516, 0.001189155, 0.0030253658, 0.0037172325, 0.004567596, 0.0046922527, 0.004499653, 0.0036736599, 0.0023714483, 0.0007716626, -6.8704445e-05, -0.0016630047, -0.0029264672, -0.0033704715, -0.003819408, -0.00368092, -0.0030274675, -0.0025416599, -0.0013390059, 2.6175934e-05, 0.00070384773, 0.00191089, 0.0027606562, 0.0030096362, 0.0031177315, 0.0027108442, 0.0018388232, 0.0012562416, -0.00012130313, -0.0016365804, -0.0023820659, -0.0037184737, -0.004703717, -0.0052231047, -0.0052902675, -0.0050340667, -0.0042817127, -0.003745813, -0.0024416212, -0.0010054702, -0.00030943908, 0.0009074443, 0.0017615003, 0.002163136, 0.0021795516, 0.001832819, 0.000986973, 0.00039547353, -0.0010414956, -0.0026465228, -0.0041905358, -0.0048749004, -0.005973058, -0.0066241054, -0.0067590154, -0.006619134, -0.005936727, -0.0047847894, -0.0040795915, -0.002537798, -0.0009944373, -0.00027779135, 0.00095753075, 0.0018335358, 0.0021013021, 0.0022394303, 0.0018128708, 0.000871767, 0.00025133922, -0.0011681642, -0.0026618985, -0.0033793675, -0.0046464764, -0.005534644, -0.005849313, -0.0057363813, -0.004909712, -0.003298908, -0.0022381102, 0.00025589383, 0.0029873995, 0.0043130084, 0.0065187505, 0.0074883807, 0.006456145, 0.0050791544, 0.0009847839, -0.003515039, -0.005277624, -0.006842735, -0.005495744, -0.0021323364, -0.00018914182, 0.0033346093, 0.005688137, 0.006319287, 0.006510154, 0.0054694163, 0.004594567, 0.0023871919, -8.6095126e-05, -0.002473281, -0.0035488072, -0.005338267, -0.0065240324, -0.0068572583, -0.0069734096, -0.0063787703, -0.00519305, -0.0044383206, -0.0027446824, -0.0009905249, -0.00015622593, 0.0013060623, 0.0023308434, 0.0026245792, 0.0026979076, 0.002060323, 0.00077523396, -6.7385365e-05, -0.0020450193, -0.004251186, -0.0053738714, -0.0075111785, -0.009290274, -0.010481347, -0.01080599, -0.010883085, -0.010280218, -0.0098026525, -0.008810058, -0.008428864

