0, 0, 0, 0, 0, 0, 0, 0, 0, 0, 0, 0, 0, 0, 0, 0, 0, 0, 0, 0, 0, 0, 0, 0, 0, 0, 0, 0, 0, 0, 0, 0, 0, 0, 0, 0, 0, 0, 0, 0, 0, 0, 0, 0, 0, 0, 0, 0, 0, 0, 0, 0, 0, 0, 0, 0, 0, 0, 0, 0, 0, 0, 0, 0, 0, 0, 0, 0, 0, 0, 0, 0, 0, 0, 0.007727763, 0.0072477497, 0.00639781, 0.0038529239, 0.00093630503, -0.00041451832, -0.0025907485, -0.0039234497, -0.004289614, -0.004533557, -0.004287203, -0.0036987902, -0.0033133053, -0.002455206, -0.001645153, -0.0013245335, -0.0009571639, -0.0010253052, -0.0015263999, -0.0019247296, -0.0029839633, -0.004334259, -0.0050844625, -0.0066152015, -0.007981261, -0.008527732, -0.009250764, -0.009433326, -0.009091362, -0.00873398, -0.007665088, -0.0061811544, -0.0053259674, -0.003527937, -0.0018420016, -0.0005101167, -2.4127816e-05, 0.00055233116, 0.0005953041, 0.00041300716, -0.0003761242, -0.0017186532, -0.0025691567, -0.004503384, -0.0065173414, -0.00833488, -0.009099919, -0.010241713, -0.01077627, -0.010788355, -0.010281069, -0.009108222, -0.0074330685, -0.006485931, -0.004535669, -0.0026899045, -0.0018556549, -0.00044829864, 0.00048540195, 0.00072244875, 0.0006517748, -0.00018148815, -0.0016838664, -0.002621024, -0.004709461, -0.0068843337, -0.007938747, -0.009860602, -0.0113456175, -0.012160148, -0.012259685, -0.011812577, -0.010621768, -0.0098458305, -0.008254163, -0.0071793892
0, 0, 0, 0, 0, 0, 0, 0, 0, 0, 0, 0, 0, 0, 0, 0, 0, 0, 0, 0, 0, 0, 0, 0, 0, 0, 0, 0, 0, 0, 0, 0, 0, 0, 0, 0, 0, 0, 0, 0, 0, 0, 0, 0, 0, 0, 0, 0, 0, 0, 0, 0, 0, 0, 0, 0, 0, 0, 0, 0, 0, 0, 0, 0, 0, 0, 0, 0, 0, 0, 0, 0, 0, 0.0022113507, 0.003753045, 0.0040580975, 0.0038114868, 0.0026048564, 0.0008161529, -0.0001275186, -0.0018202638, -0.003029752, -0.0034264058, -0.003833671, -0.0038071824, -0.0034354338, -0.0031472093, -0.0024433455, -0.0017113028, -0.0013959645, -0.00096812996, -0.00089084986, -0.001180945, -0.0014555941, -0.0022407335, -0.0033059046, -0.0039213067, -0.0052347174, -0.006492489, -0.007035087, -0.007849854, -0.008231566, -0.008163184, -0.007961134, -0.0072276206, -0.006085063, -0.005388951, -0.0038539039, -0.0023203825, -0.0010099486, -0.00048799143, 0.00023989286, 0.0005197921, 0.00048261476, 3.1581738e-05, -0.00093000446, -0.001585348, -0.0031521255, -0.004874182, -0.006519995, -0.0072512827, -0.008437156, -0.009158207, -0.00931239, -0.009162247, -0.008398607, -0.0071176756, -0.0063420436, -0.004663255, -0.002982597, -0.002192918, -0.0007987513, 0.00022746941, 0.0005543763, 0.00075070566, 0.00028566533, -0.00079356745, -0.0015175409, -0.0032086363, -0.00506129, -0.0059935725, -0.0077599403, -0.009228675, -0.0101774875, -0.010397548, -0.010272165, -0.009470622, -0.008900547, -0.007748181, -0.0072317533
0, 0, 0, 0, 0, 0, 0, 0, 0, 0, 0, 0, 0, 0, 0, 0, 0, 0, 0, 0, 0, 0, 0, 0, 0, 0, 0, 0, 0, 0, 0, 0, 0, 0, 0, 0, 0, 0, 0, 0, 0, 0, 0, 0, 0, 0, 0, 0, 0, 0, 0, 0, 0, 0, 0, 0, 0, 0, 0, 0, 0, 0, 0, 0, 0, 0, 0, 0, 0, 0, 0, -0.0019932145, -0.001465576, 8.8083216e-05, 0.00093508995, 0.0013469899, 0.0013909562, 0.0010991996, 0.00032991153, -0.00018072876, -0.001290151, -0.0023123303, -0.0027342297, -0.003341152, -0.003605269, -0.0035227102, -0.0033594272, -0.0028394368, -0.0021811544, -0.0018559736, -0.0013198575, -0.0010351465, -0.0010492371, -0.001169862, -0.0016305501, -0.0023733955, -0.002842384, -0.003927633, -0.005094288, -0.0056551187, -0.0066277166, -0.007303114, -0.00761192, -0.0076166936, -0.0073104724, -0.0065778214, -0.0060627647, -0.004805504, -0.0033900526, -0.0020145625, -0.0013965754, -0.00037462774, 0.00029720966, 0.00048010616, 0.0004998724, 2.4228078e-05, -0.00039664115, -0.0015454587, -0.0029663676, -0.0044689467, -0.0051955134, -0.006507654, -0.0075282, -0.007889955, -0.00824081, -0.00802996, -0.007260302, -0.006698559, -0.005324906, -0.0037774523, -0.0029946861, -0.0015060382, -0.00025311744, 0.00023478326, 0.000840413, 0.0008722106, 0.00031926003, -0.00015269598, -0.0014037802, -0.002941874, -0.0037735295, -0.0054635517, -0.007034117, -0.008263383, -0.008681936, -0.009039275, -0.008766597, -0.008456154, -0.0077875154, -0.007683245
0, 0, 0, 0, 0, 0, 0, 0, 0, 0, 0, 0, 0, 0, 0, 0, 0, 0, 0, 0, 0, 0, 0, 0, 0, 0, 0, 0, 0, 0, 0, 0, 0, 0, 0, 0, 0, 0, 0, 0, 0, 0, 0, 0, 0, 0, 0, 0, 0, 0, 0, 0, 0, 0, 0, 0, 0, 0, 0, 0, 0, 0, 0, 0, 0, 0, 0, 0, 0, 0, -0.005726278, -0.0033164925, -0.0025024945, -0.0015135338, -0.0009857302, -0.00063666573, -0.00051218696, -0.0004109909, -0.00057654, -0.0007681155, -0.0013336807, -0.002043017, -0.0024068488, -0.0030652958, -0.0035305494, -0.0037108045, -0.0036776417, -0.0033758539, -0.0028369005, -0.0025240097, -0.0019120842, -0.0014332866, -0.0011676796, -0.0011253139, -0.0012339193, -0.0016121274, -0.0019055387, -0.0026887972, -0.003670548, -0.0041980664, -0.005235176, -0.0061324267, -0.00678137, -0.006986448, -0.0071169194, -0.0068339296, -0.00653172, -0.0056325584, -0.004428076, -0.0030715205, -0.0023881057, -0.0011037866, -3.3027103e-05, 0.0003859121, 0.00092599436, 0.0009979382, 0.000845349, 0.00018826792, -0.00084852614, -0.0021203216, -0.0027965822, -0.004147368, -0.005392921, -0.0059346627, -0.006762129, -0.0071317144, -0.006959058, -0.006667852, -0.0057306425, -0.0044405307, -0.0037138688, -0.0022048939, -0.00076453504, -0.00012508477, 0.00088768866, 0.0014356624, 0.0014499294, 0.001256871, 0.00050812593, -0.00064805435, -0.001345897, -0.0028996023, -0.004521608, -0.0059952005, -0.0066034426, -0.0074441065, -0.007726094, -0.0076890187, -0.0074956957, -0.007677178
0, 0, 0, 0, 0, 0, 0, 0, 0, 0, 0, 0, 0, 0, 0, 0, 0, 0, 0, 0, 0, 0, 0, 0, 0, 0, 0, 0, 0, 0, 0, 0, 0, 0, 0, 0, 0, 0, 0, 0, 0, 0, 0, 0, 0, 0, 0, 0, 0, 0, 0, 0, 0, 0, 0, 0, 0, 0, 0, 0, 0, 0, 0, 0, 0, 0, 0, 0, 0, -0.004627592, -0.0042743175, -0.0034953433, -0.0031452863, -0.0026853315, -0.0024030837, -0.0021599694, -0.002041013, -0.0018330434, -0.0017302723, -0.0017417033, -0.0019133191, -0.002274205, -0.0025078377, -0.003019573, -0.0034885458, -0.0037904906, -0.0038461573, -0.0037366713, -0.0033535028, -0.0030862996, -0.0024770633, -0.0018753499, -0.0013754327, -0.0011828917, -0.00093979755, -0.00092099555, -0.0010090417, -0.0013958069, -0.0020496368, -0.0024573116, -0.0033654657, -0.004291684, -0.005111679, -0.005447919, -0.0059147766, -0.006041624, -0.005959931, -0.0054918164, -0.004644851, -0.0035022297, -0.0028573994, -0.0015079838, -0.00019360332, 0.00040508536, 0.0013929652, 0.0019945214, 0.0021217717, 0.0020139655, 0.0014608963, 0.000561462, 1.7316703e-05, -0.0011886159, -0.0024602727, -0.0030834207, -0.0042101215, -0.005045188, -0.0054441686, -0.0054524504, -0.0050785905, -0.0042391196, -0.0036796385, -0.0023705717, -0.0009445185, -0.00024250605, 0.0010303642, 0.0019950962, 0.0025331643, 0.002620075, 0.002420948, 0.0017443448, 0.0012436188, -2.5976571e-05, -0.0015343977, -0.0030871478, -0.0038081654, -0.0050035813, -0.0057611987, -0.005977534, -0.0062338356, -0.0066439207
0, 0, 0, 0, 0, 0, 0, 0, 0, 0, 0, 0, 0, 0, 0, 0, 0, 0, 0, 0, 0, 0, 0, 0, 0, 0, 0, 0, 0, 0, 0, 0, 0, 0, 0, 0, 0, 0, 0, 0, 0, 0, 0, 0, 0, 0, 0, 0, 0, 0, 0, 0, 0, 0, 0, 0, 0, 0, 0, 0, 0, 0, 0, 0, 0, 0, 0, 0, -0.0060674255, -0.0049414593, -0.0040436466, -0.0037864782, -0.003719353, -0.0036299052, -0.0035388975, -0.0034027603, -0.003314825, -0.0031138703, -0.002923094, -0.002851595, -0.0027900513, -0.0028651732, -0.002954085, -0.003211552, -0.0035102349, -0.0037503194, -0.0038161664, -0.0037885597, -0.0035260734, -0.0033121053, -0.0027622678, -0.0021215007, -0.0014717246, -0.0011644735, -0.00062091596, -0.00022451911, -0.0001024543, -4.858046e-05, -0.00027479537, -0.00048949296, -0.0010877566, -0.0018264638, -0.0025927185, -0.002951348, -0.0035560548, -0.003939212, -0.0040250537, -0.003950335, -0.0035253474, -0.0027640064, -0.0022717565, -0.0011164579, 0.00017534636, 0.0008298175, 0.00205835, 0.0030467536, 0.0034077233, 0.0038104374, 0.0037721177, 0.003330938, 0.0029815827, 0.0020826764, 0.0009889777, 0.00040081426, -0.0007810271, -0.0018491272, -0.0026503706, -0.00290898, -0.003091413, -0.0028109755, -0.0025078645, -0.0016260984, -0.00047630523, 0.00015587946, 0.0014360396, 0.0026038233, 0.0035103364, 0.0038278883, 0.0041377824, 0.003977576, 0.0037185606, 0.0028654067, 0.0016449057, 0.00021449935, -0.0005161262, -0.001874021, -0.0029581087, -0.003374317, -0.0040180823, -0.0046155495
0, 0, 0, 0, 0, 0, 0, 0, 0, 0, 0, 0, 0, 0, 0, 0, 0, 0, 0, 0, 0, 0, 0, 0, 0, 0, 0, 0, 0, 0, 0, 0, 0, 0, 0, 0, 0, 0, 0, 0, 0, 0, 0, 0, 0, 0, 0, 0, 0, 0, 0, 0, 0, 0, 0, 0, 0, 0, 0, 0, 0, 0, 0, 0, 0, 0, -0.012047516, -0.009370644, -0.006107372, -0.005274232, -0.0045187008, -0.004396372, -0.0044167265, -0.0044777794, -0.0044899285, -0.0044239038, -0.0043612844, -0.0041883723, -0.003978358, -0.0038726658, -0.003687903, -0.0035694696, -0.0035424707, -0.0035490543, -0.0036095846, -0.0036683767, -0.0036747116, -0.0035967915, -0.0033589555, -0.003174153, -0.0026806977, -0.0020548147, -0.0013419855, -0.0009683943, -0.00022109601, 0.00047160857, 0.0007727518, 0.0012319384, 0.0014451429, 0.0014493499, 0.0012581398, 0.00085131906, 0.00032024964, 3.851939e-05, -0.00049850956, -0.0009354048, -0.0010948997, -0.0012616034, -0.0011861572, -0.00083560665, -0.00055235706, 0.00022038764, 0.0012321363, 0.0018013628, 0.002986768, 0.004110819, 0.0046010874, 0.005357322, 0.005747593, 0.0057490496, 0.005610426, 0.005089262, 0.0042963843, 0.003823619, 0.0027845572, 0.0017180451, 0.00075421855, 0.00035139793, -0.00022757743, -0.0004459631, -0.00041071782, -5.7283254e-05, 0.00063127914, 0.0010765147, 0.002104956, 0.00320868, 0.0042456565, 0.0046936036, 0.0053681503, 0.005660729, 0.005641405, 0.005259287, 0.004445669, 0.0033042233, 0.0026590333, 0.0013346571, 0.0001052936, -0.00043697897, -0.0013605683, -0.002092344
0, 0, 0, 0, 0, 0, 0, 0, 0, 0, 0, 0, 0, 0, 0, 0, 0, 0, 0, 0, 0, 0, 0, 0, 0, 0, 0, 0, 0, 0, 0, 0, 0, 0, 0, 0, 0, 0, 0, 0, 0, 0, 0, 0, 0, 0, 0, 0, 0, 0, 0, 0, 0, 0, 0, 0, 0, 0, 0, 0, 0, 0, 0, 0, 0, -0.009079711, -0.00834883, -0.0072356598, -0.0059126895, -0.0054991813, -0.00511279, -0.005080726, -0.005120212, -0.005211415, -0.0052504255, -0.00520638, -0.005152375, -0.004988382, -0.0047677574, -0.0046451106, -0.0043954216, -0.0041621258, -0.00405793, -0.003878361, -0.0037284524, -0.0035841274, -0.0035024094, -0.003294219, -0.0029943848, -0.0028018404, -0.0023241076, -0.0017243226, -0.0010120542, -0.0006194727, 0.00021793711, 0.0010830769, 0.001503766, 0.0022644075, 0.00284697, 0.003050014, 0.0032635592, 0.0032344612, 0.0030208025, 0.0028692035, 0.0025271508, 0.0021902511, 0.0020401482, 0.0018028606, 0.0016827609, 0.0017206937, 0.0018125153, 0.0021648565, 0.0027566655, 0.0031377731, 0.004032984, 0.005018589, 0.005504181, 0.006374722, 0.0070136706, 0.007343902, 0.007382688, 0.0072149565, 0.0067485925, 0.00642053, 0.005622316, 0.004706939, 0.0037741296, 0.0033339015, 0.0025697926, 0.0020274413, 0.0018586697, 0.001746766, 0.001943408, 0.002152588, 0.002768801, 0.00358985, 0.004511949, 0.0049710483, 0.0057983845, 0.0063924505, 0.00656513, 0.006615356, 0.006248818, 0.005501508, 0.005014934, 0.003898081, 0.0027109617, 0.0021323634, 0.0010773505, 0.00028995142
0, 0, 0, 0, 0, 0, 0, 0, 0, 0, 0, 0, 0, 0, 0, 0, 0, 0, 0, 0, 0, 0, 0, 0, 0, 0, 0, 0, 0, 0, 0, 0, 0, 0, 0, 0, 0, 0, 0, 0, 0, 0, 0, 0, 0, 0, 0, 0, 0, 0, 0, 0, 0, 0, 0, 0, 0, 0, 0, 0, 0, 0, 0, 0, -0.0053335642, -0.00558994, -0.0056216903, -0.005553432, -0.005433582, -0.0054028844, -0.0054294877, -0.0055376166, -0.0056013125, -0.0057084495, -0.005750422, -0.0057051736, -0.005648674, -0.005475023, -0.00523686, -0.005101222, -0.004812821, -0.00451692, -0.004369961, -0.0040797475, -0.0037899427, -0.0034886454, -0.0033291632, -0.0029812267, -0.002581443, -0.0023575944, -0.0018556709, -0.0012720566, -0.0005959177, -0.00022006052, 0.0006047536, 0.0015085266, 0.0019754067, 0.002893173, 0.0037167748, 0.004067138, 0.0046085524, 0.0049183965, 0.0050167167, 0.0050026965, 0.0048876456, 0.004707118, 0.004606547, 0.0044044456, 0.004222052, 0.0040869387, 0.004049534, 0.0040654447, 0.004244843, 0.0044076084, 0.0048823217, 0.0055248607, 0.0058863447, 0.006622443, 0.0072810315, 0.0077588554, 0.007907447, 0.007999236, 0.007813521, 0.007623702, 0.0070801764, 0.0063705496, 0.005569731, 0.005160613, 0.004375879, 0.0036942395, 0.0034122863, 0.0029949874, 0.002804805, 0.0028036768, 0.0029955215, 0.0034353288, 0.0040759393, 0.004445973, 0.005215449, 0.005916301, 0.0062006004, 0.0065695294, 0.006608316, 0.0062917047, 0.006008195, 0.005234389, 0.0042689, 0.0037504653, 0.0027414176, 0.0019985335
0, 0, 0, 0, 0, 0, 0, 0, 0, 0, 0, 0, 0, 0, 0, 0, 0, 0, 0, 0, 0, 0, 0, 0, 0, 0, 0, 0, 0, 0, 0, 0, 0, 0, 0, 0, 0, 0, 0, 0, 0, 0, 0, 0, 0, 0, 0, 0, 0, 0, 0, 0, 0, 0, 0, 0, 0, 0, 0, 0, 0, 0, 0, -0.004714993, -0.0040325276, -0.0039284085, -0.0040869787, -0.0044692825, -0.004870385, -0.0050512324, -0.0053643403, -0.005614713, -0.0057158726, -0.0058635613, -0.005925544, -0.0058896863, -0.0058350866, -0.005658598, -0.005409026, -0.005265347, -0.004954169, -0.0046265447, -0.004459336, -0.004117017, -0.003756761, -0.003367244, -0.0031586902, -0.0027110612, -0.0022226803, -0.0019645998, -0.0014223537, -0.0008438484, -0.0002160104, 0.00012249655, 0.0008621117, 0.0016907019, 0.0021344002, 0.003054629, 0.003962468, 0.004386608, 0.005128661, 0.005682483, 0.0060287546, 0.0061294767, 0.0062097176, 0.006170942, 0.0061209947, 0.005979627, 0.0057995543, 0.0055960272, 0.0054924292, 0.0053021517, 0.00517453, 0.0051504425, 0.005209934, 0.005429081, 0.005595265, 0.0060100867, 0.006471448, 0.0068915733, 0.007058802, 0.007265253, 0.007265353, 0.007182188, 0.0068573845, 0.0063501936, 0.0057126298, 0.0053645857, 0.004649859, 0.0039605284, 0.003642411, 0.0030883434, 0.0026775298, 0.002537971, 0.0024114088, 0.0025050647, 0.0028193216, 0.0030496109, 0.0036157288, 0.004247959, 0.004555202, 0.005084172, 0.005417063, 0.0054872, 0.005414363, 0.0050567947, 0.004453125, 0.0040826444, 0.0032984929, 0.0027050283
0, 0, 0, 0, 0, 0, 0, 0, 0, 0, 0, 0, 0, 0, 0, 0, 0, 0, 0, 0, 0, 0, 0, 0, 0, 0, 0, 0, 0, 0, 0, 0, 0, 0, 0, 0, 0, 0, 0, 0, 0, 0, 0, 0, 0, 0, 0, 0, 0, 0, 0, 0, 0, 0, 0, 0, 0, 0, 0, 0, 0, 0, -0.004878409, -0.00388465, -0.0033110604, -0.0032320067, -0.0034129405, -0.0038547423, -0.0043608258, -0.004599631, -0.0050157537, -0.0053407466, -0.005470368, -0.0056636143, -0.0057651107, -0.005766961, -0.005728809, -0.005579332, -0.0053450265, -0.0052035083, -0.0048888186, -0.0045487657, -0.004373572, -0.004013013, -0.0036311348, -0.0032145055, -0.0029890377, -0.0025015208, -0.001969835, -0.0016919696, -0.0011221546, -0.0005464775, 3.4556415e-05, 0.0003314751, 0.0009549271, 0.0016393025, 0.0020103527, 0.0028053913, 0.0036440045, 0.004061628, 0.004849292, 0.00551443, 0.0060069333, 0.0061821504, 0.006395795, 0.0064549414, 0.006438935, 0.006338707, 0.0061698165, 0.005946586, 0.0058177635, 0.005533435, 0.0052330913, 0.00508877, 0.0048393817, 0.004679808, 0.004643437, 0.0046623265, 0.004786998, 0.0049713436, 0.005066575, 0.005219976, 0.0052717095, 0.005244016, 0.005065309, 0.0047234194, 0.0042409864, 0.0039608255, 0.0033540747, 0.002729105, 0.0024249172, 0.0018597919, 0.0013817856, 0.0011852087, 0.0008964073, 0.00076999434, 0.0008246911, 0.00092210417, 0.0012455859, 0.0017053941, 0.0019666106, 0.0025007057, 0.0029796734, 0.0033241496, 0.0034273174, 0.0034705475, 0.0032881652, 0.0031199693, 0.0026890482, 0.002329168
0, 0, 0, 0, 0, 0, 0, 0, 0, 0, 0, 0, 0, 0, 0, 0, 0, 0, 0, 0, 0, 0, 0, 0, 0, 0, 0, 0, 0, 0, 0, 0, 0, 0, 0, 0, 0, 0, 0, 0, 0, 0, 0, 0, 0, 0, 0, 0, 0, 0, 0, 0, 0, 0, 0, 0, 0, 0, 0, 0, -0.0065851673, -0.0052433126, -0.004333102, -0.0033551871, -0.0029845245, -0.0029585615, -0.0031318967, -0.0034943703, -0.0039244355, -0.0041358816, -0.0045195874, -0.0048362333, -0.0049688346, -0.00518165, -0.0053204843, -0.005374929, -0.0053662634, -0.005274517, -0.0050880266, -0.0049636015, -0.0046691136, -0.0043347343, -0.0041587837, -0.003797502, -0.003422244, -0.0030213867, -0.0028070183, -0.0023417647, -0.0018276828, -0.0015560251, -0.0009967333, -0.0004376946, 0.00010266775, 0.00036458398, 0.0008810981, 0.0014104405, 0.0016896939, 0.0022904812, 0.0029491698, 0.0032933727, 0.00398193, 0.004617349, 0.0051375264, 0.005339463, 0.005614809, 0.005723864, 0.005724446, 0.00563898, 0.0054677506, 0.0052348115, 0.0050986353, 0.004786636, 0.0044247964, 0.004227722, 0.0038159338, 0.003410403, 0.0032223142, 0.0028999983, 0.0026687232, 0.0025332286, 0.002495749, 0.0024562015, 0.0024197903, 0.0023847884, 0.0022506427, 0.0020061007, 0.0016439487, 0.0014244581, 0.0009295581, 0.00039662916, 0.00012992133, -0.00037841345, -0.0008265486, -0.0010200918, -0.0013352737, -0.0015397654, -0.0016162517, -0.0016018152, -0.0014627536, -0.0011802637, -0.0009920098, -0.000546061, -5.233139e-05, 0.00042736772, 0.0006427068, 0.0009891316, 0.0011867026, 0.0012220859, 0.0011810939, 0.0010817965
0, 0, 0, 0, 0, 0, 0, 0, 0, 0, 0, 0, 0, 0, 0, 0, 0, 0, 0, 0, 0, 0, 0, 0, 0, 0, 0, 0, 0, 0, 0, 0, 0, 0, 0, 0, 0, 0, 0, 0, 0, 0, 0, 0, 0, 0, 0, 0, 0, 0, 0, 0, 0, 0, 0, 0, 0, 0, 0, 0, -0.0038459073, -0.003604764, -0.0033170567, -0.0029016759, -0.0027632609, -0.0027784505, -0.002932825, -0.0031993052, -0.0035145385, -0.0036734513, -0.0039699883, -0.0042265966, -0.0043389234, -0.004532726, -0.0046821972, -0.0047750096, -0.0047948607, -0.004768924, -0.004649086, -0.0045541637, -0.004304568, -0.003995842, -0.0038281379, -0.0034807783, -0.0031294217, -0.002771508, -0.0025860937, -0.0021914465, -0.0017540114, -0.001518568, -0.0010219025, -0.0005119308, -1.650671e-05, 0.000218422, 0.00065764226, 0.0010658457, 0.0012656759, 0.0016758377, 0.0021201978, 0.002358401, 0.0028577272, 0.0033555024, 0.0037989216, 0.003983677, 0.004253668, 0.0043752417, 0.004381332, 0.004298608, 0.0041177087, 0.0038716183, 0.003730249, 0.0034148132, 0.0030513403, 0.002848883, 0.002401681, 0.001906085, 0.0016475538, 0.001132066, 0.0006512737, 0.00023958253, 6.624455e-05, -0.0002148829, -0.00042851316, -0.0005219744, -0.0007119894, -0.0009429847, -0.001242818, -0.001421374, -0.0018270005, -0.0022735558, -0.002500822, -0.0029381856, -0.00332592, -0.0034935598, -0.0037686066, -0.0039575445, -0.0040540323, -0.004065398, -0.0040065516, -0.0038313896, -0.0036994582, -0.0033505308, -0.0029065055, -0.0024001333, -0.002136329, -0.0016188201, -0.001157296, -0.0009634854, -0.0006788514, -0.00055879855
0, 0, 0, 0, 0, 0, 0, 0, 0, 0, 0, 0, 0, 0, 0, 0, 0, 0, 0, 0, 0, 0, 0, 0, 0, 0, 0, 0, 0, 0, 0, 0, 0, 0, 0, 0, 0, 0, 0, 0, 0, 0, 0, 0, 0, 0, 0, 0, 0, 0, 0, 0, 0, 0, 0, 0, 0, 0, 0, -0.002427751, -0.0024036092, -0.0024423052, -0.0024403464, -0.0024368851, -0.0024808361, -0.0025266241, -0.0026674194, -0.0028629026, -0.0030877297, -0.0032019035, -0.0034169909, -0.0036042682, -0.0036869913, -0.0038339498, -0.0039578797, -0.004053412, -0.004085368, -0.00410409, -0.0040457705, -0.0039837407, -0.003796158, -0.0035362202, -0.0033883026, -0.0030746711, -0.002759799, -0.0024565998, -0.0023081405, -0.0020065226, -0.0016812197, -0.001504296, -0.00111808, -0.00069881807, -0.00027130687, -6.4334476e-05, 0.00032060072, 0.0006556628, 0.0008054934, 0.0010823858, 0.0013528183, 0.0014936603, 0.0017948434, 0.0021159623, 0.0024286236, 0.002569122, 0.002790604, 0.0029042056, 0.0029141651, 0.002841999, 0.002664425, 0.0024119753, 0.0022665758, 0.0019496433, 0.0016004146, 0.0014115564, 0.0009982002, 0.00052938564, 0.00027471757, -0.0002668948, -0.000827748, -0.0013723039, -0.0016272748, -0.0020858918, -0.002469356, -0.0026354452, -0.0029330982, -0.0032133744, -0.0035094582, -0.003671098, -0.0040244674, -0.004410132, -0.004608165, -0.004994372, -0.0053410903, -0.0054912847, -0.005734632, -0.0058956603, -0.0059729535, -0.0059796744, -0.0059272153, -0.0057819514, -0.0056724143, -0.0053764624, -0.004979623, -0.0044929893, -0.0042215753, -0.0036420606, -0.0030479704, -0.0027636618, -0.0022794374, -0.0020288106
0, 0, 0, 0, 0, 0, 0, 0, 0, 0, 0, 0, 0, 0, 0, 0, 0, 0, 0, 0, 0, 0, 0, 0, 0, 0, 0, 0, 0, 0, 0, 0, 0, 0, 0, 0, 0, 0, 0, 0, 0, 0, 0, 0, 0, 0, 0, 0, 0, 0, 0, 0, 0, 0, 0, 0, 0, -0.0022869217, -0.0020966432, -0.001790625, -0.0017220366, -0.0018204104, -0.001891301, -0.0020296676, -0.0021479516, -0.002204146, -0.0023256454, -0.002471012, -0.0026380802, -0.0027244731, -0.0028879663, -0.0030259506, -0.0030832542, -0.003177546, -0.0032520345, -0.003312136, -0.0033356957, -0.00336109, -0.0033406906, -0.0033070678, -0.0031862683, -0.0029962123, -0.0028800222, -0.0026225275, -0.0023570613, -0.002107307, -0.0019912354, -0.0017734339, -0.0015577513, -0.0014433403, -0.0011879, -0.00089140714, -0.000562534, -0.00039352512, -6.583181e-05, 0.00022515994, 0.00035134648, 0.00056437496, 0.0007389052, 0.0008188799, 0.0009806529, 0.0011567622, 0.0013464032, 0.0014400552, 0.0016053122, 0.0017110781, 0.0017312866, 0.0016946647, 0.0015545196, 0.0013276059, 0.001190117, 0.0008838526, 0.00055199093, 0.00037890038, 1.6561562e-05, -0.000375501, -0.00058623246, -0.0010409844, -0.0015355656, -0.002053908, -0.0023141366, -0.0028183947, -0.0032808455, -0.0034917719, -0.0038741832, -0.004214119, -0.0045341714, -0.0046938676, -0.0050232075, -0.005370299, -0.0055491985, -0.0059057353, -0.0062406585, -0.0063919807, -0.006647121, -0.006824797, -0.006915376, -0.006926975, -0.0068820813, -0.0067465315, -0.0066440525, -0.006369559, -0.0060023167, -0.0055445936, -0.005284456, -0.0047105653, -0.004089112, -0.0037775857, -0.0032234525, -0.002936462
0, 0, 0, 0, 0, 0, 0, 0, 0, 0, 0, 0, 0, 0, 0, 0, 0, 0, 0, 0, 0, 0, 0, 0, 0, 0, 0, 0, 0, 0, 0, 0, 0, 0, 0, 0, 0, 0, 0, 0, 0, 0, 0, 0, 0, 0, 0, 0, 0, 0, 0, 0, 0, 0, 0, 0, -0.002400282, -0.0018792865, -0.001675219, -0.0014419466, -0.0014119319, -0.0015132667, -0.0015852754, -0.0017271378, -0.0018397593, -0.0018856669, -0.0019713338, -0.00207189, -0.0021966035, -0.0022649444, -0.0024008346, -0.002514183, -0.0025570854, -0.0026135226, -0.002638033, -0.0026463754, -0.0026480192, -0.0026490188, -0.0026385433, -0.002624388, -0.0025659255, -0.0024567076, -0.0023822677, -0.0022014775, -0.0019954164, -0.0017911054, -0.0016962569, -0.0015282045, -0.0013832184, -0.0013146517, -0.0011694785, -0.0009963384, -0.0007850748, -0.00066631683, -0.00041534775, -0.00016942642, -5.657043e-05, 0.00013718412, 0.0002857858, 0.00034586832, 0.0004497839, 0.0005504966, 0.0006641598, 0.0007263607, 0.00085475727, 0.0009673426, 0.0010076851, 0.0010371789, 0.000981116, 0.00083536434, 0.0007326317, 0.00048221715, 0.00019437386, 4.346479e-05, -0.00026277805, -0.000573479, -0.00073246437, -0.0010641788, -0.0014238802, -0.0018167602, -0.0020245565, -0.0024535847, -0.0028836697, -0.0030924825, -0.003488211, -0.0038487713, -0.00417817, -0.00433506, -0.004642976, -0.0049542114, -0.0051139886, -0.0054407152, -0.005768645, -0.005927627, -0.006219374, -0.0064558284, -0.0066154227, -0.0066617667, -0.006681484, -0.006602121, -0.0065251966, -0.006299789, -0.005982717, -0.005579391, -0.005347992, -0.0048316, -0.004260973, -0.0039703106, -0.0034493133, -0.0031937843
0, 0, 0, 0, 0, 0, 0, 0, 0, 0, 0, 0, 0, 0, 0, 0, 0, 0, 0, 0, 0, 0, 0, 0, 0, 0, 0, 0, 0, 0, 0, 0, 0, 0, 0, 0, 0, 0, 0, 0, 0, 0, 0, 0, 0, 0, 0, 0, 0, 0, 0, 0, 0, 0, 0, -0.0025108624, -0.0019820007, -0.0015680332, -0.0014296331, -0.0012845803, -0.0012795563, -0.0013623735, -0.0014184951, -0.0015266449, -0.0016053767, -0.0016323775, -0.0016744056, -0.0017254764, -0.0018055855, -0.0018565904, -0.0019690753, -0.002071041, -0.0021095912, -0.002150795, -0.0021465402, -0.002113714, -0.0020939806, -0.002060258, -0.0020424738, -0.002038195, -0.0020280923, -0.0019978597, -0.001968079, -0.0018740188, -0.001735917, -0.0015721758, -0.0014886362, -0.0013340454, -0.00120842, -0.0011570868, -0.0010701063, -0.0009848658, -0.0008788681, -0.0008129141, -0.00065317104, -0.00046646426, -0.00036938098, -0.00018341576, -2.3753053e-05, 4.333655e-05, 0.00015444866, 0.0002466212, 0.00033860083, 0.00038984072, 0.0005076614, 0.0006403793, 0.00070676237, 0.0008219587, 0.0008878556, 0.0008812245, 0.0008478497, 0.0007249761, 0.00054364046, 0.00043896903, 0.00021750761, -5.4576835e-06, -0.00011458026, -0.0003299536, -0.00055121287, -0.00079301785, -0.0009256657, -0.001217178, -0.0015384547, -0.0017057973, -0.0020433397, -0.0023695854, -0.0026737715, -0.002816877, -0.0030894766, -0.0033547925, -0.003488444, -0.0037673244, -0.004065069, -0.004219823, -0.004531302, -0.0048258128, -0.005076502, -0.005177192, -0.005316024, -0.0053600483, -0.005344912, -0.0052404003, -0.0050416854, -0.0047574905, -0.004586341, -0.004192643, -0.0037462197, -0.0035158827, -0.0031038844, -0.0029206485
0, 0, 0, 0, 0, 0, 0, 0, 0, 0, 0, 0, 0, 0, 0, 0, 0, 0, 0, 0, 0, 0, 0, 0, 0, 0, 0, 0, 0, 0, 0, 0, 0, 0, 0, 0, 0, 0, 0, 0, 0, 0, 0, 0, 0, 0, 0, 0, 0, 0, 0, 0, 0, 0, -0.0023062218, -0.0020427164, -0.0016588019, -0.0014078611, -0.0013258761, -0.0012361311, -0.0012312878, -0.0012877353, -0.0013278191, -0.0014053766, -0.0014561581, -0.0014682162, -0.0014726262, -0.0014749992, -0.001502612, -0.001530025, -0.0016074703, -0.0016943098, -0.0017311379, -0.001775428, -0.0017710458, -0.0017258932, -0.0016958066, -0.0016393634, -0.0016081029, -0.0016057607, -0.0016230097, -0.0016513842, -0.0016599207, -0.0016475556, -0.0015821148, -0.0014640021, -0.0013910934, -0.0012367645, -0.001097092, -0.001039581, -0.0009555524, -0.0009037355, -0.00086115696, -0.0008345681, -0.0007548639, -0.0006314287, -0.0005544102, -0.00038037042, -0.00019951908, -0.000113879156, 3.951621e-05, 0.00016773885, 0.00028107874, 0.00033833308, 0.00046663912, 0.0006238611, 0.000714124, 0.0009102869, 0.0011048644, 0.0012668932, 0.0013269704, 0.0013946675, 0.0013922529, 0.0013685118, 0.0012892702, 0.0011885457, 0.0011366581, 0.0010367003, 0.00094215886, 0.00084203633, 0.0007845203, 0.0006445908, 0.00046427723, 0.00035906874, 0.00012591999, -0.00012381418, -0.0003731532, -0.0004931091, -0.00072118995, -0.0009365932, -0.0010430815, -0.0012640309, -0.0015084095, -0.0016423978, -0.0019350792, -0.0022489647, -0.0025638675, -0.0027128255, -0.002977505, -0.0031783339, -0.00324977, -0.003328294, -0.003321157, -0.0032326742, -0.0031604033, -0.002966106, -0.0027188477, -0.002585268, -0.00234576, -0.0022628582
0, 0, 0, 0, 0, 0, 0, 0, 0, 0, 0, 0, 0, 0, 0, 0, 0, 0, 0, 0, 0, 0, 0, 0, 0, 0, 0, 0, 0, 0, 0, 0, 0, 0, 0, 0, 0, 0, 0, 0, 0, 0, 0, 0, 0, 0, 0, 0, 0, 0, 0, 0, 0, -0.0024644732, -0.0019238195, -0.0017512505, -0.001526897, -0.0013893683, -0.0013380487, -0.0012667984, -0.0012422485, -0.001265728, -0.001289858, -0.0013444346, -0.0013810064, -0.0013860057, -0.001369541, -0.00133462, -0.0013097369, -0.0013087359, -0.0013365466, -0.0013933937, -0.0014253914, -0.0014766654, -0.0014926022, -0.0014660379, -0.0014408298, -0.0013829633, -0.0013411781, -0.0013337185, -0.0013517131, -0.0014035773, -0.0014337653, -0.0014805631, -0.0014827275, -0.0014226966, -0.0013705698, -0.0012353656, -0.0010867781, -0.0010181724, -0.0009095024, -0.00084488955, -0.0008141376, -0.000802607, -0.0007657852, -0.00068740227, -0.00062740897, -0.0004667343, -0.00026746796, -0.00016155117, 4.731085e-05, 0.00023658047, 0.00040283715, 0.00048083081, 0.00063972926, 0.00082393567, 0.00093203183, 0.001185225, 0.001479663, 0.0017906689, 0.0019417626, 0.002213949, 0.002428159, 0.0025102799, 0.0026275492, 0.0026974096, 0.0027213197, 0.0027599444, 0.002797146, 0.0028329382, 0.0028472457, 0.0028567084, 0.0028270998, 0.002794121, 0.0026911926, 0.0025454496, 0.0023729932, 0.0022819233, 0.002099491, 0.0019220508, 0.0018346518, 0.0016565699, 0.0014604016, 0.001350469, 0.0010995491, 0.0008047912, 0.00047282717, 0.0002985154, -5.2504212e-05, -0.0003875302, -0.00054192083, -0.0008135233, -0.0010268042, -0.00117773, -0.0012300403, -0.0012909916, -0.0013016207, -0.0012935472, -0.0012772627, -0.0013179304
0, 0, 0, 0, 0, 0, 0, 0, 0, 0, 0, 0, 0, 0, 0, 0, 0, 0, 0, 0, 0, 0, 0, 0, 0, 0, 0, 0, 0, 0, 0, 0, 0, 0, 0, 0, 0, 0, 0, 0, 0, 0, 0, 0, 0, 0, 0, 0, 0, 0, 0, -0.0028461972, -0.002595912, -0.0020320755, -0.0017141547, -0.0016277148, -0.0015316149, -0.0014665208, -0.0014333051, -0.0013643453, -0.0013126471, -0.0012963101, -0.001302029, -0.0013314489, -0.0013594187, -0.0013640482, -0.0013451375, -0.001292801, -0.0012292704, -0.0012030764, -0.0011767234, -0.0011909589, -0.0012109677, -0.001260997, -0.0013012871, -0.0013106604, -0.0013015611, -0.0012637009, -0.0012195697, -0.0012040731, -0.0011998095, -0.0012367466, -0.0012673651, -0.0013367193, -0.0013883864, -0.0013937801, -0.0013744248, -0.0012940156, -0.001173695, -0.0011079523, -0.0009849272, -0.000892175, -0.00083513017, -0.00081578345, -0.0007771821, -0.00071091333, -0.0006585372, -0.0005065948, -0.0002958603, -0.00017409657, 8.5618274e-05, 0.0003440385, 0.00058396795, 0.0006959335, 0.0009116119, 0.0011368043, 0.0012614257, 0.0015499193, 0.0018989457, 0.0023003686, 0.0025132813, 0.0029419435, 0.0033463975, 0.003530867, 0.0038557148, 0.0041222805, 0.0042371335, 0.0044413637, 0.0046266853, 0.0048035434, 0.0048888377, 0.0050457525, 0.0051693814, 0.0052135447, 0.0052575045, 0.005239895, 0.0051673627, 0.005114478, 0.0049856994, 0.0048380466, 0.004760155, 0.0045977426, 0.0044205287, 0.0043227836, 0.004100417, 0.0038322571, 0.0035130999, 0.0033349872, 0.0029486632, 0.002535363, 0.002324187, 0.0019043994, 0.0015015255, 0.0011268775, 0.0009525406, 0.00063122256, 0.00034699962, 0.00021887818, -9.94177e-06, -0.00018747641
0, 0, 0, 0, 0, 0, 0, 0, 0, 0, 0, 0, 0, 0, 0, 0, 0, 0, 0, 0, 0, 0, 0, 0, 0, 0, 0, 0, 0, 0, 0, 0, 0, 0, 0, 0, 0, 0, 0, 0, 0, 0, 0, 0, 0, 0, 0, 0, 0, 0, 0, -0.0019899493, -0.0018841672, -0.0016669666, -0.0015687079, -0.0015570683, -0.0015643719, -0.0015624242, -0.001547723, -0.0014914293, -0.0014215487, -0.001368268, -0.0013541655, -0.0013514729, -0.0013660981, -0.0013714769, -0.0013615937, -0.0013154257, -0.0012406057, -0.0012005359, -0.001133602, -0.0011042692, -0.0011070011, -0.001140684, -0.0011936221, -0.0012375427, -0.0012487859, -0.0012448324, -0.0012129234, -0.0011929879, -0.0011621567, -0.0011616412, -0.0011760553, -0.0012312803, -0.0013026284, -0.0013620043, -0.0013789281, -0.0013760389, -0.0013224651, -0.0012798235, -0.0011769726, -0.0010709666, -0.0009798526, -0.0009412833, -0.0008708582, -0.0007893431, -0.00073584256, -0.0005892458, -0.0003811787, -0.0002550316, 3.1847216e-05, 0.00034434372, 0.0006590094, 0.0008118888, 0.0011066848, 0.0013958671, 0.0015446107, 0.0018660286, 0.0022373144, 0.0026683048, 0.0029041597, 0.0034050972, 0.00392074, 0.004174896, 0.004658948, 0.005098224, 0.005299572, 0.00566964, 0.006006187, 0.006322623, 0.0064752493, 0.006768362, 0.007034808, 0.0071527855, 0.00734669, 0.007473284, 0.0075260215, 0.0075258347, 0.007477427, 0.0073773596, 0.0073122103, 0.007159146, 0.006980084, 0.0068808272, 0.0066589746, 0.0063974084, 0.006088102, 0.005913388, 0.0055229925, 0.005081847, 0.004844813, 0.004345256, 0.00382247, 0.003288894, 0.0030212495, 0.0024901282, 0.0019716793, 0.0017221099, 0.0012691391, 0.0009651774
0, 0, 0, 0, 0, 0, 0, 0, 0, 0, 0, 0, 0, 0, 0, 0, 0, 0, 0, 0, 0, 0, 0, 0, 0, 0, 0, 0, 0, 0, 0, 0, 0, 0, 0, 0, 0, 0, 0, 0, 0, 0, 0, 0, 0, 0, 0, 0, 0, 0, -0.002035888, -0.0015884667, -0.0014885712, -0.0014094668, -0.0014325137, -0.0014659183, -0.0015451276, -0.0016023193, -0.0016119262, -0.0015899115, -0.0015255206, -0.0014509232, -0.0014200102, -0.0013820868, -0.0013755576, -0.0013783674, -0.0013797194, -0.0013555748, -0.0012981008, -0.0012600035, -0.001180509, -0.0011210912, -0.0011060886, -0.0011114789, -0.0011564164, -0.0012176769, -0.0012455715, -0.0012800508, -0.0012783082, -0.0012652092, -0.0012272683, -0.0011966252, -0.0011921191, -0.0012138023, -0.0012746417, -0.0013577358, -0.0013991836, -0.00146421, -0.0014867736, -0.0014787628, -0.0014261674, -0.0013365345, -0.0012307831, -0.0011772627, -0.0010736423, -0.0009703386, -0.00091384177, -0.00077748625, -0.00059344235, -0.00047947865, -0.00020586941, 0.00011945581, 0.0004778737, 0.0006628838, 0.0010330955, 0.0013974931, 0.0015781858, 0.0019442369, 0.0023324993, 0.0027600094, 0.0029918498, 0.0034915765, 0.004029795, 0.004307643, 0.0048656645, 0.005408799, 0.0056695538, 0.006164554, 0.0066243364, 0.0070547434, 0.007261164, 0.007658906, 0.00803379, 0.008209621, 0.008528597, 0.008789075, 0.008976932, 0.009040709, 0.009106417, 0.009093524, 0.009060569, 0.00894916, 0.008785975, 0.00868764, 0.008460246, 0.0081914, 0.007878324, 0.0077035245, 0.0073146587, 0.0068709785, 0.006628567, 0.0061045745, 0.005532884, 0.0049204356, 0.0046014986, 0.0039435867, 0.003270263, 0.0029364838, 0.002323129, 0.0019305521
0, 0, 0, 0, 0, 0, 0, 0, 0, 0, 0, 0, 0, 0, 0, 0, 0, 0, 0, 0, 0, 0, 0, 0, 0, 0, 0, 0, 0, 0, 0, 0, 0, 0, 0, 0, 0, 0, 0, 0, 0, 0, 0, 0, 0, 0, 0, 0, 0, -0.0017728531, -0.0015750877, -0.0013569195, -0.001299118, -0.0012708831, -0.0013216904, -0.0013659304, -0.0014704359, -0.0015656744, -0.0015983357, -0.0016209539, -0.0015856258, -0.0015131407, -0.00147351, -0.0014069864, -0.001372704, -0.0013675475, -0.0013709529, -0.0013716931, -0.0013479218, -0.0013247854, -0.0012610507, -0.0011933753, -0.0011664664, -0.0011401665, -0.0011582521, -0.0012128146, -0.0012469254, -0.0013114274, -0.001351528, -0.0013580723, -0.0013471784, -0.001319731, -0.0013077845, -0.0013035049, -0.0013380608, -0.0014111745, -0.0014569717, -0.0015518235, -0.0016266023, -0.0016485873, -0.0016534678, -0.00160523, -0.001516488, -0.001463214, -0.0013510562, -0.0012406617, -0.0011865908, -0.0010712782, -0.0009304381, -0.00084341585, -0.0006251798, -0.00034188488, 1.5704857e-06, 0.00019120713, 0.0005931358, 0.0010076384, 0.0012148598, 0.0016257864, 0.0020357422, 0.0024567866, 0.002676629, 0.0031416249, 0.0036455803, 0.003911431, 0.004464105, 0.0050303307, 0.005312778, 0.00586526, 0.006392164, 0.0068883165, 0.007125228, 0.007579451, 0.008009758, 0.008215741, 0.008605841, 0.008956518, 0.009253344, 0.009376659, 0.009565707, 0.009671625, 0.009692794, 0.009672812, 0.009575568, 0.009500433, 0.009302699, 0.00904821, 0.008741168, 0.00856842, 0.008184893, 0.0077491244, 0.007511063, 0.0069940537, 0.0064216065, 0.0057952353, 0.00546269, 0.004761806, 0.0040242868, 0.0036525454, 0.0029643609, 0.002535799
0, 0, 0, 0, 0, 0, 0, 0, 0, 0, 0, 0, 0, 0, 0, 0, 0, 0, 0, 0, 0, 0, 0, 0, 0, 0, 0, 0, 0, 0, 0, 0, 0, 0, 0, 0, 0, 0, 0, 0, 0, 0, 0, 0, 0, 0, 0, 0, -0.0022352282, -0.001694905, -0.0014054248, -0.0012929711, -0.0012671384, -0.0012532765, -0.0012829422, -0.00131278, -0.0013961601, -0.0014928576, -0.0015362501, -0.0015927303, -0.0015946209, -0.001543113, -0.0015051566, -0.0014239188, -0.0013620856, -0.0013442426, -0.0013346303, -0.0013452435, -0.0013521266, -0.0013471136, -0.0013152447, -0.0012597023, -0.0012292922, -0.0011788663, -0.0011608299, -0.0011862064, -0.0012135389, -0.0012867589, -0.0013628324, -0.0013944193, -0.0014358414, -0.0014480997, -0.0014472709, -0.0014447309, -0.0014598452, -0.0015052684, -0.0015397918, -0.0016248217, -0.0017130765, -0.0017508242, -0.001799885, -0.001802449, -0.0017582235, -0.0017223071, -0.0016351336, -0.0015424697, -0.0014979483, -0.0014120984, -0.0013202917, -0.0012657491, -0.0011252522, -0.00092624227, -0.00065860426, -0.000499343, -0.00013808464, 0.00026276056, 0.00047113455, 0.0008918802, 0.001309777, 0.0017243092, 0.0019330729, 0.0023615516, 0.002815374, 0.0030543075, 0.0035572594, 0.0040871645, 0.0043583103, 0.0049025337, 0.005435224, 0.005943246, 0.006185678, 0.0066476893, 0.007082381, 0.007290699, 0.007691658, 0.008070236, 0.008418631, 0.008577747, 0.008857, 0.009072126, 0.009151574, 0.009248966, 0.009261144, 0.009235396, 0.009122795, 0.008934366, 0.0086767515, 0.008524264, 0.0081751095, 0.0077697053, 0.00754675, 0.0070600826, 0.0065183383, 0.0059207804, 0.005600912, 0.0049203006, 0.0041947076, 0.0038259057, 0.00314221, 0.002726863
0, 0, 0, 0, 0, 0, 0, 0, 0, 0, 0, 0, 0, 0, 0, 0, 0, 0, 0, 0, 0, 0, 0, 0, 0, 0, 0, 0, 0, 0, 0, 0, 0, 0, 0, 0, 0, 0, 0, 0, 0, 0, 0, 0, 0, 0, 0, -0.0021721714, -0.001904893, -0.0015512656, -0.001394629, -0.001353616, -0.0013469108, -0.001337688, -0.0013358602, -0.0013425264, -0.0013780138, -0.0014418004, -0.0014783655, -0.0015430422, -0.0015718642, -0.0015495368, -0.0015203872, -0.0014408038, -0.0013589289, -0.0013267795, -0.001289395, -0.001287301, -0.001303112, -0.0013101028, -0.0013073072, -0.0012754366, -0.0012497647, -0.0011896228, -0.0011400592, -0.0011246479, -0.0011342076, -0.0011875568, -0.0012740855, -0.0013219274, -0.0014122227, -0.0014791656, -0.0015021069, -0.0015297293, -0.0015472994, -0.001572459, -0.0015924193, -0.0016496213, -0.001725462, -0.0017661249, -0.0018406371, -0.0018912876, -0.0019056918, -0.0018988089, -0.0018625408, -0.0018080828, -0.0017786215, -0.0017223122, -0.0016685299, -0.0016400274, -0.0015696622, -0.001464136, -0.0013051154, -0.0012019484, -0.0009473014, -0.0006353171, -0.00046268347, -9.642202e-05, 0.00028400283, 0.0006683409, 0.0008609754, 0.0012509682, 0.0016539292, 0.0018631245, 0.0023006664, 0.0027644925, 0.003004679, 0.003495029, 0.003986515, 0.004464168, 0.0046941373, 0.0051321024, 0.0055413255, 0.0057362434, 0.0061098663, 0.0064664865, 0.006807393, 0.0069707804, 0.0072784247, 0.0075494708, 0.007666885, 0.0078570405, 0.007977804, 0.0080095595, 0.008013115, 0.00793578, 0.0077802315, 0.007674573, 0.0074104606, 0.0070808767, 0.006893027, 0.006473489, 0.005997416, 0.005465517, 0.0051786993, 0.0045644757, 0.003905181, 0.003568924, 0.002946211, 0.002575838
0, 0, 0, 0, 0, 0, 0, 0, 0, 0, 0, 0, 0, 0, 0, 0, 0, 0, 0, 0, 0, 0, 0, 0, 0, 0, 0, 0, 0, 0, 0, 0, 0, 0, 0, 0, 0, 0, 0, 0, 0, 0, 0, 0, 0, 0, -0.0018664396, -0.0016745508, -0.001564168, -0.001431899, -0.0014088448, -0.0014353463, -0.0014489896, -0.0014572799, -0.001441998, -0.0014314988, -0.0014199811, -0.0014352357, -0.0014531588, -0.0014991626, -0.0015355499, -0.0015372857, -0.0015211378, -0.0014569857, -0.0013693144, -0.0013258145, -0.0012560008, -0.0012217243, -0.0012207004, -0.0012269414, -0.0012371031, -0.0012273977, -0.0012113969, -0.0011590743, -0.0010944697, -0.0010430898, -0.0010306925, -0.0010416929, -0.0011021728, -0.001147455, -0.0012532661, -0.0013573954, -0.0014018952, -0.0014688292, -0.0015085443, -0.0015339568, -0.0015471618, -0.0015841251, -0.0016435726, -0.0016819317, -0.0017698419, -0.0018593953, -0.0019329035, -0.0019587537, -0.0019851504, -0.001980691, -0.0019698637, -0.0019396653, -0.0019075233, -0.0018924904, -0.0018637615, -0.001828407, -0.0017705797, -0.0017279119, -0.0016064525, -0.0014315979, -0.0013241421, -0.0010745209, -0.0007897468, -0.00048169377, -0.00032214014, 4.9946816e-06, 0.00034259795, 0.0005161924, 0.0008759653, 0.0012551742, 0.0014524978, 0.0018605607, 0.002280065, 0.0027001027, 0.0029066065, 0.0033062883, 0.0036829659, 0.0038619512, 0.004201387, 0.0045200093, 0.0048221224, 0.0049680625, 0.0052493727, 0.0055133197, 0.005636554, 0.0058591384, 0.0060410397, 0.0061134966, 0.0062150215, 0.006252332, 0.006220685, 0.0061781392, 0.006039604, 0.00583192, 0.005703076, 0.0053982087, 0.005032767, 0.00460967, 0.0043771737, 0.0038721624, 0.003322462, 0.0030402343, 0.002515642, 0.0022061148
0, 0, 0, 0, 0, 0, 0, 0, 0, 0, 0, 0, 0, 0, 0, 0, 0, 0, 0, 0, 0, 0, 0, 0, 0, 0, 0, 0, 0, 0, 0, 0, 0, 0, 0, 0, 0, 0, 0, 0, 0, 0, 0, 0, 0, -0.0023395664, -0.0017658807, -0.00144429, -0.0013752913, -0.0013379479, -0.0013815388, -0.0014538885, -0.0014868183, -0.0015274282, -0.0015264406, -0.0015135828, -0.001478727, -0.0014535867, -0.0014498059, -0.0014619537, -0.0014872693, -0.0015013589, -0.0014968336, -0.0014568192, -0.0013797146, -0.0013329766, -0.0012399692, -0.0011680225, -0.001130958, -0.0011244649, -0.0011257055, -0.0011267404, -0.0011206821, -0.0010883831, -0.0010306828, -0.0009631958, -0.00093352125, -0.00089731236, -0.000906185, -0.0009292135, -0.0010056376, -0.0011054905, -0.0011561109, -0.0012457336, -0.0013101366, -0.0013515142, -0.0013672544, -0.0014012184, -0.0014522044, -0.0014878171, -0.0015805243, -0.0016945499, -0.001812712, -0.0018666959, -0.0019535183, -0.002004075, -0.0020154505, -0.002016405, -0.002001405, -0.0019927984, -0.001981763, -0.0019823934, -0.0019905523, -0.0019933775, -0.0019861145, -0.0019469341, -0.0019115242, -0.0018049524, -0.0016528158, -0.0014626858, -0.0013564682, -0.0011289722, -0.0008871637, -0.0007623512, -0.0005042664, -0.00023228813, -8.976836e-05, 0.00021067374, 0.00053175294, 0.00086966925, 0.0010425221, 0.0013897789, 0.001729691, 0.0018938148, 0.0022057972, 0.0024936362, 0.0027575693, 0.0028819337, 0.0031175534, 0.0033393474, 0.0034455615, 0.0036480678, 0.003834185, 0.003919156, 0.0040681306, 0.004181284, 0.0042497707, 0.0042648544, 0.004252979, 0.004182236, 0.004124439, 0.0039639664, 0.0037447056, 0.0034690076, 0.0033104778, 0.0029539622, 0.0025517817, 0.002340979, 0.0019431779, 0.0017056745
0, 0, 0, 0, 0, 0, 0, 0, 0, 0, 0, 0, 0, 0, 0, 0, 0, 0, 0, 0, 0, 0, 0, 0, 0, 0, 0, 0, 0, 0, 0, 0, 0, 0, 0, 0, 0, 0, 0, 0, 0, 0, 0, 0, -0.0019537027, -0.00179542, -0.0014979014, -0.0013136222, -0.0012726121, -0.0012597743, -0.0013099065, -0.0013923584, -0.0014357788, -0.0015064897, -0.0015377238, -0.001536168, -0.0015070095, -0.0014638267, -0.0014446054, -0.0014230065, -0.0014245391, -0.0014362342, -0.0014387032, -0.0014227421, -0.0013691828, -0.001329041, -0.001231639, -0.0011332126, -0.0010561998, -0.0010302077, -0.0010020481, -0.0009951516, -0.0009933196, -0.0009802531, -0.00094426115, -0.0008849967, -0.00084996724, -0.00078270654, -0.00073791586, -0.0007295403, -0.0007454368, -0.00079952914, -0.00083596504, -0.00091534085, -0.0009874807, -0.0010432503, -0.001065431, -0.0011049821, -0.0011517907, -0.0011824275, -0.001265767, -0.0013789049, -0.0015126124, -0.0015813678, -0.0017100006, -0.0018115629, -0.0018487067, -0.0018950318, -0.0019127562, -0.0019158573, -0.0019219904, -0.0019410219, -0.0019803378, -0.0020069731, -0.0020674637, -0.002122907, -0.0021432533, -0.0021596702, -0.0021368016, -0.0020748323, -0.0020311582, -0.0019247363, -0.0018015361, -0.0017360884, -0.0015998024, -0.0014541254, -0.0013759476, -0.0012047371, -0.0010075354, -0.0007807812, -0.00065681187, -0.00039146593, -0.00011172938, 2.9322373e-05, 0.0003053784, 0.0005646215, 0.00080028764, 0.00090885925, 0.0011091164, 0.0012916938, 0.0013780865, 0.0015448186, 0.0017059151, 0.0017845561, 0.0019366294, 0.0020769406, 0.0021980852, 0.0022488423, 0.0023259476, 0.0023653917, 0.0023694336, 0.002343652, 0.0022717563, 0.0021529517, 0.0020758617, 0.0018863807, 0.001652876, 0.0015240111, 0.0012714855, 0.0011146178
0, 0, 0, 0, 0, 0, 0, 0, 0, 0, 0, 0, 0, 0, 0, 0, 0, 0, 0, 0, 0, 0, 0, 0, 0, 0, 0, 0, 0, 0, 0, 0, 0, 0, 0, 0, 0, 0, 0, 0, 0, 0, 0, -0.0013426394, -0.0013464587, -0.0013119511, -0.0012497674, -0.0012111078, -0.0012018175, -0.0012016866, -0.0012326741, -0.0012963241, -0.0013370715, -0.001419444, -0.0014804187, -0.0014959472, -0.0014935106, -0.0014568848, -0.0014324246, -0.0013870262, -0.0013608023, -0.001356047, -0.0013579228, -0.0013567534, -0.0013306235, -0.0013038686, -0.0012233977, -0.0011192441, -0.0010143917, -0.00096886646, -0.00090045936, -0.0008642624, -0.0008549772, -0.00084450154, -0.0008267741, -0.00078773586, -0.0007585051, -0.0006855896, -0.00060716097, -0.0005725639, -0.0005242986, -0.00051243877, -0.00052027754, -0.00055772293, -0.0006104078, -0.00066339533, -0.00068673684, -0.0007267228, -0.0007628527, -0.00078311213, -0.0008368378, -0.0009162334, -0.0010239118, -0.0010863894, -0.0012200724, -0.0013508041, -0.001409968, -0.0015090205, -0.0015805151, -0.0016073559, -0.0016510875, -0.0016943543, -0.0017501095, -0.0017851867, -0.0018698899, -0.0019670392, -0.002016387, -0.0021068195, -0.002176786, -0.0022191075, -0.0022301532, -0.0022354613, -0.0022247848, -0.002215832, -0.0021943515, -0.0021680065, -0.002152019, -0.0021094093, -0.0020448489, -0.0019501194, -0.0018896672, -0.0017424684, -0.0015639968, -0.0014660816, -0.0012603682, -0.0010523605, -0.00085286563, -0.00075861084, -0.0005828316, -0.00042326603, -0.00034825059, -0.00020468183, -6.542821e-05, 3.7398372e-06, 0.00014245287, 0.0002801263, 0.000413504, 0.00047692517, 0.0005942844, 0.00069436425, 0.0007362966, 0.0008021408, 0.0008408884, 0.00085002056, 0.0008428187, 0.0008026193, 0.000726671, 0.00067615736, 0.0005648351, 0.00048731078
0, 0, 0, 0, 0, 0, 0, 0, 0, 0, 0, 0, 0, 0, 0, 0, 0, 0, 0, 0, 0, 0, 0, 0, 0, 0, 0, 0, 0, 0, 0, 0, 0, 0, 0, 0, 0, 0, 0, 0, 0, 0, -0.0013995304, -0.0011149403, -0.0010194284, -0.0010264177, -0.0010807705, -0.0011358467, -0.0011536239, -0.0011721235, -0.0011860619, -0.0012192382, -0.00124698, -0.0013195095, -0.0013942352, -0.0014239417, -0.0014546304, -0.0014428182, -0.001423799, -0.0013718547, -0.001322814, -0.0012935087, -0.0012872372, -0.0012846384, -0.0012779341, -0.0012661689, -0.0012160613, -0.0011296115, -0.0010187613, -0.0009613026, -0.00085581705, -0.0007765399, -0.0007486791, -0.0007127904, -0.00069063756, -0.0006624984, -0.000641064, -0.0005783292, -0.0004924724, -0.0004447479, -0.00035223854, -0.0002799961, -0.0002558196, -0.00023395542, -0.00024274766, -0.0002686221, -0.00028312815, -0.0003080197, -0.00032252615, -0.00032669478, -0.000335047, -0.00035495227, -0.00039980523, -0.00043397903, -0.0005262113, -0.00064385566, -0.0007084574, -0.00083879335, -0.0009601594, -0.0010146495, -0.0011091946, -0.0011884961, -0.0012625519, -0.0013010063, -0.0013862014, -0.0014860857, -0.0015410029, -0.0016569574, -0.0017730526, -0.001879889, -0.0019281667, -0.00201309, -0.0020845223, -0.0021163914, -0.002175742, -0.0022324042, -0.0022601413, -0.002312545, -0.0023563155, -0.0023827746, -0.0023869865, -0.002372891, -0.002325785, -0.0022899827, -0.0021959608, -0.002078519, -0.0019462112, -0.001877324, -0.0017386726, -0.0016028257, -0.0015363113, -0.0014067675, -0.0012799982, -0.0012172294, -0.0010919982, -0.0009668044, -0.0008421525, -0.00078044407, -0.00065928843, -0.00054277596, -0.00048682588, -0.00038090188, -0.0002843293, -0.00019949135, -0.00016215828, -0.00010134803, -6.362913e-05, -5.4970627e-05, -5.750469e-05, -7.397306e-05
0, 0, 0, 0, 0, 0, 0, 0, 0, 0, 0, 0, 0, 0, 0, 0, 0, 0, 0, 0, 0, 0, 0, 0, 0, 0, 0, 0, 0, 0, 0, 0, 0, 0, 0, 0, 0, 0, 0, 0, 0, -0.0016118056, -0.0012257034, -0.0009429401, -0.0008583252, -0.0008735156, -0.0009624984, -0.0010636545, -0.0011022415, -0.0011460752, -0.0011578089, -0.0011682122, -0.0011811553, -0.0012305818, -0.0013031018, -0.0013404321, -0.0014007059, -0.001423669, -0.0014190673, -0.001382059, -0.0013259094, -0.0012751598, -0.0012572495, -0.0012395664, -0.001237057, -0.0012356484, -0.0012171452, -0.0011641183, -0.0010727152, -0.0010158938, -0.0008921788, -0.0007735061, -0.0007221401, -0.00064029655, -0.00058471743, -0.00054234365, -0.0005205919, -0.00046466605, -0.00038431076, -0.0003348621, -0.00022371417, -0.000111061374, -6.03142e-05, 2.130352e-05, 7.1336486e-05, 9.459728e-05, 9.977209e-05, 0.00010783218, 0.00012377248, 0.0001373747, 0.00017459485, 0.00021704193, 0.00024862678, 0.0002547984, 0.00023940031, 0.00018207225, 0.00013837515, 2.8277598e-05, -9.941449e-05, -0.0001644289, -0.0002872093, -0.0003934511, -0.0004828375, -0.00052321365, -0.0006019693, -0.00068817555, -0.000736609, -0.0008469915, -0.00097299635, -0.0011076662, -0.0011751122, -0.0013047745, -0.0014233682, -0.0014779656, -0.0015796154, -0.0016754002, -0.00172293, -0.0018204738, -0.0019223061, -0.002025641, -0.0020761879, -0.002169129, -0.0022437538, -0.002271447, -0.00230364, -0.002303263, -0.0022712864, -0.0022448788, -0.0021754447, -0.002089659, -0.002042429, -0.0019431078, -0.0018397019, -0.0017871178, -0.0016816984, -0.0015759796, -0.0014705142, -0.0014178312, -0.0013122957, -0.0012062071, -0.0011527046, -0.0010448613, -0.0009358629, -0.0008264744, -0.0007722843, -0.00066763646, -0.00057401246, -0.0005343301, -0.00047807943, -0.00046459518
0, 0, 0, 0, 0, 0, 0, 0, 0, 0, 0, 0, 0, 0, 0, 0, 0, 0, 0, 0, 0, 0, 0, 0, 0, 0, 0, 0, 0, 0, 0, 0, 0, 0, 0, 0, 0, 0, 0, 0, -0.0010279113, -0.001036286, -0.00089287094, -0.0007510214, -0.0007111193, -0.0007304832, -0.0008229171, -0.0009405193, -0.0009929558, -0.0010657028, -0.001094387, -0.0011008306, -0.0011057715, -0.0011347688, -0.0011958989, -0.0012352718, -0.0013164087, -0.0013772944, -0.0013934418, -0.0013922802, -0.0013535365, -0.0012984729, -0.0012730635, -0.0012372483, -0.0012262621, -0.0012275507, -0.0012307401, -0.0012148966, -0.0011614461, -0.0011186424, -0.0010058068, -0.0008714023, -0.0008033621, -0.000677053, -0.00057422294, -0.0004948916, -0.0004610065, -0.0003943949, -0.00031508494, -0.00026695317, -0.00015208885, -1.8738083e-05, 5.031129e-05, 0.00018243227, 0.0002944546, 0.00037990225, 0.00041356374, 0.00046949708, 0.0005227082, 0.00055271847, 0.0006244573, 0.0007112799, 0.00080328074, 0.0008463239, 0.0009143881, 0.00094613084, 0.0009457878, 0.00091209036, 0.0008427831, 0.0007992501, 0.0007046189, 0.00061249477, 0.0005316684, 0.0004958691, 0.00042976433, 0.00036196527, 0.00032368375, 0.00023233121, 0.00011812847, -1.604785e-05, -8.794412e-05, -0.00023375974, -0.00037328, -0.00043854408, -0.0005586955, -0.0006675601, -0.0007201022, -0.00082631473, -0.0009410145, -0.0010687816, -0.0011376638, -0.0012821432, -0.0014285914, -0.0014990983, -0.0016277328, -0.0017320936, -0.0018059268, -0.0018305469, -0.0018565223, -0.0018544206, -0.0018445218, -0.0018104364, -0.0017621529, -0.001733827, -0.0016711951, -0.0016026169, -0.0015299699, -0.0014923597, -0.0014146094, -0.0013335111, -0.0012914909, -0.001204137, -0.0011117231, -0.0010142839, -0.0009640037, -0.0008622119, -0.0007642145, -0.0007201284, -0.000654651, -0.0006422668
0, 0, 0, 0, 0, 0, 0, 0, 0, 0, 0, 0, 0, 0, 0, 0, 0, 0, 0, 0, 0, 0, 0, 0, 0, 0, 0, 0, 0, 0, 0, 0, 0, 0, 0, 0, 0, 0, 0, -0.00079465535, -0.0007075626, -0.00067789684, -0.00061366515, -0.00055697735, -0.000542884, -0.0005589403, -0.0006341664, -0.00074599334, -0.0008037031, -0.0008998635, -0.00095595745, -0.0009789388, -0.0009852352, -0.0010063228, -0.0010562756, -0.0010936701, -0.0011856323, -0.0012789107, -0.0013172812, -0.0013645038, -0.0013670651, -0.0013341369, -0.0013112407, -0.001269496, -0.0012471959, -0.0012456651, -0.0012563369, -0.0012682481, -0.0012571441, -0.0012369978, -0.0011619958, -0.0010459769, -0.0009775498, -0.00083286135, -0.00069450616, -0.000575359, -0.0005237576, -0.00043099147, -0.0003397715, -0.00028971117, -0.00017238974, -2.893947e-05, 5.1069244e-05, 0.00021976359, 0.00038626956, 0.0005361329, 0.0006023134, 0.00071706454, 0.00081546494, 0.0008625046, 0.00096036016, 0.0010710433, 0.0011961058, 0.0012621531, 0.0013930353, 0.0015097153, 0.0015582071, 0.0016294168, 0.0016644333, 0.0016695806, 0.0016603504, 0.0016343468, 0.0016013777, 0.00158414, 0.0015486138, 0.001508232, 0.0014835781, 0.0014208212, 0.0013348915, 0.0012248743, 0.0011621342, 0.0010273069, 0.0008889381, 0.0008213236, 0.00069346343, 0.0005764843, 0.00052112056, 0.00041320865, 0.0003014424, 0.00017869537, 0.00011176886, -3.382467e-05, -0.0001925808, -0.0002750212, -0.00044093627, -0.0006010513, -0.0007475753, -0.0008138081, -0.0009300576, -0.0010230936, -0.0010610946, -0.0011198694, -0.001157717, -0.0011694076, -0.0011792785, -0.0011732316, -0.0011538601, -0.0011399594, -0.0011052693, -0.0010627155, -0.0010390567, -0.0009875692, -0.0009303215, -0.00086764677, -0.00083453004, -0.00076599704, -0.0006986801, -0.00066895067, -0.00062931154, -0.0006389146
0, 0, 0, 0, 0, 0, 0, 0, 0, 0, 0, 0, 0, 0, 0, 0, 0, 0, 0, 0, 0, 0, 0, 0, 0, 0, 0, 0, 0, 0, 0, 0, 0, 0, 0, 0, 0, 0, 0, -0.0006380783, -0.00054120057, -0.0005106068, -0.0004680089, -0.00043204465, -0.00041075732, -0.00041228498, -0.0004507426, -0.00053282076, -0.0005841602, -0.0006868627, -0.00076834596, -0.0008175383, -0.0008329855, -0.00085976603, -0.0009025705, -0.0009352519, -0.0010248666, -0.0011342068, -0.0011889448, -0.0012814738, -0.0013363126, -0.0013481134, -0.0013412065, -0.0013145838, -0.0012905519, -0.0012851667, -0.0012924543, -0.0013157055, -0.0013360544, -0.0013377703, -0.0013123748, -0.0012414646, -0.0011899684, -0.001063025, -0.0009206411, -0.00078086485, -0.0007159283, -0.0005971287, -0.00048703144, -0.00043121527, -0.0003082816, -0.00016034748, -7.539813e-05, 0.000113563765, 0.00031790725, 0.0005215537, 0.0006181198, 0.0007947333, 0.0009474758, 0.001016392, 0.0011462206, 0.0012766125, 0.0014188059, 0.001495827, 0.0016609897, 0.0018340384, 0.0019199399, 0.002082058, 0.002222654, 0.0022824816, 0.0023800002, 0.0024492783, 0.002494965, 0.0025106375, 0.002530247, 0.0025358817, 0.0025332756, 0.002515488, 0.002477716, 0.0024172296, 0.0023783674, 0.00228495, 0.0021752606, 0.0021164294, 0.0019949097, 0.0018730933, 0.0018131011, 0.001695219, 0.0015784955, 0.0014595144, 0.0013981969, 0.0012696307, 0.0011321105, 0.001059504, 0.0009071159, 0.00074633764, 0.0005795723, 0.0004951976, 0.000326876, 0.00016366791, 8.550644e-05, -6.070862e-05, -0.0001896251, -0.00024661046, -0.00034378687, -0.00041829122, -0.0004714546, -0.0004909736, -0.0005180657, -0.00053261546, -0.0005361979, -0.0005374853, -0.0005322983, -0.0005214987, -0.00051429606, -0.0004973474, -0.00048098862, -0.00047577624, -0.00048128323, -0.0005222866
0, 0, 0, 0, 0, 0, 0, 0, 0, 0, 0, 0, 0, 0, 0, 0, 0, 0, 0, 0, 0, 0, 0, 0, 0, 0, 0, 0, 0, 0, 0, 0, 0, 0, 0, 0, 0, -0.0011118948, -0.00097003125, -0.0006408214, -0.0005190114, -0.0004909252, -0.00045513044, -0.00041838628, -0.00037703838, -0.00036093805, -0.0003533576, -0.00038970605, -0.00042424482, -0.00051333924, -0.0006057221, -0.0006790549, -0.0007063174, -0.00074649695, -0.0007854312, -0.0008111938, -0.0008846073, -0.0009870263, -0.0010454591, -0.0011633711, -0.0012625279, -0.0013260926, -0.0013427454, -0.001351357, -0.0013424522, -0.0013378348, -0.0013387926, -0.0013586166, -0.0013903107, -0.0014052537, -0.0014204915, -0.0014011133, -0.0013755569, -0.0012932575, -0.0011785874, -0.0010472403, -0.0009801849, -0.00085011125, -0.00072682044, -0.0006659967, -0.00053911, -0.0003935556, -0.0003106146, -0.000120974306, 9.6298405e-05, 0.00032968685, 0.00044752943, 0.0006757746, 0.0008848231, 0.0009807239, 0.0011570584, 0.0013206105, 0.0014841274, 0.0015696267, 0.0017524818, 0.0019523216, 0.0020573926, 0.0022713065, 0.0024804976, 0.0025796692, 0.00276121, 0.002915794, 0.0030420653, 0.0030950482, 0.0031837071, 0.0032526848, 0.0032812327, 0.0033268025, 0.003356953, 0.0033687504, 0.0033665681, 0.003343495, 0.0032937813, 0.003259229, 0.0031722356, 0.0030660615, 0.0030077929, 0.0028851884, 0.002759523, 0.002634993, 0.0025738175, 0.0024536268, 0.0023347693, 0.0022747072, 0.0021500587, 0.0020149047, 0.0018649909, 0.0017839205, 0.00160987, 0.0014232565, 0.0013270727, 0.0011333842, 0.0009445547, 0.00085421675, 0.000685453, 0.00053581473, 0.00040653968, 0.00034913755, 0.000247083, 0.00015902803, 0.00011936703, 4.7499827e-05, -1.5790896e-05, -7.175526e-05, -9.732963e-05, -0.00014471819, -0.00019100966, -0.00021593928, -0.00027573545, -0.00035117727
0, 0, 0, 0, 0, 0, 0, 0, 0, 0, 0, 0, 0, 0, 0, 0, 0, 0, 0, 0, 0, 0, 0, 0, 0, 0, 0, 0, 0, 0, 0, 0, 0, 0, 0, 0, 0, -0.0009361947, -0.00082789664, -0.00064588943, -0.00056418666, -0.0005467935, -0.00052642456, -0.00049680675, -0.0004486246, -0.0004219124, -0.00037908505, -0.0003714055, -0.0003851329, -0.00044460257, -0.00053015753, -0.00061562826, -0.0006516406, -0.000705903, -0.00074392324, -0.00076227234, -0.000810593, -0.00088584557, -0.00093449466, -0.0010480157, -0.0011672145, -0.0012699065, -0.0013098144, -0.0013628957, -0.0013840833, -0.0013869896, -0.0013896396, -0.0013999285, -0.0014253117, -0.0014422497, -0.0014753325, -0.0014930783, -0.0014911364, -0.001459471, -0.0013899656, -0.0012897504, -0.0012321345, -0.0011099313, -0.0009864378, -0.00092523644, -0.0008017404, -0.000668274, -0.0005944489, -0.00042557716, -0.00022487316, 4.7642384e-06, 0.0001273818, 0.00037975848, 0.00062958273, 0.00074998685, 0.0009772886, 0.0011871753, 0.001385884, 0.001484051, 0.0016845296, 0.0018960537, 0.0020067312, 0.0022359819, 0.0024694984, 0.0025849622, 0.0028072067, 0.0030118, 0.0031941123, 0.00327668, 0.0034263285, 0.0035585652, 0.0036194564, 0.003733204, 0.0038364092, 0.003926469, 0.003965039, 0.004024506, 0.004054959, 0.0040576276, 0.0040362137, 0.0039804727, 0.0039412286, 0.0038450272, 0.0037327344, 0.0036130322, 0.0035526075, 0.0034339605, 0.0033191647, 0.003262889, 0.0031498831, 0.0030315307, 0.002901414, 0.0028306653, 0.002675745, 0.0025032915, 0.0024112505, 0.0022183189, 0.002018438, 0.0019176757, 0.0017181372, 0.0015248156, 0.001340124, 0.001251277, 0.0010804902, 0.0009187057, 0.00084100734, 0.00069258077, 0.000553279, 0.00042305933, 0.00036114716, 0.00024249381, 0.00012779815, 7.0124945e-05, -4.7866037e-05, -0.00015880154
0, 0, 0, 0, 0, 0, 0, 0, 0, 0, 0, 0, 0, 0, 0, 0, 0, 0, 0, 0, 0, 0, 0, 0, 0, 0, 0, 0, 0, 0, 0, 0, 0, 0, 0, 0, -0.0014770955, -0.0009620111, -0.0008341063, -0.0006935612, -0.0006414089, -0.0006333949, -0.00063018495, -0.0006185749, -0.00058344257, -0.00055806903, -0.0005039522, -0.0004667471, -0.0004616247, -0.0004849366, -0.00054667925, -0.0006261865, -0.0006647803, -0.0007273418, -0.00076650677, -0.0007795984, -0.0008041466, -0.000843901, -0.0008741896, -0.00095839304, -0.0010673364, -0.0011838, -0.0012382345, -0.0013279141, -0.0013849437, -0.0014016788, -0.0014181307, -0.0014256536, -0.0014389529, -0.0014502065, -0.0014808121, -0.0015128426, -0.0015248957, -0.0015312622, -0.0015060082, -0.0014459325, -0.0014045151, -0.0013056108, -0.0011951132, -0.0011386803, -0.0010261495, -0.0009118746, -0.00085175125, -0.00071850646, -0.0005591128, -0.00036766997, -0.00025978644, -2.361085e-05, 0.0002307319, 0.00036064666, 0.000618464, 0.0008664418, 0.0011013162, 0.0012144303, 0.0014356424, 0.0016554582, 0.0017666443, 0.0019929113, 0.00222342, 0.0023390457, 0.0025674875, 0.00278785, 0.0029955236, 0.003094171, 0.003281438, 0.0034569863, 0.0035412172, 0.003704346, 0.0038605898, 0.0040080473, 0.004077287, 0.0042027943, 0.0043051294, 0.0043454412, 0.0044010277, 0.004421029, 0.0044177943, 0.004386822, 0.004327967, 0.00424763, 0.0042013964, 0.00410086, 0.0039930767, 0.003937188, 0.0038224547, 0.0037029723, 0.0035775239, 0.003511965, 0.0033739954, 0.0032256162, 0.0031473683, 0.0029824055, 0.0028065904, 0.002714839, 0.002524821, 0.002327012, 0.0021227947, 0.0020189313, 0.0018089318, 0.0015980899, 0.0014932385, 0.0012864507, 0.001085426, 0.00089169876, 0.00079786195, 0.0006150802, 0.00043682195, 0.00034846558, 0.00017498426, 2.9238183e-05
0, 0, 0, 0, 0, 0, 0, 0, 0, 0, 0, 0, 0, 0, 0, 0, 0, 0, 0, 0, 0, 0, 0, 0, 0, 0, 0, 0, 0, 0, 0, 0, 0, 0, 0, -0.0016195361, -0.0013144807, -0.001032499, -0.0009403509, -0.0008283603, -0.0007784618, -0.0007688105, -0.00076640316, -0.000767083, -0.00075109984, -0.0007341303, -0.0006864447, -0.00063563517, -0.00061655877, -0.00060182746, -0.0006250045, -0.0006772774, -0.00070795696, -0.00076551305, -0.00080435193, -0.0008153808, -0.0008259905, -0.00083626976, -0.0008474819, -0.00089118636, -0.00096612755, -0.0010661236, -0.0011202772, -0.001224063, -0.0013073739, -0.0013380324, -0.001377219, -0.0013945301, -0.0014038207, -0.0014098284, -0.0014295512, -0.001459065, -0.0014748076, -0.0015007298, -0.0015073937, -0.001485368, -0.0014625816, -0.0013958926, -0.0013092514, -0.0012621214, -0.0011661897, -0.0010721766, -0.0010257547, -0.000929575, -0.0008201672, -0.00068690244, -0.0006086169, -0.00042701844, -0.00021426145, -9.851807e-05, 0.00014502156, 0.0003942002, 0.0006395474, 0.00075873715, 0.0009894756, 0.0012117841, 0.0013209042, 0.0015378994, 0.0017554131, 0.001864623, 0.002083078, 0.00229972, 0.002511376, 0.0026147142, 0.002815189, 0.00300734, 0.003100246, 0.0032804012, 0.0034531828, 0.0036179007, 0.0036968624, 0.0038469585, 0.0039840154, 0.0040465817, 0.0041573998, 0.004245715, 0.0042805653, 0.0043296013, 0.004350153, 0.0043415306, 0.004326392, 0.0042755865, 0.004200359, 0.0041546645, 0.004050625, 0.00393413, 0.0038104134, 0.0037470108, 0.0036185312, 0.0034879528, 0.003421559, 0.0032846062, 0.003139715, 0.0030630806, 0.0029000135, 0.0027225672, 0.0025303916, 0.0024293095, 0.002218877, 0.002000285, 0.0018890065, 0.001664344, 0.0014395032, 0.001216136, 0.0011052886, 0.0008852108, 0.00066576025, 0.00055623875, 0.00034259286, 0.00016929425
0, 0, 0, 0, 0, 0, 0, 0, 0, 0, 0, 0, 0, 0, 0, 0, 0, 0, 0, 0, 0, 0, 0, 0, 0, 0, 0, 0, 0, 0, 0, 0, 0, 0, -0.0018419832, -0.0016369292, -0.0013699392, -0.0012271738, -0.001176027, -0.0010932822, -0.0010324103, -0.0010111482, -0.0009877939, -0.0009805821, -0.00097040297, -0.00095916126, -0.0009195424, -0.00086182554, -0.00083107635, -0.00077833474, -0.0007506079, -0.00075378467, -0.0007649662, -0.00079651835, -0.00082495535, -0.00083356217, -0.00083800586, -0.00083128456, -0.00082828396, -0.0008329793, -0.0008622452, -0.0009199678, -0.00095772534, -0.0010428778, -0.0011269163, -0.001163496, -0.0012202396, -0.0012537347, -0.0012709188, -0.0012767515, -0.0012902747, -0.0013117505, -0.0013256362, -0.0013559947, -0.0013806403, -0.0013885444, -0.0013836737, -0.0013541694, -0.0013011992, -0.0012683342, -0.0011961613, -0.0011227186, -0.0010873822, -0.0010191044, -0.00095047464, -0.000872983, -0.0008275435, -0.0007182329, -0.00058049796, -0.00050065113, -0.00032145635, -0.00012287064, 8.588511e-05, 0.0001911339, 0.00039977103, 0.00060327805, 0.0007031692, 0.0009002674, 0.0010960884, 0.0011945091, 0.0013926354, 0.0015925103, 0.0017922679, 0.0018911585, 0.0020850543, 0.0022710052, 0.0023602473, 0.0025300235, 0.0026875695, 0.0028335415, 0.0029024761, 0.0030345002, 0.003160647, 0.0032223521, 0.003343304, 0.0034601393, 0.0035159846, 0.003619146, 0.0037056995, 0.0037683821, 0.0037887124, 0.0038047908, 0.0037869923, 0.0037659344, 0.0037023893, 0.0036167256, 0.0035167641, 0.0034636816, 0.0033544726, 0.0032433444, 0.0031870825, 0.0030718474, 0.0029503207, 0.0028858576, 0.0027478612, 0.002596497, 0.0024319591, 0.0023451266, 0.0021639734, 0.0019749582, 0.0018780227, 0.0016798294, 0.0014764661, 0.0012680985, 0.0011617632, 0.0009447363, 0.00072144135, 0.0006078037, 0.00038354355, 0.00019965957
0, 0, 0, 0, 0, 0, 0, 0, 0, 0, 0, 0, 0, 0, 0, 0, 0, 0, 0, 0, 0, 0, 0, 0, 0, 0, 0, 0, 0, 0, 0, 0, 0, -0.0030460923, -0.0021688305, -0.0018670824, -0.0016263823, -0.0015642405, -0.0015445249, -0.0014921164, -0.001425754, -0.0013928206, -0.0013393821, -0.00130567, -0.001281858, -0.0012679868, -0.0012265567, -0.001160727, -0.001119673, -0.0010300665, -0.0009467652, -0.0008861998, -0.00086694694, -0.00084838003, -0.0008456023, -0.00084531197, -0.0008393635, -0.0008211029, -0.00080805906, -0.00078022754, -0.0007611706, -0.0007607343, -0.000769703, -0.0008040728, -0.0008542799, -0.00088167645, -0.0009335907, -0.0009739543, -0.0010004375, -0.0010091808, -0.0010227064, -0.0010375447, -0.0010472703, -0.0010724558, -0.001102133, -0.0011292556, -0.0011389585, -0.001146715, -0.0011353884, -0.0011227212, -0.001085626, -0.001039454, -0.0010152049, -0.00096814684, -0.0009254376, -0.0008854952, -0.00086527196, -0.00081990426, -0.00076232804, -0.00072696985, -0.00064076023, -0.00053331896, -0.0004069713, -0.00033820415, -0.00019303107, -4.2025185e-05, 3.4503737e-05, 0.0001884628, 0.00034318282, 0.00042117905, 0.0005791515, 0.00074051134, 0.0009047437, 0.0009872379, 0.0011511955, 0.0013101229, 0.0013863972, 0.0015299199, 0.0016587307, 0.0017724113, 0.001823921, 0.0019187039, 0.0020074807, 0.0020516696, 0.0021427714, 0.0022405286, 0.0022919544, 0.0023979633, 0.0025031094, 0.002598834, 0.0026404217, 0.0027059098, 0.0027439136, 0.0027520442, 0.0027472184, 0.0027180493, 0.0026705714, 0.0026416888, 0.0025762685, 0.0025025194, 0.0024627151, 0.0023767329, 0.0022808334, 0.0022287322, 0.0021161367, 0.0019931518, 0.0018624982, 0.0017951884, 0.0016583145, 0.0015193673, 0.0014489993, 0.0013055074, 0.0011557911, 0.0009972429, 0.0009138017, 0.00073779805, 0.0005493577, 0.00045084648, 0.00025098503, 7.8393714e-05
0, 0, 0, 0, 0, 0, 0, 0, 0, 0, 0, 0, 0, 0, 0, 0, 0, 0, 0, 0, 0, 0, 0, 0, 0, 0, 0, 0, 0, 0, 0, 0, 0, -0.0026518842, -0.002202205, -0.002061251, -0.001963957, -0.0019736863, -0.0019802698, -0.0019650352, -0.0019101931, -0.0018738129, -0.0017996547, -0.0017370307, -0.0016880486, -0.0016653646, -0.0016115702, -0.0015351308, -0.0014857124, -0.0013676023, -0.0012359525, -0.0011107879, -0.0010566099, -0.0009706558, -0.000913757, -0.0008930646, -0.00085805735, -0.0008184443, -0.0007941499, -0.00073603267, -0.00067005446, -0.00060746295, -0.0005816113, -0.00054490165, -0.00053268933, -0.0005346466, -0.000550636, -0.00057339866, -0.0005940614, -0.00060181087, -0.00061182043, -0.00061792124, -0.0006213572, -0.00063309394, -0.00065457827, -0.0006856276, -0.0007035181, -0.00073946855, -0.00076929416, -0.0007796098, -0.0007888507, -0.00078281865, -0.00077530654, -0.0007551791, -0.00073426124, -0.0007183529, -0.00071361527, -0.00071065256, -0.00071432616, -0.0007168576, -0.00071892596, -0.0007109694, -0.0006869543, -0.000668067, -0.00061654527, -0.00054940564, -0.0005113865, -0.00042976163, -0.00034391304, -0.0003002848, -0.00021157502, -0.00012072409, -2.5906296e-05, 2.3201184e-05, 0.00012495689, 0.00023002856, 0.00028268193, 0.00038553347, 0.00048124342, 0.00056541245, 0.0006024728, 0.0006667547, 0.0007205154, 0.000745002, 0.0007934585, 0.0008460006, 0.0008752611, 0.000940831, 0.0010146856, 0.0010926618, 0.0011314753, 0.0012047059, 0.0012677815, 0.0012943263, 0.0013363621, 0.0013633479, 0.0013766146, 0.001378445, 0.0013728854, 0.0013549157, 0.0013409756, 0.0013024707, 0.0012495163, 0.0012178449, 0.0011454179, 0.0010639954, 0.0009783667, 0.0009354279, 0.0008512525, 0.0007700479, 0.00073017867, 0.000649929, 0.0005651597, 0.0004713235, 0.00042002552, 0.0003074668, 0.00018092485, 0.00011213793, -3.5174722e-05, -0.00017882575
0, 0, 0, 0, 0, 0, 0, 0, 0, 0, 0, 0, 0, 0, 0, 0, 0, 0, 0, 0, 0, 0, 0, 0, 0, 0, 0, 0, 0, 0, 0, 0, -0.003931803, -0.0027454195, -0.0023616217, -0.0023005141, -0.0023014348, -0.0023620925, -0.0023894957, -0.002412233, -0.002384983, -0.0023556731, -0.002280651, -0.0022012051, -0.0021288549, -0.0020947312, -0.00202408, -0.0019368894, -0.0018824822, -0.0017493682, -0.0015882305, -0.0014148245, -0.0013300753, -0.0011760846, -0.0010507398, -0.000999155, -0.0009108204, -0.0008299466, -0.00078764814, -0.00069240935, -0.0005822094, -0.0004629288, -0.0004036287, -0.00029433184, -0.00020794348, -0.00017520468, -0.00013088358, -0.00010909602, -9.940673e-05, -9.6012955e-05, -8.728857e-05, -7.429843e-05, -6.725447e-05, -5.596818e-05, -5.524905e-05, -7.208545e-05, -8.7814515e-05, -0.00013215664, -0.00018772644, -0.0002167689, -0.00027075273, -0.0003132312, -0.00032906546, -0.0003503455, -0.00036286027, -0.00037481726, -0.0003833093, -0.0004101738, -0.00045323433, -0.00048083797, -0.00054529187, -0.00061504886, -0.00068108196, -0.00071010494, -0.000756615, -0.0007864708, -0.000795797, -0.0008066808, -0.00081185077, -0.00081390946, -0.00081873836, -0.0008246538, -0.0008285275, -0.00082827173, -0.00082027225, -0.0007997748, -0.0007845736, -0.0007453642, -0.00069764414, -0.00064796995, -0.0006243829, -0.0005831631, -0.0005527623, -0.0005417297, -0.00052658666, -0.0005166368, -0.00051195547, -0.00049960276, -0.00047994414, -0.0004509169, -0.00043274934, -0.00038976225, -0.0003397406, -0.0003129032, -0.00025750356, -0.0002017589, -0.00014821597, -0.0001230735, -7.7821416e-05, -4.1127416e-05, -2.6968248e-05, -8.095598e-06, -2.8216919e-06, -5.064338e-06, -1.7683848e-05, -3.804313e-05, -6.188618e-05, -7.374295e-05, -9.563558e-05, -0.00011431761, -0.00012281003, -0.00013969446, -0.00015955187, -0.00018610917, -0.00020241554, -0.00024263271, -0.0002938662, -0.00032502392, -0.00040442657, -0.00051030575
0, 0, 0, 0, 0, 0, 0, 0, 0, 0, 0, 0, 0, 0, 0, 0, 0, 0, 0, 0, 0, 0, 0, 0, 0, 0, 0, 0, 0, 0, -0.0042555803, -0.0035556988, -0.00288997, -0.0026816204, -0.0026604082, -0.0026829303, -0.0027575628, -0.0028444102, -0.002885925, -0.002953251, -0.002984757, -0.0029841983, -0.0029492523, -0.002877844, -0.0027836324, -0.002732062, -0.0026245601, -0.0025107744, -0.0024491153, -0.0023107522, -0.0021445553, -0.0019475718, -0.0018390223, -0.0016089999, -0.0013738116, -0.0012584509, -0.0010372237, -0.00083015265, -0.0007307602, -0.00053548376, -0.0003387158, -0.00013603605, -3.2580185e-05, 0.0001746694, 0.00037458798, 0.000468483, 0.00063939247, 0.00078454847, 0.0009057202, 0.0009586503, 0.0010541374, 0.0011402993, 0.001181139, 0.0012579388, 0.0013247752, 0.0013742935, 0.0013897879, 0.0013980998, 0.0013736145, 0.001349401, 0.0012803787, 0.0011906514, 0.0011410213, 0.0010372287, 0.00093214563, 0.0008275996, 0.0007750088, 0.0006668661, 0.00055039563, 0.00048758875, 0.0003509434, 0.00019889911, 3.270047e-05, -5.4572993e-05, -0.00023489949, -0.00041925142, -0.00051174185, -0.00069602137, -0.0008797255, -0.0009717874, -0.0011581967, -0.0013483814, -0.0015418716, -0.0016387992, -0.0018300231, -0.002011979, -0.002097334, -0.0022531075, -0.0023858629, -0.002494486, -0.002540306, -0.002617741, -0.002680977, -0.002709392, -0.0027635773, -0.00281762, -0.002845184, -0.002901303, -0.0029563971, -0.003006613, -0.0030284408, -0.0030632352, -0.003083568, -0.003087655, -0.0030831876, -0.0030621903, -0.003025793, -0.0030022648, -0.0029449735, -0.0028751527, -0.0028357883, -0.002749092, -0.0026527932, -0.0026016284, -0.0024944278, -0.0023826284, -0.0022685993, -0.0022113414, -0.0020970847, -0.001983924, -0.0019277489, -0.001815599, -0.001702223, -0.0015864376, -0.0015274455, -0.0014072148, -0.0012890056, -0.0012354673, -0.0011632353, -0.0011876541
0, 0, 0, 0, 0, 0, 0, 0, 0, 0, 0, 0, 0, 0, 0, 0, 0, 0, 0, 0, 0, 0, 0, 0, 0, 0, 0, 0, 0, 0, -0.0027942455, -0.002630396, -0.0024736307, -0.0025193898, -0.0026330969, -0.0026911467, -0.0027980753, -0.0028922402, -0.0029354342, -0.0030113482, -0.0030632683, -0.0030757831, -0.0030679111, -0.0030149876, -0.0029244414, -0.0028689008, -0.0027450752, -0.0026118848, -0.002542541, -0.00239651, -0.002233411, -0.0020458705, -0.0019411317, -0.0017104003, -0.001457323, -0.0013255856, -0.0010591535, -0.00079710205, -0.0006698013, -0.0004231301, -0.00018560303, 4.7571244e-05, 0.00016354924, 0.00039535007, 0.0006246527, 0.00073685916, 0.00095263985, 0.0011520279, 0.0013310721, 0.0014123431, 0.0015589698, 0.0016871813, 0.0017455486, 0.0018520335, 0.001945514, 0.002024189, 0.002056786, 0.0021044917, 0.0021241247, 0.002121967, 0.0020923784, 0.002029746, 0.0019870938, 0.0018826557, 0.0017582115, 0.0016198795, 0.001547183, 0.0013961177, 0.0012380773, 0.0011562357, 0.0009853926, 0.0008032229, 0.000607294, 0.00050367403, 0.00028571198, 5.493403e-05, -6.4038606e-05, -0.00030645786, -0.0005517747, -0.00067451247, -0.0009198024, -0.0011652376, -0.0014124904, -0.0015371823, -0.0017884645, -0.0020410856, -0.0021668398, -0.0024138954, -0.0026497778, -0.0028681764, -0.002969257, -0.0031534515, -0.003312686, -0.0033833955, -0.0035089697, -0.003616975, -0.0036657131, -0.003755007, -0.0038348255, -0.0039055846, -0.003937442, -0.0039934753, -0.00403765, -0.004054986, -0.0040790644, -0.004088568, -0.0040825945, -0.004073476, -0.0040420075, -0.003991181, -0.0039580315, -0.003875475, -0.0037711633, -0.0037113447, -0.003578378, -0.00343101, -0.0032739656, -0.0031931247, -0.00302894, -0.0028626476, -0.0027786624, -0.0026077786, -0.0024305552, -0.0022445458, -0.002147835, -0.0019475884, -0.0017457759, -0.0016509983, -0.0015060301, -0.0014917861
0, 0, 0, 0, 0, 0, 0, 0, 0, 0, 0, 0, 0, 0, 0, 0, 0, 0, 0, 0, 0, 0, 0, 0, 0, 0, 0, 0, 0, -0.0022879543, -0.0019995938, -0.001963332, -0.0020529034, -0.002246845, -0.0024461448, -0.002532552, -0.0026738124, -0.00278304, -0.0028304465, -0.0029157395, -0.0029847184, -0.003009658, -0.0030312254, -0.0030065172, -0.0029340112, -0.0028820678, -0.0027544117, -0.002607494, -0.0025304148, -0.002372456, -0.002208131, -0.0020298515, -0.0019323011, -0.0017162628, -0.0014699748, -0.0013363643, -0.0010537629, -0.0007617183, -0.00061597483, -0.00033126812, -5.9487294e-05, 0.00019960389, 0.00032566622, 0.0005748807, 0.00082278653, 0.00094713207, 0.0011944023, 0.0014359966, 0.0016641467, 0.0017707349, 0.0019652955, 0.002133002, 0.0022068643, 0.0023371757, 0.0024479495, 0.002543939, 0.002587279, 0.0026639516, 0.0027238422, 0.0027453622, 0.0027671997, 0.00275437, 0.0027337589, 0.0026628724, 0.0025553883, 0.002417575, 0.0023398285, 0.0021710575, 0.0019897388, 0.0018954403, 0.0017002902, 0.0014947584, 0.0012757076, 0.0011599644, 0.000915143, 0.00065255375, 0.0005155403, 0.00023341604, -5.3659594e-05, -0.00019719775, -0.0004815959, -0.00076116645, -0.0010377445, -0.0011763647, -0.0014570847, -0.0017460041, -0.0018942216, -0.002196732, -0.0025031806, -0.0028060165, -0.0029533685, -0.0032339175, -0.0034900021, -0.0036072638, -0.0038190119, -0.004001033, -0.004081771, -0.0042249085, -0.00434644, -0.004449368, -0.0044945553, -0.0045734453, -0.004637831, -0.004664768, -0.0047083604, -0.0047385213, -0.0047545815, -0.0047568823, -0.0047487807, -0.0047210604, -0.0046986174, -0.004634875, -0.0045440583, -0.0044884686, -0.004358325, -0.0042057205, -0.004035327, -0.0039449013, -0.0037561667, -0.003558365, -0.0034559998, -0.0032437616, -0.0030188325, -0.0027789862, -0.0026530747, -0.0023906534, -0.0021235638, -0.0019964902, -0.0017941428, -0.0017492524
0, 0, 0, 0, 0, 0, 0, 0, 0, 0, 0, 0, 0, 0, 0, 0, 0, 0, 0, 0, 0, 0, 0, 0, 0, 0, 0, 0, -0.00171904, -0.0016135381, -0.0014940525, -0.0015045782, -0.0016489722, -0.0018730715, -0.0020982777, -0.0021977369, -0.0023632501, -0.002490182, -0.0025440105, -0.002640332, -0.0027245553, -0.0027604443, -0.0028112566, -0.002822655, -0.0027851646, -0.0027477248, -0.0026396054, -0.0024997161, -0.0024225798, -0.0022618745, -0.0020975429, -0.0019279144, -0.0018385713, -0.0016444159, -0.0014217997, -0.0012986172, -0.0010295224, -0.0007385162, -0.00058847264, -0.0002885636, 2.4992582e-06, 0.0002802755, 0.00041427056, 0.0006762879, 0.00093657325, 0.0010677689, 0.001333974, 0.0016027775, 0.0018661611, 0.0019924524, 0.0022268994, 0.0024308807, 0.002520026, 0.0026738555, 0.002800095, 0.0029070126, 0.0029558006, 0.0030474307, 0.003131753, 0.0031701364, 0.0032334113, 0.0032699555, 0.003275118, 0.0032546697, 0.0031910834, 0.0030872263, 0.0030221757, 0.0028715376, 0.0027000292, 0.002608347, 0.0024150412, 0.0022078182, 0.0019841571, 0.0018648033, 0.0016098147, 0.0013327106, 0.0011867224, 0.0008836209, 0.00057194923, 0.00041545523, 0.000105251595, -0.00019767639, -0.0004936438, -0.00064029376, -0.00093478133, -0.0012363847, -0.0013913397, -0.0017106371, -0.0020409618, -0.0023770214, -0.0025446403, -0.0028734065, -0.0031866843, -0.0033352843, -0.0036136576, -0.0038646401, -0.00397969, -0.004189317, -0.00437226, -0.0045293355, -0.004598392, -0.004718163, -0.0048143165, -0.004854014, -0.004917898, -0.0049630795, -0.004991676, -0.005000263, -0.0050057378, -0.0049940865, -0.004980938, -0.0049379067, -0.0048697954, -0.004825692, -0.0047167884, -0.004581756, -0.004423074, -0.0043358705, -0.0041480707, -0.0039439425, -0.0038360278, -0.0036083697, -0.0033632633, -0.0030988138, -0.0029592344, -0.0026668855, -0.0023670068, -0.0022231247, -0.0019902573, -0.0019295034
0, 0, 0, 0, 0, 0, 0, 0, 0, 0, 0, 0, 0, 0, 0, 0, 0, 0, 0, 0, 0, 0, 0, 0, 0, 0, 0, -0.0011553225, -0.0011520031, -0.0010771257, -0.0010528989, -0.0010810851, -0.0012116752, -0.0014034238, -0.001608809, -0.001705854, -0.00187673, -0.002014747, -0.0020737646, -0.0021780997, -0.0022709258, -0.0023132013, -0.0023858575, -0.002431778, -0.002438191, -0.002423768, -0.0023602338, -0.002255874, -0.0021925592, -0.0020517297, -0.0019015461, -0.001746949, -0.001667459, -0.0014984311, -0.0013091125, -0.0012040046, -0.0009713633, -0.0007105489, -0.0005721354, -0.00028637884, 6.1997304e-07, 0.00028069847, 0.0004170574, 0.0006833993, 0.00094591593, 0.0010779856, 0.0013469065, 0.0016224291, 0.0018991943, 0.002034995, 0.002293967, 0.0025267475, 0.0026306936, 0.0028121942, 0.0029607725, 0.0030835462, 0.0031383461, 0.0032396957, 0.0033348417, 0.0033802981, 0.003463984, 0.0035308525, 0.003554772, 0.0035780254, 0.0035631403, 0.0035089052, 0.0034680255, 0.0033624563, 0.0032308935, 0.0031573256, 0.002996262, 0.0028166268, 0.00261637, 0.0025073497, 0.0022700494, 0.0020063394, 0.001865351, 0.0015680754, 0.0012561341, 0.0010972663, 0.0007782053, 0.0004619551, 0.00015133685, -2.0854739e-06, -0.00030732944, -0.00061363034, -0.0007682907, -0.0010818017, -0.0014011614, -0.0017242272, -0.0018859915, -0.002207322, -0.0025219354, -0.002675593, -0.0029741689, -0.00325914, -0.0033959514, -0.0036568088, -0.003897911, -0.0041154954, -0.004214229, -0.0043890555, -0.004532086, -0.0045916233, -0.0046877484, -0.004755962, -0.0048006517, -0.004815686, -0.004832742, -0.0048338324, -0.0048281765, -0.0048031723, -0.0047574975, -0.004725894, -0.00464367, -0.004535301, -0.0044013844, -0.004325324, -0.004156735, -0.0039677713, -0.0038662034, -0.003649439, -0.0034135391, -0.003157454, -0.0030215513, -0.002735434, -0.0024394616, -0.002296447, -0.0020639412, -0.0020051412
0, 0, 0, 0, 0, 0, 0, 0, 0, 0, 0, 0, 0, 0, 0, 0, 0, 0, 0, 0, 0, 0, 0, 0, 0, 0, 0, -0.00069195125, -0.000683, -0.0006438727, -0.0006387898, -0.0006581904, -0.0007423596, -0.00087541254, -0.0010354811, -0.0011181369, -0.0012755898, -0.001412446, -0.0014715908, -0.0015753587, -0.0016648901, -0.0017063821, -0.00178359, -0.0018487313, -0.0018918851, -0.0019018701, -0.0018937276, -0.0018468736, -0.0018101127, -0.0017152011, -0.0016002131, -0.001473462, -0.0014071508, -0.0012676361, -0.0011151435, -0.0010320339, -0.00084837445, -0.00063928356, -0.0005255951, -0.0002835281, -2.9275747e-05, 0.00022858926, 0.00035673063, 0.00060948735, 0.0008585394, 0.0009828834, 0.0012339677, 0.0014905386, 0.0017516037, 0.0018824693, 0.0021395201, 0.0023824684, 0.0024957873, 0.002702181, 0.0028794138, 0.0030288773, 0.0030946299, 0.00321208, 0.0033154862, 0.003363204, 0.003451026, 0.003526169, 0.0035575063, 0.0036038738, 0.0036241258, 0.0036150282, 0.0035991739, 0.0035462512, 0.0034678704, 0.003420146, 0.0033086855, 0.0031767853, 0.0030226351, 0.0029365197, 0.0027448942, 0.0025264719, 0.0024075403, 0.0021515917, 0.0018749094, 0.001730299, 0.0014321267, 0.0011261967, 0.000816799, 0.0006617028, 0.00035196633, 4.4199114e-05, -0.00010863149, -0.00041104207, -0.00070860004, -0.0010001453, -0.0011437614, -0.0014269522, -0.001705893, -0.0018443171, -0.0021201735, -0.0023958273, -0.0025334328, -0.002806796, -0.0030733047, -0.003326331, -0.0034453408, -0.003663465, -0.003850821, -0.003931831, -0.0040680766, -0.0041716173, -0.004246357, -0.0042745094, -0.004315099, -0.0043373457, -0.0043420116, -0.0043379394, -0.0043145935, -0.0042949184, -0.004238142, -0.0041568475, -0.0040508653, -0.0039889887, -0.0038486728, -0.003688055, -0.0036008311, -0.0034133876, -0.0032081455, -0.002984265, -0.0028649475, -0.0026122062, -0.0023481664, -0.0022199608, -0.002012845, -0.0019704239
0, 0, 0, 0, 0, 0, 0, 0, 0, 0, 0, 0, 0, 0, 0, 0, 0, 0, 0, 0, 0, 0, 0, 0, 0, 0, -0.0002653294, -0.0003162976, -0.0003080135, -0.000276776, -0.00025750013, -0.000258428, -0.00028766066, -0.00035694122, -0.00046156498, -0.0005229054, -0.0006520476, -0.0007750325, -0.0008297523, -0.0009234633, -0.0009989605, -0.001032114, -0.001095327, -0.0011572295, -0.0012158976, -0.001241702, -0.0012799806, -0.0012926579, -0.0012874664, -0.0012533476, -0.0011904753, -0.0011058373, -0.0010578263, -0.0009530375, -0.0008393566, -0.0007788587, -0.0006482048, -0.0005011446, -0.0004203827, -0.00024343973, -4.8061378e-05, 0.00016061301, 0.0002679212, 0.00048490806, 0.00070123153, 0.0008086945, 0.0010223279, 0.0012367564, 0.0014543378, 0.0015646232, 0.0017874853, 0.0020104856, 0.0021203277, 0.0023328622, 0.0025297934, 0.0027062546, 0.002785727, 0.0029266975, 0.0030448427, 0.0030960415, 0.0031850326, 0.003258208, 0.0032895962, 0.003341959, 0.0033798418, 0.0034010615, 0.003404535, 0.0033962696, 0.0033665723, 0.0033436206, 0.0032818369, 0.0031992635, 0.0030961295, 0.003036898, 0.0029032899, 0.0027488417, 0.0026640343, 0.002478343, 0.0022711705, 0.0021595024, 0.0019206803, 0.0016625421, 0.0013879327, 0.0012458372, 0.0009553354, 0.0006618123, 0.0005157651, 0.00022878381, -4.7836547e-05, -0.00031189248, -0.00043925238, -0.0006863348, -0.0009262822, -0.0010451117, -0.0012832253, -0.0015248412, -0.0016474185, -0.0018958391, -0.0021451435, -0.0023895155, -0.0025077448, -0.0027318695, -0.0029349688, -0.003027226, -0.0031917326, -0.0033292987, -0.0034413307, -0.0034883262, -0.003566034, -0.0036228728, -0.0036436333, -0.003669724, -0.003674331, -0.0036681704, -0.0036383676, -0.0035851025, -0.0035089687, -0.003462832, -0.0033557299, -0.0032306812, -0.003161965, -0.0030128334, -0.0028478557, -0.0026659677, -0.0025683641, -0.002360088, -0.0021405942, -0.0020339172, -0.0018651573, -0.0018462107
0, 0, 0, 0, 0, 0, 0, 0, 0, 0, 0, 0, 0, 0, 0, 0, 0, 0, 0, 0, 0, 0, 0, 0, 0, 0, -9.062501e-05, -5.061202e-05, -2.596594e-05, 2.448946e-05, 6.9299575e-05, 8.729313e-05, 0.00010705215, 9.533042e-05, 4.619417e-05, 8.878103e-06, -8.268167e-05, -0.00018154678, -0.00022797442, -0.000306856, -0.00036433173, -0.00038695987, -0.0004269062, -0.00046963466, -0.00052212994, -0.00055182027, -0.0006142786, -0.0006702356, -0.00069209206, -0.00071611576, -0.0007105252, -0.00067650864, -0.00065076875, -0.00058723544, -0.00051462516, -0.00047654932, -0.00039810844, -0.00031413246, -0.0002684903, -0.00016594016, -4.5006604e-05, 9.51449e-05, 0.0001716366, 0.00033383307, 0.0005014439, 0.0005851938, 0.00074972876, 0.0009094888, 0.0010670371, 0.0011464136, 0.0013098547, 0.0014823119, 0.0015723106, 0.001758364, 0.0019467989, 0.0021297757, 0.002216339, 0.0023744358, 0.002508275, 0.0025654437, 0.002661281, 0.0027360108, 0.002767495, 0.002822049, 0.0028685278, 0.0029079414, 0.0029243277, 0.0029479992, 0.0029557522, 0.0029525291, 0.0029306354, 0.002888077, 0.0028267852, 0.002790217, 0.0027072981, 0.0026132474, 0.002562434, 0.0024523796, 0.002328112, 0.0022594081, 0.002106309, 0.0019295518, 0.0017281821, 0.0016188864, 0.0013860436, 0.0011397391, 0.0010140028, 0.0007619983, 0.0005148596, 0.00027666255, 0.00016140395, -6.1687046e-05, -0.00027666535, -0.0003820981, -0.000591004, -0.0007987281, -0.0009025385, -0.0011099112, -0.0013157546, -0.0015175781, -0.0016161888, -0.001807356, -0.0019888373, -0.0020753727, -0.0022393398, -0.002390228, -0.002526626, -0.0025889697, -0.002700901, -0.002793806, -0.0028324563, -0.002893035, -0.0029303872, -0.0029402045, -0.0029423959, -0.0029223545, -0.0028818315, -0.0028544753, -0.0027868103, -0.0027031782, -0.002655653, -0.0025492145, -0.0024269992, -0.0022883378, -0.0022125472, -0.0020486263, -0.0018745058, -0.0017903065, -0.0016623692, -0.0016671804
0, 0, 0, 0, 0, 0, 0, 0, 0, 0, 0, 0, 0, 0, 0, 0, 0, 0, 0, 0, 0, 0, 0, 0, 0, 8.282164e-05, 7.5641605e-05, 0.00014439745, 0.00018388258, 0.0002597554, 0.0003314579, 0.00036524498, 0.00042403358, 0.00046044384, 0.00046341185, 0.00045128516, 0.00040366364, 0.00033713732, 0.0003025665, 0.00024068668, 0.00019654563, 0.00018120103, 0.00015862324, 0.00013499944, 9.776818e-05, 7.19471e-05, 6.08931e-06, -7.0684924e-05, -0.00010889229, -0.00017574053, -0.00021981409, -0.00023638316, -0.00023485976, -0.00021736592, -0.00018937643, -0.00017444784, -0.00014635446, -0.00012124529, -0.00010848775, -7.785433e-05, -3.35889e-05, 3.119942e-05, 7.1982075e-05, 0.00016856556, 0.00027823568, 0.0003350846, 0.000447162, 0.0005521344, 0.00064957276, 0.0006966623, 0.0007924253, 0.0008971049, 0.0009549601, 0.0010838886, 0.0012284911, 0.0013825821, 0.0014602192, 0.0016098799, 0.0017440586, 0.0018034143, 0.0019055463, 0.0019870254, 0.0020217157, 0.0020831744, 0.002139011, 0.0021923408, 0.0022179603, 0.0022643341, 0.002299938, 0.0023118015, 0.0023211292, 0.0023103997, 0.002281591, 0.0022620405, 0.0022160762, 0.002165679, 0.0021398086, 0.0020872683, 0.0020316225, 0.0020011042, 0.0019307461, 0.0018430139, 0.0017334915, 0.0016699506, 0.001525804, 0.0013614526, 0.0012732707, 0.0010883757, 0.0008964788, 0.00070176815, 0.0006043121, 0.00041033336, 0.00021857818, 0.0001238883, -6.2210136e-05, -0.00024277305, -0.00033043692, -0.0004995737, -0.0006597204, -0.00081129465, -0.0008842852, -0.001026298, -0.0011651135, -0.0012340473, -0.0013715411, -0.0015085507, -0.0016428415, -0.0017080322, -0.0018314485, -0.0019418673, -0.0019908708, -0.0020748042, -0.0021384628, -0.0021627147, -0.0021965285, -0.0022122453, -0.002211606, -0.002205666, -0.0021831554, -0.002146264, -0.0021222185, -0.002062191, -0.0019852503, -0.0018905518, -0.001836489, -0.0017162714, -0.0015865482, -0.0015245322, -0.0014368315, -0.00146388
0, 0, 0, 0, 0, 0, 0, 0, 0, 0, 0, 0, 0, 0, 0, 0, 0, 0, 0, 0, 0, 0, 0, 0, -1.0042162e-05, 7.5832075e-05, 0.00017138354, 0.00027919238, 0.00033249974, 0.00043263007, 0.0005278426, 0.0005744561, 0.0006634917, 0.00073928235, 0.0007905576, 0.00080403883, 0.00080615585, 0.0007809488, 0.0007619083, 0.0007211014, 0.00068668736, 0.0006739724, 0.0006553894, 0.00063869124, 0.00061119604, 0.000590146, 0.000530903, 0.00045126252, 0.00040674536, 0.00031719657, 0.00023827462, 0.00017890596, 0.00015747681, 0.00012804146, 0.00010924159, 0.00010077051, 8.034619e-05, 5.2799867e-05, 3.689966e-05, 4.7820754e-06, -1.948733e-05, -2.6404554e-05, -2.1438347e-05, 6.4359388e-06, 5.383399e-05, 8.193915e-05, 0.00014091145, 0.00019590161, 0.00024190433, 0.00026156203, 0.00029767895, 0.00033646883, 0.00035966258, 0.0004180082, 0.0004951563, 0.00058918423, 0.0006410934, 0.0007487454, 0.00085475505, 0.00090498914, 0.0009973111, 0.0010780108, 0.0011145484, 0.0011825004, 0.0012473668, 0.001311527, 0.0013434531, 0.0014057278, 0.001461268, 0.0014848933, 0.0015206191, 0.0015390866, 0.0015412208, 0.0015372443, 0.0015225973, 0.0015039496, 0.0014945979, 0.0014775231, 0.0014630503, 0.0014561773, 0.001440891, 0.0014194107, 0.0013874514, 0.0013664217, 0.0013125123, 0.0012425155, 0.0012013679, 0.0011075389, 0.0009988934, 0.0008770815, 0.0008116918, 0.00067330967, 0.00052707, 0.0004522954, 0.00030231857, 0.00015570242, 8.503118e-05, -4.861369e-05, -0.00017069714, -0.00028185477, -0.00033421206, -0.00043489717, -0.0005338202, -0.000583881, -0.00068672874, -0.00079377554, -0.00090374815, -0.00095886353, -0.0010664157, -0.0011670325, -0.0012136439, -0.0012978025, -0.0013694506, -0.0014006862, -0.0014544758, -0.0014979369, -0.0015317885, -0.0015452491, -0.0015646986, -0.001572699, -0.001571729, -0.0015582265, -0.001527739, -0.0014791077, -0.0014481243, -0.0013743654, -0.0012917604, -0.0012530392, -0.001207266, -0.0012572544
0, 0, 0, 0, 0, 0, 0, 0, 0, 0, 0, 0, 0, 0, 0, 0, 0, 0, 0, 0, 0, 0, 0, -0.00016407885, -9.749843e-05, 4.9575036e-05, 0.00019961268, 0.0003428229, 0.00040928985, 0.0005327892, 0.0006476846, 0.0007039945, 0.00081530295, 0.00092195626, 0.0010148307, 0.0010530365, 0.0011074595, 0.0011316625, 0.0011335147, 0.0011233027, 0.0011031833, 0.0010923911, 0.0010719934, 0.0010517159, 0.0010249439, 0.0010065652, 0.00095518416, 0.0008832231, 0.00084063376, 0.0007467966, 0.0006507209, 0.0005620884, 0.0005222683, 0.0004512676, 0.00038838616, 0.00035772103, 0.00029346938, 0.00022172165, 0.00018277382, 0.00010111289, 2.152186e-05, -4.726683e-05, -7.494166e-05, -0.00011428041, -0.00013291831, -0.00013577101, -0.00013413627, -0.00012959905, -0.00012945833, -0.00013216099, -0.00014281804, -0.00015643757, -0.00016226595, -0.00016733796, -0.00015959526, -0.00013635315, -0.000119102646, -7.543573e-05, -2.3344066e-05, 4.6441432e-06, 6.2354644e-05, 0.00012087496, 0.00015014192, 0.00020967296, 0.0002708365, 0.00033446235, 0.00036715373, 0.00043320723, 0.0004974107, 0.0005277401, 0.00058243686, 0.00062698784, 0.00066047953, 0.0006734206, 0.00069269957, 0.0007057368, 0.00071087544, 0.0007198712, 0.0007286137, 0.00073331606, 0.00074376137, 0.00075493916, 0.00076609966, 0.00077121996, 0.00077940966, 0.00078348425, 0.000783149, 0.0007757104, 0.00075682625, 0.00072373584, 0.000701304, 0.0006443667, 0.00057264423, 0.00053210364, 0.00044425798, 0.00035183152, 0.00030546827, 0.00021520574, 0.00013002958, 5.1225674e-05, 1.36941035e-05, -5.8797184e-05, -0.00012997632, -0.00016583559, -0.00023920609, -0.0003148028, -0.00039195156, -0.0004306019, -0.00050652964, -0.00057908706, -0.0006136392, -0.0006791386, -0.000740323, -0.0007696103, -0.0008262503, -0.000880727, -0.0009328142, -0.0009575608, -0.0010031471, -0.0010416163, -0.0010572847, -0.0010798756, -0.0010886665, -0.0010826936, -0.001074242, -0.001047368, -0.001013252, -0.0009984141, -0.0009953803, -0.0010689939
0, 0, 0, 0, 0, 0, 0, 0, 0, 0, 0, 0, 0, 0, 0, 0, 0, 0, 0, 0, 0, 0, -0.000545024, -0.00030794472, -0.00019945177, -1.9917261e-05, 0.00014921594, 0.0003123304, 0.0003894229, 0.0005323729, 0.00066353806, 0.0007268147, 0.00085177727, 0.0009775246, 0.001100077, 0.0011573255, 0.0012580911, 0.0013333787, 0.0013598666, 0.0013915644, 0.001399491, 0.0013970629, 0.0013839629, 0.0013643051, 0.0013385616, 0.0013228019, 0.0012819014, 0.0012251993, 0.0011901258, 0.0011075735, 0.0010127724, 0.0009123118, 0.00086166884, 0.00076228764, 0.0006653306, 0.00061710057, 0.0005185682, 0.00041452734, 0.00035965952, 0.0002449358, 0.00012682933, 1.1369089e-05, -4.3467768e-05, -0.0001432627, -0.0002280213, -0.00026445062, -0.00032722566, -0.00038063314, -0.00042996366, -0.00045475288, -0.0005059764, -0.0005597714, -0.0005869073, -0.00063952873, -0.00068638206, -0.0007242731, -0.00073923153, -0.00076066755, -0.0007713037, -0.0007725615, -0.00076763605, -0.0007532903, -0.00074282975, -0.00071542215, -0.00068030244, -0.0006385417, -0.0006154566, -0.00056553603, -0.00051144895, -0.00048327015, -0.00042599856, -0.00036855377, -0.00031248675, -0.00028550514, -0.0002345019, -0.00018863457, -0.00016799557, -0.00013126753, -0.00010066491, -8.722981e-05, -6.244814e-05, -3.8479113e-05, -1.203579e-05, 2.91151e-06, 3.7421814e-05, 7.81187e-05, 0.00010050239, 0.00014725818, 0.00019324345, 0.00023366812, 0.00025036564, 0.00027452328, 0.00028496629, 0.00028481046, 0.00027438786, 0.000252147, 0.00023751939, 0.00020257592, 0.00016248573, 0.000118964745, 9.6242264e-05, 4.982221e-05, 2.3490497e-06, -2.1578542e-05, -6.9283684e-05, -0.00011615814, -0.00016157537, -0.00018362052, -0.00022637134, -0.00026777302, -0.00028818348, -0.0003293516, -0.00037214387, -0.0003944411, -0.00044134213, -0.0004908411, -0.0005416556, -0.000567011, -0.00061642966, -0.00066237495, -0.0006835162, -0.0007212417, -0.00075157365, -0.0007737747, -0.00078169885, -0.0007915881, -0.0007973645, -0.0008024458, -0.00083495403, -0.000928266
0, 0, 0, 0, 0, 0, 0, 0, 0, 0, 0, 0, 0, 0, 0, 0, 0, 0, 0, 0, 0, 0, -0.0005759489, -0.0003869242, -0.00030260705, -0.00014744348, 1.0386152e-05, 0.00017412686, 0.00025541635, 0.00041048625, 0.0005529275, 0.000620151, 0.0007513765, 0.0008829435, 0.0010173236, 0.0010849484, 0.0012155168, 0.0013319133, 0.0013816884, 0.0014604647, 0.0015103418, 0.0015252166, 0.0015384648, 0.001536535, 0.0015247059, 0.0015161507, 0.0014929045, 0.0014586569, 0.0014361605, 0.0013778604, 0.001301274, 0.0012085844, 0.001157443, 0.0010486856, 0.0009349406, 0.0008769873, 0.0007591747, 0.00063830515, 0.00057599205, 0.00044641652, 0.0003096475, 0.00016736548, 9.49232e-05, -4.964684e-05, -0.00019030678, -0.0002579026, -0.00038550992, -0.00050201867, -0.00060804345, -0.0006577955, -0.0007525911, -0.0008432992, -0.0008877913, -0.00097539794, -0.0010606309, -0.001142339, -0.0011812926, -0.0012541597, -0.0013188849, -0.0013477949, -0.0013974495, -0.0014357757, -0.0014505725, -0.0014716109, -0.0014817037, -0.0014819503, -0.0014787639, -0.0014657154, -0.0014437847, -0.0014293384, -0.0013932226, -0.0013470142, -0.0012917382, -0.0012612599, -0.0011966154, -0.0011303646, -0.001097846, -0.001036392, -0.0009819865, -0.00095775886, -0.0009149044, -0.0008774983, -0.0008417464, -0.00082320726, -0.00078200456, -0.0007330436, -0.0007050177, -0.0006422782, -0.00057183777, -0.00049692293, -0.00045903656, -0.00038487668, -0.00031603323, -0.00028466707, -0.00022961751, -0.00018636444, -0.00016949931, -0.00014536596, -0.00013343203, -0.0001325118, -0.00013546114, -0.00014666785, -0.00016255895, -0.00017142383, -0.00018946054, -0.00020646576, -0.00022188186, -0.00022909987, -0.00024335617, -0.00025873844, -0.00026745076, -0.00028782702, -0.00031285163, -0.0003271988, -0.0003589406, -0.00039371927, -0.00042945374, -0.00044718853, -0.0004817919, -0.00051483116, -0.00053079386, -0.0005617934, -0.00059185945, -0.0006208414, -0.0006347455, -0.00066097395, -0.0006869336, -0.00070254336, -0.0007536629, -0.00085629546
0, 0, 0, 0, 0, 0, 0, 0, 0, 0, 0, 0, 0, 0, 0, 0, 0, 0, 0, 0, 0, -0.0008524525, -0.0006322345, -0.00049315667, -0.00043880267, -0.00033026162, -0.00020366795, -5.647611e-05, 2.1600608e-05, 0.00017793334, 0.00032611165, 0.00039564498, 0.00052777363, 0.00065598416, 0.0007874017, 0.00085521647, 0.0009945721, 0.0011326907, 0.0011983865, 0.0013169384, 0.001411795, 0.0014491738, 0.0015044339, 0.0015377826, 0.0015556267, 0.0015602997, 0.0015634196, 0.0015577741, 0.0015505527, 0.0015246349, 0.0014793617, 0.001412502, 0.0013712096, 0.0012752438, 0.001166071, 0.0011082726, 0.000989137, 0.0008672208, 0.00080500613, 0.00067682174, 0.0005409933, 0.00039458828, 0.0003169876, 0.00015359174, -1.8636152e-05, -0.00010640786, -0.00028193445, -0.00045205504, -0.0006120805, -0.0006873952, -0.00082859775, -0.00095870753, -0.0010205277, -0.0011398018, -0.0012554395, -0.0013691841, -0.0014251439, -0.0015349148, -0.0016398598, -0.0016900188, -0.0017840181, -0.0018685911, -0.0019070507, -0.0019760896, -0.0020346572, -0.0020831563, -0.002103858, -0.0021379706, -0.0021620293, -0.0021697017, -0.0021751309, -0.0021659671, -0.0021410706, -0.0021227926, -0.0020759588, -0.0020178743, -0.0019858829, -0.0019189363, -0.0018515784, -0.0018189669, -0.001757392, -0.001701161, -0.0016497526, -0.0016252577, -0.0015767214, -0.0015263746, -0.0014996631, -0.0014417239, -0.0013764916, -0.0013035105, -0.0012642448, -0.0011812303, -0.0010942018, -0.0010501626, -0.0009629359, -0.0008799727, -0.0008411234, -0.0007705246, -0.0007106611, -0.0006620381, -0.0006417967, -0.0006082699, -0.0005824198, -0.0005715026, -0.00055245316, -0.00053572067, -0.0005208309, -0.0005142304, -0.00050347514, -0.0004972277, -0.00049619796, -0.0004986631, -0.0005066662, -0.0005125045, -0.00052639254, -0.0005415637, -0.00055590563, -0.0005624773, -0.0005740774, -0.0005844721, -0.0005896212, -0.00060111046, -0.00061519863, -0.00063252106, -0.00064214185, -0.0006625616, -0.00068534527, -0.0006999993, -0.000749454, -0.00084889267
0, 0, 0, 0, 0, 0, 0, 0, 0, 0, 0, 0, 0, 0, 0, 0, 0, 0, 0, 0, 0, -0.0008172117, -0.0007039683, -0.00062508037, -0.00059656217, -0.00053513906, -0.00044803828, -0.00033008447, -0.0002618444, -0.00011586605, 3.0829895e-05, 0.00010089208, 0.00023325867, 0.00035678496, 0.0004790282, 0.00054193195, 0.0006744712, 0.0008149342, 0.0008867907, 0.0010279468, 0.0011570514, 0.0012147784, 0.0013129568, 0.0013879021, 0.0014430449, 0.001464362, 0.0014983562, 0.0015224909, 0.0015309169, 0.0015385903, 0.0015298808, 0.0015004709, 0.001476931, 0.0014129583, 0.0013288531, 0.0012810854, 0.0011777432, 0.00106802, 0.0010116843, 0.00089592906, 0.0007740783, 0.00064195466, 0.0005708186, 0.00041648597, 0.00024580242, 0.0001550123, -3.4744957e-05, -0.00022970412, -0.00042262473, -0.00051648065, -0.0006960384, -0.00086342753, -0.0009428658, -0.0010946761, -0.0012399798, -0.0013820525, -0.0014522208, -0.0015912385, -0.0017271179, -0.0017933295, -0.0019210032, -0.00204073, -0.002097254, -0.0022033125, -0.0022998638, -0.0023874016, -0.0024281526, -0.002503744, -0.0025713046, -0.0026017516, -0.0026549292, -0.0026956694, -0.0027214594, -0.0027281365, -0.0027282876, -0.0027107736, -0.0026957341, -0.002654567, -0.0026015055, -0.0025717744, -0.0025084885, -0.0024429073, -0.002378186, -0.0023468696, -0.00228662, -0.002229909, -0.0022025334, -0.0021486022, -0.0020938264, -0.0020356497, -0.0020045736, -0.0019372503, -0.001862515, -0.0018223983, -0.0017372752, -0.0016473369, -0.0016014378, -0.0015097756, -0.001420379, -0.0013357807, -0.0012957462, -0.0012207078, -0.0011527907, -0.0011215061, -0.001063951, -0.0010128308, -0.0009680083, -0.00094797317, -0.00091294537, -0.0008848627, -0.000873385, -0.00085532706, -0.00084243657, -0.0008374604, -0.00082908495, -0.0008213057, -0.0008126685, -0.0008078153, -0.0007970654, -0.0007855762, -0.0007800213, -0.0007701099, -0.00076293014, -0.0007586442, -0.00075736945, -0.0007561888, -0.00075799634, -0.00076280267, -0.00079468946, -0.00088233885
0, 0, 0, 0, 0, 0, 0, 0, 0, 0, 0, 0, 0, 0, 0, 0, 0, 0, 0, 0, -0.0015078883, -0.0011563157, -0.0008535261, -0.00076704286, -0.00074890844, -0.00071747723, -0.0006662381, -0.00058332423, -0.00053022476, -0.00040665345, -0.00027108032, -0.0002029396, -7.148131e-05, 5.0819373e-05, 0.00016830675, 0.00022699175, 0.00034998925, 0.00048318887, 0.0005537372, 0.0007000036, 0.00084599055, 0.00091588945, 0.0010447429, 0.0011541095, 0.0012425844, 0.001279745, 0.0013426467, 0.0013937716, 0.0014158249, 0.0014532121, 0.0014793173, 0.001489432, 0.0014870731, 0.0014655933, 0.001421235, 0.0013911027, 0.0013176455, 0.0012310139, 0.0011845116, 0.0010870006, 0.0009840328, 0.0008743365, 0.00081587664, 0.000689054, 0.00054641336, 0.00046851274, 0.00030002824, 0.00011705146, -7.543676e-05, -0.00017337722, -0.0003685235, -0.0005589835, -0.0006517024, -0.0008311604, -0.0010040682, -0.0011725224, -0.001255694, -0.0014204177, -0.001582528, -0.0016622683, -0.0018175672, -0.0019657966, -0.0020366493, -0.0021706969, -0.002294498, -0.0024088353, -0.0024629864, -0.0025660326, -0.0026635693, -0.002710586, -0.002800971, -0.002885342, -0.0029613646, -0.0029952882, -0.0030525448, -0.0030929695, -0.0031060963, -0.0031174396, -0.0031090716, -0.0030980338, -0.0030639025, -0.0030168637, -0.0029611439, -0.0029313178, -0.0028702007, -0.0028098158, -0.002780533, -0.0027243968, -0.0026712632, -0.0026199303, -0.002594298, -0.0025416014, -0.0024849346, -0.0024544294, -0.0023879914, -0.002313295, -0.0022728525, -0.002186405, -0.0020938748, -0.0019975794, -0.001948836, -0.0018518694, -0.001757936, -0.0017128709, -0.0016276672, -0.0015500649, -0.0014803373, -0.001448354, -0.0013897847, -0.0013377384, -0.0013138553, -0.001269742, -0.0012295449, -0.001210624, -0.0011746555, -0.0011408137, -0.001108719, -0.0010932472, -0.0010632699, -0.0010344863, -0.0010203876, -0.0009926646, -0.00096526445, -0.0009372308, -0.0009228043, -0.00089315354, -0.0008657285, -0.0008563751, -0.00086321944, -0.00093576044
0, 0, 0, 0, 0, 0, 0, 0, 0, 0, 0, 0, 0, 0, 0, 0, 0, 0, 0, -0.0015955806, -0.0012777804, -0.0011147875, -0.0009235135, -0.00086028804, -0.00084973953, -0.0008373261, -0.00081471266, -0.0007670022, -0.00073206984, -0.0006410109, -0.00052880665, -0.00046780182, -0.00034295945, -0.00022042605, -0.000101726786, -4.3178094e-05, 7.597687e-05, 0.00020251039, 0.00026950266, 0.00041106163, 0.00055856316, 0.00063254, 0.00077508343, 0.0009048083, 0.0010172884, 0.0010669401, 0.0011540276, 0.0012284457, 0.0012622662, 0.0013245159, 0.001379692, 0.0014253516, 0.001443091, 0.0014650747, 0.0014655596, 0.001457143, 0.0014231954, 0.0013689894, 0.0013360152, 0.0012615215, 0.0011792841, 0.0010918736, 0.0010462039, 0.0009495681, 0.00084301917, 0.00078483816, 0.000656712, 0.00051125477, 0.0003488547, 0.00026215205, 8.0202895e-05, -0.00010899043, -0.0002046871, -0.00039572985, -0.0005847176, -0.0007709339, -0.00086312665, -0.001046303, -0.0012280965, -0.001318232, -0.0014960171, -0.0016687576, -0.001752236, -0.0019119362, -0.0020608346, -0.0021983413, -0.0022631793, -0.002386392, -0.002503082, -0.002559875, -0.0026716373, -0.0027818894, -0.0028901459, -0.0029429705, -0.0030437482, -0.0031347391, -0.0031752682, -0.0032440645, -0.0032942495, -0.0033120264, -0.0033327986, -0.0033347306, -0.0033197743, -0.0033068608, -0.0032723865, -0.0032289587, -0.0032050235, -0.0031544531, -0.003102338, -0.0030505639, -0.0030251525, -0.0029754036, -0.0029264092, -0.0029017646, -0.0028505411, -0.002794582, -0.00276415, -0.0026973148, -0.0026219075, -0.00253835, -0.0024940525, -0.0024019293, -0.0023076176, -0.0022606815, -0.0021687674, -0.0020811164, -0.0019982676, -0.001958502, -0.0018817273, -0.0018076596, -0.0017714105, -0.0017000014, -0.0016303032, -0.0015963633, -0.0015309026, -0.0014697871, -0.0014138801, -0.0013879793, -0.0013396096, -0.0012947046, -0.0012728308, -0.0012288247, -0.001182346, -0.0011314504, -0.0011041118, -0.0010461506, -0.0009889916, -0.0009650082, -0.00094612956, -0.0010036845
0, 0, 0, 0, 0, 0, 0, 0, 0, 0, 0, 0, 0, 0, 0, 0, 0, 0, 0, -0.0010983682, -0.0009947708, -0.0009428494, -0.00088113145, -0.0008644177, -0.0008644638, -0.0008691344, -0.00086858874, -0.00085272617, -0.00083618687, -0.0007842977, -0.0007066571, -0.00065945374, -0.0005533985, -0.00043804795, -0.00031935444, -0.00025977075, -0.00013967129, -1.579484e-05, 4.8412414e-05, 0.00018267253, 0.00032338948, 0.0003952311, 0.0005383994, 0.0006757667, 0.00080269715, 0.0008613138, 0.00096871034, 0.0010645364, 0.0011090914, 0.0011931844, 0.0012722837, 0.0013460635, 0.001379821, 0.0014384987, 0.0014804704, 0.0014936368, 0.001502691, 0.0014882371, 0.0014729224, 0.0014289117, 0.0013718053, 0.0013062379, 0.0012714401, 0.0011985118, 0.001120448, 0.001078761, 0.0009878855, 0.0008833189, 0.0007618781, 0.00069449306, 0.0005464841, 0.00038277937, 0.00029633316, 0.00011711796, -6.7029796e-05, -0.00025306304, -0.00034634734, -0.0005331837, -0.0007207221, -0.0008149322, -0.0010038092, -0.0011919272, -0.0012849141, -0.0014670949, -0.0016413024, -0.0018052876, -0.001882965, -0.002029947, -0.0021667874, -0.0022321732, -0.0023586114, -0.0024815914, -0.0026032021, -0.0026636294, -0.0027832722, -0.0029001012, -0.002956678, -0.0030640191, -0.0031614113, -0.0032056596, -0.0032832632, -0.003345191, -0.0033900205, -0.0034059072, -0.0034243392, -0.003425704, -0.0034204246, -0.0033991681, -0.0033662424, -0.0033252912, -0.003303012, -0.003256935, -0.0032110075, -0.0031885686, -0.0031444568, -0.003100387, -0.003077738, -0.0030299912, -0.0029769994, -0.002917525, -0.002885257, -0.002815829, -0.0027414514, -0.0027029666, -0.0026242726, -0.0025443297, -0.002463452, -0.0024225807, -0.0023393051, -0.0022533517, -0.0022093635, -0.002119504, -0.002028419, -0.0019831029, -0.0018944563, -0.001810382, -0.001732665, -0.0016963293, -0.0016280987, -0.0015640436, -0.0015327521, -0.0014693926, -0.00140235, -0.001329119, -0.0012898352, -0.0012067752, -0.0011233126, -0.0010863958, -0.0010443509, -0.0010884802
0, 0, 0, 0, 0, 0, 0, 0, 0, 0, 0, 0, 0, 0, 0, 0, 0, 0, 0, -0.0007921126, -0.0007535074, -0.0007476099, -0.0007554271, -0.0007740436, -0.0007835586, -0.000801413, -0.0008157967, -0.0008232016, -0.0008224061, -0.00080732343, -0.0007696855, -0.0007415991, -0.0006674911, -0.0005737045, -0.0004663763, -0.0004097818, -0.0002932929, -0.00017375774, -0.00011292276, 1.1563193e-05, 0.00014081677, 0.00020703586, 0.00034199323, 0.00047760407, 0.0006105487, 0.00067482574, 0.00079777435, 0.0009124901, 0.0009667979, 0.0010699498, 0.0011674209, 0.0012599488, 0.0013042792, 0.0013871349, 0.0014593308, 0.0014899286, 0.0015376229, 0.0015647745, 0.0015700586, 0.0015648057, 0.0015408598, 0.0015024721, 0.0014790993, 0.0014262887, 0.0013671246, 0.001335447, 0.0012672094, 0.0011906169, 0.0011026734, 0.0010536215, 0.0009437444, 0.00081782794, 0.00074905064, 0.0006014512, 0.00044342762, 0.00027824135, 0.00019364367, 2.183175e-05, -0.00015358381, -0.00024279063, -0.00042457893, -0.0006106859, -0.0007051793, -0.0008959713, -0.0010863604, -0.0012729942, -0.0013636642, -0.001537829, -0.0017009247, -0.0017781318, -0.0019242486, -0.0020608106, -0.0021902584, -0.0022529815, -0.002375887, -0.0024967848, -0.0025568511, -0.0026761629, -0.0027940583, -0.002852034, -0.0029645814, -0.003070401, -0.0031667054, -0.0032102275, -0.003285864, -0.0033443177, -0.0033664547, -0.0033961402, -0.0034070746, -0.003401692, -0.0033939737, -0.0033711297, -0.003341753, -0.0033257185, -0.003292539, -0.0032591054, -0.003242366, -0.0032084936, -0.003172912, -0.00313428, -0.0031133762, -0.0030680646, -0.0030178647, -0.0029908624, -0.002933138, -0.0028704673, -0.0028025853, -0.0027665691, -0.002689985, -0.002607316, -0.0025637536, -0.0024727553, -0.002377942, -0.0023296953, -0.0022331115, -0.0021379031, -0.0020457336, -0.0020009554, -0.0019137305, -0.0018286938, -0.0017864184, -0.0017005558, -0.0016113056, -0.0015165537, -0.0014668022, -0.0013632166, -0.0012591567, -0.0012120354, -0.0011512086, -0.0011841167
0, 0, 0, 0, 0, 0, 0, 0, 0, 0, 0, 0, 0, 0, 0, 0, 0, 0, -0.00049419043, -0.0005128777, -0.00051455, -0.0005253934, -0.0005581392, -0.0005911874, -0.0006048912, -0.00062734174, -0.00064627535, -0.0006638527, -0.000671767, -0.00068177027, -0.00067804643, -0.0006690017, -0.00063308084, -0.00057312776, -0.0004926457, -0.00044655317, -0.0003470384, -0.00024187514, -0.0001884918, -7.9974976e-05, 3.096248e-05, 8.792324e-05, 0.0002061005, 0.00032990836, 0.00045820267, 0.00052318565, 0.0006524065, 0.00077763345, 0.00083792483, 0.0009528346, 0.0010594862, 0.0011592694, 0.0012067615, 0.0012976391, 0.0013827228, 0.0014226204, 0.0014958335, 0.0015565521, 0.0015810342, 0.0016163435, 0.0016320274, 0.0016283888, 0.0016198971, 0.001591483, 0.001550362, 0.0015261138, 0.0014717464, 0.0014109802, 0.0013439823, 0.0013076653, 0.0012282698, 0.0011379773, 0.0010882264, 0.0009791445, 0.00085808686, 0.0007264436, 0.0006574011, 0.0005143353, 0.00036555622, 0.00028908963, 0.00013165362, -3.2868094e-05, -0.00011816754, -0.000294899, -0.0004790793, -0.00066844514, -0.00076390395, -0.0009534048, -0.001137587, -0.0012262766, -0.0013952365, -0.0015516534, -0.0016955368, -0.0017631184, -0.001891426, -0.0020129879, -0.0020722654, -0.002189642, -0.0023071268, -0.0023662576, -0.002485531, -0.0026051356, -0.0027235718, -0.0027812535, -0.00289173, -0.0029923774, -0.0030379756, -0.00311781, -0.0031810377, -0.0032270446, -0.003243673, -0.003265558, -0.0032738969, -0.0032739348, -0.0032677564, -0.0032554113, -0.00324762, -0.003229448, -0.0032082621, -0.0031841681, -0.0031709804, -0.0031416498, -0.0031080907, -0.0030894976, -0.003048129, -0.0030010454, -0.0029478916, -0.0029190236, -0.0028568674, -0.0027888815, -0.0027528391, -0.002676909, -0.0025962992, -0.0025542334, -0.0024671315, -0.0023763932, -0.0022823152, -0.0022341018, -0.0021356542, -0.0020347494, -0.0019834053, -0.0018786641, -0.0017710553, -0.0016599549, -0.0016028722, -0.0014857999, -0.0013693699, -0.0013159282, -0.0012430751, -0.0012685565
0, 0, 0, 0, 0, 0, 0, 0, 0, 0, 0, 0, 0, 0, 0, 0, 0, -0.00014554069, -0.00019563329, -0.00022133847, -0.00023363838, -0.00024598185, -0.00027890055, -0.00030965245, -0.0003220554, -0.0003399043, -0.00035328415, -0.00036729404, -0.000375418, -0.00039316592, -0.0004078317, -0.00041173067, -0.00040785357, -0.00038413532, -0.000339347, -0.0003099929, -0.00024084587, -0.00016307099, -0.00012248925, -4.028829e-05, 4.340028e-05, 8.650866e-05, 0.00017725278, 0.00027626878, 0.00038475773, 0.0004421336, 0.000561005, 0.0006809004, 0.0007393971, 0.0008513719, 0.00095393095, 0.0010467349, 0.0010899024, 0.0011715462, 0.0012503273, 0.0012894657, 0.0013672995, 0.0014431955, 0.0014791383, 0.001543589, 0.001593542, 0.0016250003, 0.0016331037, 0.0016343968, 0.0016173071, 0.0016031119, 0.0015658012, 0.0015203999, 0.001469687, 0.0014426592, 0.001385501, 0.0013224774, 0.0012879894, 0.0012116012, 0.0011243437, 0.0010260725, 0.0009732562, 0.0008617084, 0.0007438979, 0.00068298745, 0.0005576987, 0.00042665715, 0.00035846714, 0.00021525186, 6.1792765e-05, -0.00010237256, -0.0001881145, -0.0003650665, -0.0005459958, -0.0006364839, -0.00081438373, -0.0009847993, -0.0011447091, -0.0012202595, -0.0013627845, -0.0014946886, -0.0015572784, -0.0016774947, -0.0017927274, -0.0018492173, -0.001961077, -0.0020725997, -0.002184717, -0.0022409454, -0.0023534643, -0.0024647228, -0.0025192173, -0.0026245073, -0.0027224722, -0.0028103415, -0.00284971, -0.0029180436, -0.002971727, -0.0029930284, -0.0030253255, -0.0030454532, -0.0030515322, -0.0030568687, -0.0030545339, -0.003045949, -0.0030395845, -0.0030227609, -0.0030005688, -0.002987276, -0.0029564598, -0.0029199761, -0.0028783157, -0.0028557943, -0.002808044, -0.002757143, -0.0027306234, -0.0026752749, -0.0026161682, -0.0025846802, -0.0025170092, -0.0024419164, -0.0023582196, -0.002313019, -0.002216371, -0.0021125202, -0.002058507, -0.0019473619, -0.0018332286, -0.001716987, -0.0016579392, -0.0015380727, -0.0014194456, -0.0013648345, -0.0012891659, -0.0013128615
0, 0, 0, 0, 0, 0, 0, 0, 0, 0, 0, 0, 0, 0, 0, 0, 0, 0.00011030465, 8.390281e-05, 8.8621164e-05, 0.00010073623, 0.00010011695, 8.803157e-05, 7.249379e-05, 6.6264656e-05, 5.918286e-05, 5.717794e-05, 5.4317563e-05, 5.1180148e-05, 3.991432e-05, 2.3731298e-05, 1.5033123e-05, 1.5581909e-06, -1.9876456e-06, 9.161395e-06, 2.0472307e-05, 5.3583237e-05, 9.6251e-05, 0.00011972214, 0.00016829059, 0.00021751891, 0.00024269948, 0.00029632822, 0.00035780476, 0.0004298488, 0.00047012, 0.0005577359, 0.0006509392, 0.0006978934, 0.00078884815, 0.000871645, 0.0009440107, 0.00097655127, 0.001036432, 0.0010933329, 0.0011223507, 0.0011837912, 0.0012504171, 0.0012850804, 0.0013543821, 0.0014180375, 0.0014698803, 0.0014898324, 0.0015159796, 0.0015242558, 0.0015221789, 0.0015080497, 0.0014841411, 0.0014536683, 0.001436659, 0.0013996637, 0.0013576935, 0.0013342568, 0.0012810085, 0.001217752, 0.001144149, 0.0011038058, 0.0010173675, 0.0009253034, 0.00087802514, 0.0007819373, 0.00068382884, 0.0006335686, 0.00052961486, 0.00041852164, 0.00029781522, 0.00023333955, 9.608341e-05, -5.122795e-05, -0.00012793354, -0.000285195, -0.0004450203, -0.0006037995, -0.00068183185, -0.00083372445, -0.0009783403, -0.0010475626, -0.0011792874, -0.0013014146, -0.001359036, -0.0014676622, -0.0015689762, -0.0016655294, -0.0017128608, -0.0018074097, -0.0019035982, -0.0019527135, -0.0020531742, -0.0021552432, -0.0022565217, -0.0023057156, -0.002398655, -0.002481444, -0.002518225, -0.0025816974, -0.002631898, -0.0026521925, -0.0026839587, -0.00270538, -0.0027179047, -0.0027211746, -0.0027219479, -0.0027151837, -0.0027089773, -0.0026911458, -0.002666407, -0.0026362105, -0.0026195801, -0.0025842083, -0.002546963, -0.0025277915, -0.0024883212, -0.0024462636, -0.0024237058, -0.0023739939, -0.0023162372, -0.0022486572, -0.00221096, -0.0021279368, -0.002035925, -0.0019871613, -0.0018856713, -0.0017804194, -0.0016724564, -0.0016175203, -0.0015058189, -0.0013946757, -0.0013436005, -0.0012739393, -0.0013016836
0, 0, 0, 0, 0, 0, 0, 0, 0, 0, 0, 0, 0, 0, 0, 0, 0.00045379222, 0.0003519708, 0.00035852208, 0.00041829154, 0.00047850204, 0.00049994414, 0.000525404, 0.0005366066, 0.00054024893, 0.0005471748, 0.00055545004, 0.00056304166, 0.00056527526, 0.00056435354, 0.0005551059, 0.0005477723, 0.00052999007, 0.0005121837, 0.0004996347, 0.0004962262, 0.00049619045, 0.00050401536, 0.000509789, 0.00052285433, 0.0005360716, 0.00054239685, 0.00055569847, 0.0005729331, 0.00059753336, 0.00061353314, 0.0006533177, 0.00070142694, 0.0007274169, 0.00078028726, 0.00082993874, 0.00087286014, 0.00089133234, 0.0009231629, 0.00095099164, 0.00096498354, 0.0009954217, 0.0010319893, 0.0010528112, 0.0010987533, 0.0011467586, 0.0011920102, 0.0012120453, 0.0012444173, 0.0012654773, 0.0012718878, 0.0012772626, 0.0012745535, 0.0012656729, 0.0012592607, 0.0012422615, 0.001218794, 0.0012041432, 0.0011679408, 0.0011219031, 0.0010658671, 0.0010345253, 0.0009666441, 0.0008940985, 0.00085707725, 0.00078265456, 0.00070875953, 0.00067209895, 0.0005987972, 0.00052362966, 0.0004444818, 0.00040257722, 0.0003132678, 0.00021567328, 0.00016348845, 5.250072e-05, -6.712649e-05, -0.0001947464, -0.00026104087, -0.0003974867, -0.0005362267, -0.0006055875, -0.00074149726, -0.0008702619, -0.0009309328, -0.0010432957, -0.0011431352, -0.001231875, -0.0012728918, -0.0013509225, -0.001427193, -0.0014657705, -0.0015456122, -0.0016298633, -0.0017176545, -0.0017620934, -0.0018500014, -0.0019337725, -0.0019731568, -0.002045465, -0.002108741, -0.0021369231, -0.0021866402, -0.002228294, -0.0022625593, -0.0022769603, -0.0023000613, -0.002315132, -0.0023194968, -0.0023217965, -0.002315564, -0.0023021887, -0.00229317, -0.0022716532, -0.0022463736, -0.002232613, -0.0022030803, -0.0021706682, -0.0021531098, -0.0021142466, -0.0020692605, -0.0020169385, -0.001987868, -0.0019239156, -0.0018527505, -0.0018146966, -0.0017344065, -0.0016489064, -0.0015584978, -0.0015113901, -0.0014137706, -0.0013152295, -0.0012700122, -0.0012110354, -0.0012455131
0, 0, 0, 0, 0, 0, 0, 0, 0, 0, 0, 0, 0, 0, 0, 0, 0.00063285755, 0.0006035775, 0.0006430484, 0.0007596644, 0.000872712, 0.000919334, 0.0009907299, 0.0010370123, 0.0010532147, 0.0010769025, 0.001093533, 0.0011058277, 0.0011101551, 0.0011145163, 0.0011109633, 0.0011058737, 0.001089447, 0.001066032, 0.0010393744, 0.0010258164, 0.0010000548, 0.0009771197, 0.00096663146, 0.00094685634, 0.0009264324, 0.00091555965, 0.0008923086, 0.0008678092, 0.0008450964, 0.00083523005, 0.00082088955, 0.0008142825, 0.0008137269, 0.00081708643, 0.00082389853, 0.000830533, 0.0008330342, 0.00083518645, 0.00083361554, 0.0008317776, 0.0008274182, 0.0008244033, 0.0008241235, 0.0008271435, 0.00083511235, 0.00084687956, 0.0008535738, 0.00086695194, 0.0008786468, 0.00088373694, 0.0008919107, 0.00089740456, 0.0008994679, 0.00089923106, 0.0008948906, 0.0008843638, 0.00087628706, 0.0008540405, 0.0008231977, 0.00078393536, 0.0007615527, 0.00071246375, 0.00065926806, 0.00063158106, 0.00057537097, 0.0005189457, 0.00049090886, 0.00043556737, 0.00038123643, 0.00032739123, 0.00030057263, 0.0002466008, 0.0001916114, 0.0001631584, 0.000103253034, 3.7061207e-05, -3.8045786e-05, -7.969303e-05, -0.00017131788, -0.0002736913, -0.00032816475, -0.00044148957, -0.00055655005, -0.0006130921, -0.0007210921, -0.00081953744, -0.0009068131, -0.00094640366, -0.0010187849, -0.0010847871, -0.0011163745, -0.0011786469, -0.0012413639, -0.0013055346, -0.0013379494, -0.0014028234, -0.0014666569, -0.0014977527, -0.0015578892, -0.001615053, -0.0016424458, -0.0016951028, -0.0017449692, -0.0017917627, -0.0018137863, -0.0018541131, -0.0018882718, -0.0019026806, -0.0019255397, -0.0019400807, -0.0019465485, -0.0019469073, -0.0019424206, -0.0019314424, -0.0019237257, -0.0019041582, -0.0018795986, -0.0018656024, -0.0018342973, -0.0017986653, -0.0017591156, -0.0017378975, -0.0016927123, -0.0016437308, -0.0016175144, -0.0015609717, -0.0014978516, -0.0014269142, -0.001388255, -0.0013051525, -0.0012190825, -0.0011796836, -0.0011312229, -0.001171796
0, 0, 0, 0, 0, 0, 0, 0, 0, 0, 0, 0, 0, 0, 0, 0.0009642914, 0.0008106552, 0.00085727597, 0.0009235123, 0.0010832882, 0.0012394513, 0.0013088182, 0.0014244497, 0.0015087608, 0.0015402635, 0.0015854598, 0.0016130419, 0.001628696, 0.0016334116, 0.001637349, 0.0016345544, 0.0016301348, 0.0016142257, 0.0015882391, 0.0015527871, 0.0015320311, 0.0014861868, 0.0014369083, 0.001411747, 0.0013611102, 0.0013098277, 0.0012837218, 0.0012293153, 0.0011710228, 0.0011092839, 0.0010775585, 0.0010143328, 0.00095395336, 0.00092581706, 0.0008749133, 0.00083168596, 0.00079498114, 0.0007784847, 0.00074710295, 0.0007154083, 0.0006985874, 0.0006619444, 0.0006212298, 0.00059972185, 0.0005564474, 0.00051571877, 0.00048026035, 0.00046506996, 0.00044017378, 0.0004221815, 0.0004154771, 0.00040554677, 0.00039853278, 0.0003924651, 0.0003892632, 0.00038137523, 0.00037061263, 0.00036408467, 0.0003485319, 0.00032958045, 0.00030730807, 0.00029506185, 0.00026860286, 0.000239115, 0.00022315595, 0.00018854134, 0.00015014796, 0.00012974537, 8.720226e-05, 4.350633e-05, 8.184593e-07, -1.941089e-05, -5.6547557e-05, -8.838699e-05, -0.000102301376, -0.00012693633, -0.00014991807, -0.0001749968, -0.00018963717, -0.00022534582, -0.00027144703, -0.00029881712, -0.00036183413, -0.00043406428, -0.00047259493, -0.0005520242, -0.0006313747, -0.00070742564, -0.00074349623, -0.0008111323, -0.0008726839, -0.000901302, -0.0009543934, -0.0010030015, -0.0010478457, -0.0010691498, -0.0011098522, -0.001149013, -0.0011683551, -0.001207333, -0.0012473899, -0.0012681279, -0.0013108652, -0.0013551508, -0.0014000243, -0.0014222189, -0.00146508, -0.0015045821, -0.0015225922, -0.0015546426, -0.0015811501, -0.0016016705, -0.0016096819, -0.001620977, -0.0016256591, -0.0016253524, -0.0016195208, -0.0016069416, -0.0015983474, -0.0015773032, -0.0015524322, -0.0015253791, -0.0015112938, -0.0014824518, -0.0014521007, -0.001435792, -0.0013994197, -0.0013556724, -0.0013020365, -0.0012711481, -0.0012018753, -0.0011279254, -0.0010942114, -0.0010558866, -0.0011013896
0, 0, 0, 0, 0, 0, 0, 0, 0, 0, 0, 0, 0, 0, 0, 0.0010032691, 0.0009575543, 0.0010709706, 0.0011558373, 0.0013431774, 0.001527289, 0.0016126934, 0.0017642846, 0.0018856308, 0.001934026, 0.0020081196, 0.002054963, 0.0020813535, 0.002088939, 0.0020958632, 0.0020937724, 0.0020896888, 0.0020740791, 0.002046567, 0.0020053873, 0.0019794516, 0.0019179835, 0.0018461833, 0.0018078977, 0.0017281807, 0.0016471434, 0.0016064137, 0.0015238827, 0.0014384037, 0.001347121, 0.0012990247, 0.0011980425, 0.0010929676, 0.0010401752, 0.0009367392, 0.0008400227, 0.0007524776, 0.000712375, 0.0006384971, 0.0005701857, 0.0005367334, 0.000468279, 0.00039508464, 0.0003563124, 0.00027551377, 0.0001929083, 0.00011307629, 7.557491e-05, 7.857229e-06, -4.9106784e-05, -7.352922e-05, -0.00011567388, -0.0001509593, -0.00018206799, -0.00019680236, -0.00022550707, -0.0002523707, -0.00026495615, -0.00028740295, -0.000305247, -0.0003181874, -0.00032298127, -0.00033008296, -0.00033607284, -0.00033957424, -0.0003497658, -0.00036562668, -0.00037607967, -0.00040183487, -0.00043248845, -0.00046497106, -0.00048080803, -0.000509171, -0.0005311611, -0.0005390405, -0.00054829643, -0.00054978894, -0.0005455727, -0.0005423851, -0.000535926, -0.00053198787, -0.00053200044, -0.0005375781, -0.00055173575, -0.0005622431, -0.0005901213, -0.00062593335, -0.00066803634, -0.0006906906, -0.0007377751, -0.0007850076, -0.00080785865, -0.0008505395, -0.0008879472, -0.0009193995, -0.0009329308, -0.00095621566, -0.0009762532, -0.0009857783, -0.0010051607, -0.0010265675, -0.0010383973, -0.0010643883, -0.001093046, -0.0011232131, -0.0011383573, -0.0011679879, -0.0011959355, -0.0012091312, -0.0012340114, -0.0012572767, -0.0012790466, -0.0012893477, -0.0013083768, -0.0013242979, -0.0013305518, -0.00133903, -0.0013412324, -0.0013399234, -0.0013330866, -0.0013218351, -0.0013080637, -0.0013006859, -0.0012854302, -0.0012690156, -0.0012599697, -0.0012385532, -0.0012103564, -0.0011724835, -0.0011494807, -0.0010959089, -0.0010373472, -0.0010110714, -0.0009857619, -0.0010377574
0, 0, 0, 0, 0, 0, 0, 0, 0, 0, 0, 0, 0, 0, 0.0010458207, 0.0009595491, 0.0010230086, 0.0011886604, 0.0012872611, 0.0014914426, 0.0016910752, 0.0017862486, 0.0019627179, 0.0021148855, 0.0021802073, 0.002286983, 0.0023631032, 0.00241229, 0.0024288523, 0.0024494054, 0.0024564662, 0.0024558043, 0.0024451227, 0.0024204748, 0.0023787902, 0.0023509588, 0.0022806977, 0.0021935985, 0.0021451206, 0.0020418281, 0.0019339958, 0.0018796265, 0.001770915, 0.0016609493, 0.0015463581, 0.001486278, 0.0013585759, 0.0012210881, 0.0011492834, 0.0010023594, 0.000855826, 0.0007153725, 0.0006487132, 0.00052362215, 0.00040889415, 0.00035461853, 0.0002492403, 0.00014430276, 9.0948124e-05, -1.8616289e-05, -0.00013106558, -0.00024312844, -0.00029761784, -0.00040075436, -0.0004938281, -0.00053614797, -0.0006129888, -0.00068133057, -0.00074407546, -0.00077399996, -0.00083162624, -0.00088482205, -0.00090921833, -0.0009517668, -0.0009838417, -0.0010041012, -0.0010098233, -0.0010136282, -0.0010099142, -0.0010065711, -0.0009997614, -0.0009956441, -0.0009954266, -0.0009995063, -0.0010088829, -0.0010218609, -0.0010289167, -0.0010423147, -0.0010526153, -0.0010559161, -0.0010578044, -0.0010525282, -0.001039932, -0.0010308936, -0.0010076904, -0.0009786801, -0.00096260983, -0.00092901423, -0.0008959247, -0.00088058936, -0.00085427955, -0.0008359526, -0.0008273577, -0.000826703, -0.0008324141, -0.00084535, -0.0008536539, -0.0008716696, -0.00088897854, -0.00090343837, -0.00090918445, -0.00091776514, -0.0009232322, -0.0009252631, -0.0009291538, -0.0009339859, -0.00093706493, -0.00094471505, -0.0009537166, -0.0009629318, -0.0009673193, -0.0009751615, -0.0009818038, -0.0009849076, -0.0009913954, -0.0009994935, -0.0010102509, -0.0010168218, -0.0010322718, -0.0010495322, -0.0010582684, -0.0010746495, -0.001087777, -0.0010926619, -0.001098622, -0.0011000634, -0.0010980333, -0.0010960903, -0.0010907525, -0.0010837368, -0.0010794413, -0.00106832, -0.001052369, -0.0010295255, -0.00101503, -0.0009800406, -0.0009414317, -0.0009249586, -0.00091687945, -0.0009786183
0, 0, 0, 0, 0, 0, 0, 0, 0, 0, 0, 0, 0, 0.0008114324, 0.00079107063, 0.0008176439, 0.00096683356, 0.0011735754, 0.001282739, 0.0014992201, 0.00170703, 0.0018069318, 0.0019966355, 0.0021692542, 0.002247256, 0.0023835402, 0.0024912865, 0.002571011, 0.002601339, 0.0026456823, 0.0026716657, 0.002678758, 0.002681248, 0.002667005, 0.0026332422, 0.0026082434, 0.0025406994, 0.002451316, 0.002399361, 0.0022846814, 0.0021601769, 0.0020961468, 0.001966621, 0.0018362612, 0.0017030761, 0.0016340608, 0.0014889943, 0.001331587, 0.0012482062, 0.0010729362, 0.0008906545, 0.0007074244, 0.00061744696, 0.000443501, 0.00027994608, 0.00020236877, 5.4457243e-05, -8.651413e-05, -0.0001554022, -0.00029200688, -0.0004279567, -0.00056286796, -0.000629301, -0.00075779564, -0.0008785367, -0.0009354787, -0.0010421473, -0.0011402084, -0.0012315008, -0.0012751996, -0.0013591038, -0.0014380213, -0.0014750707, -0.0015427712, -0.0015994608, -0.0016428959, -0.0016592098, -0.0016814376, -0.0016912242, -0.0016922363, -0.0016886914, -0.0016801413, -0.0016748407, -0.0016632073, -0.0016512384, -0.001639245, -0.0016334059, -0.0016220441, -0.0016110289, -0.0016055644, -0.0015943837, -0.0015823148, -0.0015675006, -0.0015584086, -0.0015353934, -0.0015044335, -0.0014855269, -0.0014409055, -0.0013881428, -0.0013595684, -0.0012999875, -0.001241043, -0.0011866286, -0.0011621107, -0.0011196509, -0.0010861537, -0.0010725703, -0.0010505976, -0.0010336573, -0.00101969, -0.0010133113, -0.0010009689, -0.000988858, -0.0009828345, -0.0009710781, -0.0009600498, -0.0009548915, -0.00094504765, -0.0009352918, -0.0009247919, -0.0009190461, -0.0009065301, -0.0008930974, -0.000886354, -0.0008738528, -0.00086391886, -0.0008581984, -0.00085736695, -0.00085988076, -0.0008675748, -0.00087296247, -0.00088572234, -0.00089922454, -0.00090553, -0.00091618387, -0.0009236822, -0.0009276895, -0.0009285202, -0.0009281028, -0.00092537503, -0.00092329195, -0.0009177717, -0.00091000507, -0.00089908263, -0.0008919853, -0.0008744188, -0.0008553059, -0.000848606, -0.0008580189, -0.00093034824
0, 0, 0, 0, 0, 0, 0, 0, 0, 0, 0, 0, 0, 0.00040720205, 0.00044098523, 0.00058518344, 0.00079573324, 0.0010289854, 0.0011448879, 0.0013679488, 0.0015776623, 0.0016775968, 0.001868707, 0.0020472675, 0.0021307964, 0.0022841194, 0.0024153509, 0.002521696, 0.002565633, 0.0026356485, 0.0026842356, 0.0027012764, 0.0027216927, 0.0027238594, 0.0027060504, 0.0026887632, 0.002636994, 0.0025613157, 0.002514951, 0.0024073725, 0.0022840241, 0.0022182553, 0.002081186, 0.0019400166, 0.0017954736, 0.0017215266, 0.001567486, 0.00140312, 0.001315898, 0.0011316362, 0.00093584124, 0.0007327371, 0.00063007727, 0.00042568275, 0.00022639077, 0.00012985218, -5.6047378e-05, -0.00023288268, -0.0003183331, -0.00048412936, -0.0006447805, -0.0008011942, -0.0008777995, -0.0010269575, -0.0011696913, -0.0012381584, -0.001368735, -0.0014906982, -0.0016045646, -0.0016587671, -0.0017623974, -0.0018601438, -0.001906754, -0.0019951605, -0.0020755138, -0.0021461458, -0.0021773377, -0.002230665, -0.0022714166, -0.0022869096, -0.0023085568, -0.0023178873, -0.0023181236, -0.0023102877, -0.0022925255, -0.0022664906, -0.0022513052, -0.0022181578, -0.0021840446, -0.0021674226, -0.0021365648, -0.0021094452, -0.002085382, -0.0020739692, -0.0020505066, -0.002023276, -0.002007176, -0.0019681554, -0.0019188303, -0.0018902168, -0.001825893, -0.0017543347, -0.001678848, -0.0016407388, -0.0015658444, -0.0014947056, -0.0014611846, -0.0013988366, -0.0013430086, -0.0012934672, -0.0012708724, -0.0012295472, -0.0011924878, -0.0011753446, -0.0011431767, -0.0011134106, -0.0010991731, -0.0010716486, -0.0010452043, -0.001019222, -0.0010062854, -0.0009804714, -0.0009550354, -0.0009425106, -0.00091829395, -0.0008957268, -0.0008759246, -0.00086735527, -0.00085338246, -0.0008442146, -0.00084149244, -0.00083944265, -0.00084122474, -0.0008430054, -0.000847244, -0.00085113716, -0.0008533223, -0.00085351476, -0.0008519891, -0.0008482244, -0.0008457373, -0.000840208, -0.00083440234, -0.0008281666, -0.0008245879, -0.0008162838, -0.0008082734, -0.0008073605, -0.0008273894, -0.0009062249
0, 0, 0, 0, 0, 0, 0, 0, 0, 0, 0, 0, 0, 8.231991e-05, 0.00016033708, 0.0003432844, 0.00056131906, 0.0007906163, 0.00090381084, 0.0011205204, 0.0013218042, 0.0014172147, 0.0015984679, 0.001769035, 0.0018503078, 0.002004104, 0.0021434196, 0.0022641784, 0.0023168412, 0.002405613, 0.002472397, 0.0024980877, 0.00253525, 0.0025541664, 0.0025554744, 0.0025488487, 0.0025209538, 0.0024718635, 0.0024389708, 0.0023566862, 0.0022544921, 0.002196867, 0.0020709652, 0.001934613, 0.0017913183, 0.0017173884, 0.0015650397, 0.0014051886, 0.0013216541, 0.0011465725, 0.0009603244, 0.0007641922, 0.0006630506, 0.00045695846, 0.00024866036, 0.0001447903, -6.0273356e-05, -0.00026042882, -0.00035826646, -0.0005491464, -0.00073380413, -0.00091221515, -0.0009993183, -0.0011685172, -0.0013312085, -0.0014097594, -0.0015607784, -0.0017027603, -0.0018354502, -0.0018981642, -0.002017218, -0.0021284174, -0.0021815463, -0.0022830677, -0.0023787136, -0.0024686048, -0.002511236, -0.002590994, -0.002662307, -0.002694137, -0.0027488058, -0.0027897214, -0.0028043818, -0.0028216476, -0.002822465, -0.0028077334, -0.002795185, -0.0027619314, -0.0027210782, -0.002699135, -0.002654637, -0.002611823, -0.0025726098, -0.002554412, -0.0025203829, -0.0024878068, -0.0024712225, -0.0024355685, -0.0023944217, -0.0023709976, -0.0023179264, -0.0022558658, -0.0021855053, -0.0021476536, -0.0020678148, -0.0019844363, -0.0019422603, -0.0018585168, -0.0017773793, -0.0017005532, -0.0016641057, -0.0015953444, -0.0015319965, -0.0015022539, -0.00144614, -0.0013939288, -0.0013691763, -0.001322155, -0.0012786824, -0.0012388687, -0.0012203931, -0.0011859981, -0.001154597, -0.0011397196, -0.0011110654, -0.0010828341, -0.0010545338, -0.0010403229, -0.0010122369, -0.0009856544, -0.0009734275, -0.000951915, -0.0009352238, -0.0009286095, -0.000918432, -0.00091107853, -0.00090477, -0.0009013869, -0.000893561, -0.00088410766, -0.0008787843, -0.0008675053, -0.00085613946, -0.00084495003, -0.00083933206, -0.0008277636, -0.000817848, -0.00081628765, -0.00083540246, -0.0009137303
0, 0, 0, 0, 0, 0, 0, 0, 0, 0, 0, 0, -0.0002787412, -0.000115992756, -4.2190735e-05, 0.00011550538, 0.00029615182, 0.00049120915, 0.00059013895, 0.00078325067, 0.0009652977, 0.0010514699, 0.0012145714, 0.0013674195, 0.0014407535, 0.0015824443, 0.0017161116, 0.0018386092, 0.0018945211, 0.0019931765, 0.0020718928, 0.0021037927, 0.0021536057, 0.0021863757, 0.0022042117, 0.0022077668, 0.0022045118, 0.0021858073, 0.0021698782, 0.0021238136, 0.0020572988, 0.0020163814, 0.0019194072, 0.0018054362, 0.0016784761, 0.0016113551, 0.0014719927, 0.0013269044, 0.0012523253, 0.0010985674, 0.0009376444, 0.0007684556, 0.0006805466, 0.00049809035, 0.00030800255, 0.00021059107, 1.2544505e-05, -0.00018770451, -0.00028805938, -0.00048776146, -0.0006846442, -0.00087740854, -0.0009719538, -0.0011566512, -0.0013350489, -0.001421734, -0.0015891878, -0.0017479303, -0.001897093, -0.001967857, -0.002101934, -0.0022263415, -0.0022852307, -0.002396794, -0.0025013539, -0.0026001926, -0.0026476956, -0.0027393089, -0.0028260744, -0.0028673452, -0.0029443614, -0.0030124073, -0.00304218, -0.0030920925, -0.0031272753, -0.0031464526, -0.0031497916, -0.0031446293, -0.003125134, -0.0031107806, -0.003074832, -0.0030323314, -0.0029861683, -0.0029626598, -0.0029161987, -0.0028713644, -0.0028497295, -0.0028076528, -0.0027662066, -0.0027451855, -0.0027012972, -0.0026531268, -0.0025987774, -0.002569021, -0.0025037732, -0.0024317584, -0.0023935454, -0.0023138514, -0.0022315588, -0.0021486639, -0.0021075122, -0.0020264713, -0.0019478593, -0.0019095723, -0.0018351396, -0.0017636854, -0.0017291987, -0.0016633639, -0.0016024314, -0.0015477238, -0.0015228938, -0.0014782217, -0.0014393908, -0.0014216431, -0.0013881613, -0.0013555269, -0.0013215679, -0.0013036773, -0.0012660817, -0.0012269933, -0.0012074864, -0.0011701, -0.0011366442, -0.0011218553, -0.001096209, -0.0010752279, -0.0010572908, -0.0010488321, -0.00103171, -0.0010133551, -0.001003456, -0.0009821688, -0.0009594915, -0.0009356344, -0.00092331396, -0.00089803693, -0.0008746664, -0.00086682674, -0.0008750273, -0.00094663515
0, 0, 0, 0, 0, 0, 0, 0, 0, 0, 0, 0, -0.00042246925, -0.00028003103, -0.00022499381, -0.00011684471, 7.993096e-06, 0.00015198597, 0.0002288939, 0.0003854866, 0.0005390512, 0.0006130883, 0.0007535031, 0.0008851228, 0.0009486325, 0.0010729615, 0.0011946039, 0.0013121576, 0.0013684115, 0.0014720784, 0.0015603967, 0.0015977998, 0.0016590154, 0.001703631, 0.0017349522, 0.0017464139, 0.0017627836, 0.0017701727, 0.0017700336, 0.0017599098, 0.0017337565, 0.001713419, 0.0016569407, 0.0015794027, 0.0014834658, 0.0014299265, 0.0013148746, 0.0011932865, 0.0011308808, 0.0010039193, 0.0008738097, 0.000738805, 0.00066865317, 0.0005220454, 0.00036597135, 0.00028427446, 0.00011401016, -6.39767e-05, -0.00015528355, -0.00034081913, -0.00052861753, -0.0007167176, -0.0008101844, -0.0009950795, -0.0011762963, -0.0012653298, -0.0014395403, -0.001607727, -0.0017686974, -0.0018461134, -0.0019944534, -0.0021333138, -0.0021991096, -0.0023230372, -0.0024371403, -0.0025420913, -0.0025916377, -0.0026855308, -0.0027739862, -0.0028165425, -0.002898828, -0.0029775526, -0.003015391, -0.0030875963, -0.0031531143, -0.0032096184, -0.003233621, -0.0032711898, -0.0032934512, -0.0032984917, -0.003296359, -0.0032791353, -0.003248979, -0.0032300702, -0.003186897, -0.0031396495, -0.0031154742, -0.0030677642, -0.0030220405, -0.003000079, -0.0029576526, -0.0029159917, -0.0028731443, -0.0028506424, -0.0028024744, -0.0027493734, -0.0027207735, -0.002659748, -0.0025940284, -0.0025244497, -0.0024885032, -0.0024146775, -0.0023389254, -0.0023005493, -0.0022230856, -0.0021453013, -0.0021066081, -0.002030542, -0.0019576363, -0.0018898604, -0.0018582285, -0.0018000117, -0.0017480763, -0.0017241326, -0.0016794046, -0.0016369945, -0.0015948837, -0.0015733237, -0.0015288581, -0.0014828477, -0.0014596105, -0.0014137796, -0.0013704641, -0.0013502713, -0.0013131519, -0.0012803484, -0.001250771, -0.0012367561, -0.0012089974, -0.001180087, -0.0011647836, -0.0011319971, -0.0010961271, -0.0010570426, -0.0010363659, -0.000993387, -0.00095174805, -0.0009351408, -0.0009279759, -0.0009905582
0, 0, 0, 0, 0, 0, 0, 0, 0, 0, 0, 0, -0.0005149031, -0.00043644305, -0.00040736882, -0.0003529597, -0.00028516687, -0.00019580683, -0.00014375141, -2.9994737e-05, 8.9423236e-05, 0.00014904246, 0.00026456226, 0.00037477765, 0.000428504, 0.00053508516, 0.0006433335, 0.00075392734, 0.0008092645, 0.00091690145, 0.0010153614, 0.0010591674, 0.0011348428, 0.0011936149, 0.0012383057, 0.001256688, 0.0012878407, 0.0013140949, 0.0013257024, 0.0013442774, 0.0013536527, 0.0013533921, 0.0013398909, 0.0013062863, 0.0012524606, 0.0012184705, 0.0011391623, 0.001049178, 0.001001787, 0.00090424094, 0.00080435834, 0.00070165476, 0.0006485929, 0.0005375854, 0.0004178728, 0.00035443495, 0.00022015076, 7.673997e-05, 2.151465e-06, -0.0001517688, -0.00031053566, -0.00047245985, -0.0005541344, -0.00071821746, -0.00088287564, -0.00096528773, -0.0011298673, -0.0012936454, -0.0014553203, -0.001535034, -0.0016911806, -0.001841178, -0.0019134264, -0.0020510298, -0.002178196, -0.0022941527, -0.0023478547, -0.002447392, -0.0025378494, -0.0025802276, -0.0026614, -0.0027397953, -0.0027786964, -0.0028569344, -0.0029356317, -0.0030135612, -0.003051397, -0.003122585, -0.0031843414, -0.003210619, -0.0032519076, -0.0032767802, -0.0032847791, -0.0032828627, -0.0032687348, -0.0032434831, -0.0032277936, -0.00319241, -0.0031540615, -0.0031345214, -0.0030956778, -0.003057547, -0.003020221, -0.0030015914, -0.00296372, -0.0029242535, -0.0029037045, -0.0028604465, -0.0028140398, -0.0027640462, -0.0027375887, -0.002681696, -0.002621953, -0.0025907524, -0.0025258292, -0.0024578609, -0.0024229477, -0.0023517804, -0.0022799144, -0.0022086322, -0.0021736186, -0.002105352, -0.0020401815, -0.0020088588, -0.0019489089, -0.0018923206, -0.0018384111, -0.0018122321, -0.0017610281, -0.0017108123, -0.0016859763, -0.0016370039, -0.0015894164, -0.0015662238, -0.0015213223, -0.0014783574, -0.0014372114, -0.0014171408, -0.0013773037, -0.0013367515, -0.0013157763, -0.0012717631, -0.0012240428, -0.0011719994, -0.0011442574, -0.001085846, -0.0010278826, -0.001003169, -0.000981682, -0.0010365169
0, 0, 0, 0, 0, 0, 0, 0, 0, 0, 0, -0.00089067983, -0.00066859566, -0.00059097423, -0.00057716726, -0.0005635345, -0.0005428797, -0.00050239096, -0.0004741818, -0.0004041312, -0.00032198493, -0.0002784249, -0.00019077421, -0.0001039801, -6.0668262e-05, 2.7212012e-05, 0.00011979127, 0.00021937818, 0.00027176875, 0.00037934803, 0.00048538795, 0.0005357196, 0.0006269455, 0.000702963, 0.00076415995, 0.0007901485, 0.00083559536, 0.00087668136, 0.00089651166, 0.0009355684, 0.0009719586, 0.0009880961, 0.001012764, 0.0010231981, 0.0010159016, 0.0010052716, 0.0009708203, 0.00092166604, 0.0008929338, 0.00082966214, 0.0007613799, 0.0006894115, 0.0006518466, 0.0005726916, 0.0004864111, 0.0004401806, 0.00034126834, 0.00023427956, 0.00017810722, 6.1488194e-05, -5.9497925e-05, -0.00018385692, -0.00024705683, -0.0003758627, -0.0005081332, -0.0005758188, -0.0007143832, -0.0008575026, -0.0010045443, -0.001079137, -0.0012294422, -0.001379339, -0.0014534165, -0.0015982727, -0.0017366544, -0.0018662141, -0.001927291, -0.0020412854, -0.002144458, -0.0021922316, -0.0022815235, -0.002364558, -0.002404649, -0.002483717, -0.002563195, -0.0026440069, -0.0026849515, -0.0027670772, -0.0028475067, -0.002886167, -0.0029584812, -0.0030215383, -0.0030728595, -0.003093754, -0.0031253868, -0.0031437844, -0.0031483874, -0.0031489832, -0.0031397867, -0.0031321729, -0.003112213, -0.0030878182, -0.0030608135, -0.0030467757, -0.0030180176, -0.0029887003, -0.002973763, -0.0029432636, -0.0029112506, -0.0028769856, -0.0028588676, -0.0028202946, -0.0027786219, -0.0027566568, -0.0027105084, -0.0026615327, -0.002635906, -0.0025822755, -0.0025253468, -0.0024646062, -0.0024328507, -0.0023669766, -0.0022987837, -0.0022642817, -0.0021956733, -0.0021290744, -0.0020658702, -0.0020358239, -0.0019788311, -0.0019251482, -0.0018991965, -0.0018482408, -0.0017973155, -0.0017715606, -0.0017191536, -0.0016656126, -0.0016116393, -0.0015846906, -0.0015309582, -0.0014773898, -0.0014505073, -0.001395588, -0.0013378989, -0.0012759763, -0.0012430213, -0.001173444, -0.0011030054, -0.0010718269, -0.0010387508, -0.001087704
0, 0, 0, 0, 0, 0, 0, 0, 0, 0, -0.0010792875, -0.00093906367, -0.0007516776, -0.0006979184, -0.0006962808, -0.0007098706, -0.00072223705, -0.00071961334, -0.000711156, -0.0006809598, -0.0006360611, -0.0006098575, -0.0005531709, -0.0004935476, -0.00046266292, -0.0003982833, -0.00032707842, -0.00024590828, -0.00020105865, -0.000103545826, 2.6433293e-07, 5.2607815e-05, 0.00015332135, 0.00024437273, 0.000322654, 0.00035712952, 0.00041879617, 0.0004747457, 0.0005019808, 0.0005567781, 0.00061288354, 0.0006409546, 0.00069492223, 0.00074207695, 0.0007776028, 0.0007900668, 0.0008031426, 0.00080070505, 0.00079423183, 0.00077262736, 0.00074218964, 0.0007049233, 0.00068411423, 0.0006379024, 0.0005848906, 0.000555514, 0.00049066026, 0.0004181037, 0.00037927777, 0.00029771042, 0.00021223308, 0.00012373844, 7.8461286e-05, -1.4324649e-05, -0.000111243186, -0.00016161105, -0.00026698827, -0.00037940097, -0.00049890694, -0.00056111615, -0.0006900302, -0.00082353625, -0.0008915201, -0.0010287963, -0.0011662717, -0.0013018667, -0.0013683512, -0.0014973423, -0.0016196014, -0.0016777933, -0.0017877632, -0.0018889646, -0.0019364253, -0.0020258613, -0.0021096105, -0.0021895575, -0.0022288573, -0.0023074588, -0.002387055, -0.0024273533, -0.0025089292, -0.002590829, -0.0026711093, -0.0027098556, -0.002782586, -0.0028469835, -0.0028752603, -0.0029227287, -0.0029572665, -0.0029696939, -0.0029856067, -0.0029911925, -0.0029889042, -0.0029855813, -0.0029761223, -0.0029638677, -0.0029569375, -0.0029416906, -0.0029241827, -0.0029039735, -0.0028928136, -0.0028682754, -0.0028412214, -0.002826894, -0.0027972595, -0.0027666937, -0.002750986, -0.0027182887, -0.0026825338, -0.0026419435, -0.0026194295, -0.00256952, -0.0025132054, -0.0024830417, -0.0024202028, -0.0023560831, -0.0022931884, -0.0022628142, -0.0022046526, -0.002149552, -0.0021227265, -0.0020693808, -0.002014303, -0.0019855413, -0.0019250725, -0.0018609613, -0.0017942383, -0.0017604417, -0.001692795, -0.0016259764, -0.0015929199, -0.0015268035, -0.0014593143, -0.0013879889, -0.0013503431, -0.0012707146, -0.0011890843, -0.0011519887, -0.0011079329, -0.0011511891
0, 0, 0, 0, 0, 0, 0, 0, 0, 0, -0.0008521795, -0.0008094666, -0.00073870993, -0.0007288986, -0.0007385892, -0.00076967705, -0.0008015028, -0.0008238844, -0.0008299604, -0.0008315111, -0.00081970554, -0.0008097565, -0.0007841821, -0.00075327815, -0.0007361816, -0.0006981445, -0.0006530058, -0.00059720804, -0.0005644437, -0.00048881903, -0.0004011482, -0.0003540607, -0.0002573183, -0.00016226205, -7.3457944e-05, -3.199245e-05, 4.4828757e-05, 0.000115916446, 0.00015042625, 0.0002193736, 0.0002900571, 0.00032616055, 0.0003992828, 0.0004707848, 0.0005372106, 0.0005673238, 0.00061982294, 0.00066052977, 0.00067635486, 0.00069944025, 0.0007121233, 0.0007159749, 0.00071492384, 0.00070695585, 0.0006908128, 0.000679613, 0.0006503775, 0.00061209337, 0.00059003563, 0.00054050685, 0.00048537887, 0.00042578223, 0.000394611, 0.00032958385, 0.00026064526, 0.00022444583, 0.00014802774, 6.549494e-05, -2.3428576e-05, -7.047008e-05, -0.00016926762, -0.00027412808, -0.00032876883, -0.0004423432, -0.00056160527, -0.00068615127, -0.0007500943, -0.000880603, -0.0010129003, -0.001078898, -0.001208681, -0.0013327084, -0.0013917327, -0.0015024833, -0.0016026647, -0.0016929668, -0.0017350476, -0.0018151, -0.0018924042, -0.0019311899, -0.0020107876, -0.0020949075, -0.0021839591, -0.0022299818, -0.0023234428, -0.0024158726, -0.0024604802, -0.0025442154, -0.002618091, -0.0026505908, -0.0027066723, -0.002750958, -0.002785027, -0.0027987866, -0.0028213414, -0.0028382766, -0.0028449378, -0.0028548457, -0.002859806, -0.0028595761, -0.0028574585, -0.0028494797, -0.0028373608, -0.002830138, -0.0028145842, -0.0027985652, -0.0027906524, -0.0027748665, -0.0027579244, -0.0027379466, -0.002726151, -0.0026978946, -0.0026624312, -0.0026420858, -0.00259682, -0.0025469046, -0.0024946497, -0.002468225, -0.0024154028, -0.0023627996, -0.0023363242, -0.002281864, -0.0022238183, -0.0021930174, -0.002127351, -0.0020565891, -0.00198193, -0.0019436849, -0.0018664497, -0.0017893799, -0.0017510573, -0.0016744626, -0.0015962805, -0.0015141619, -0.0014709184, -0.0013795402, -0.0012854611, -0.0012419625, -0.0011860604, -0.0012226506
0, 0, 0, 0, 0, 0, 0, 0, 0, 0, -0.0007908661, -0.0007332894, -0.00068594556, -0.0006945764, -0.0007089804, -0.00074610196, -0.0007854437, -0.0008209709, -0.00083607476, -0.0008588475, -0.00087151193, -0.00087434193, -0.0008737595, -0.00086658343, -0.0008609002, -0.0008456857, -0.00082363765, -0.0007929261, -0.0007733567, -0.0007246018, -0.0006625741, -0.00062707864, -0.00054867956, -0.00046427053, -0.00037794225, -0.00033499565, -0.00025113003, -0.00016976324, -0.00012970902, -4.992886e-05, 3.0573403e-05, 7.127908e-05, 0.0001536871, 0.00023582799, 0.00031619667, 0.0003551818, 0.00042945385, 0.00049817376, 0.00053013786, 0.0005888656, 0.00064032886, 0.0006842787, 0.00070328667, 0.00073482154, 0.00075715117, 0.000764586, 0.0007716952, 0.00076812017, 0.0007625081, 0.00074426614, 0.00071749394, 0.0006836558, 0.0006643823, 0.0006216125, 0.0005735491, 0.00054755394, 0.00049188413, 0.00043120902, 0.00036575214, 0.00033137327, 0.00025962637, 0.00018387535, 0.00014436046, 6.147863e-05, -2.8065917e-05, -0.00012576088, -0.00017809749, -0.0002901734, -0.00041155398, -0.00047529177, -0.00060684484, -0.0007405074, -0.00080672646, -0.00093541114, -0.0010560069, -0.0011667216, -0.0012182395, -0.0013143161, -0.0014031897, -0.0014459045, -0.0015301355, -0.0016156412, -0.0017045663, -0.0017506497, -0.0018457456, -0.001943459, -0.001992552, -0.0020896422, -0.002183174, -0.0022278596, -0.0023121382, -0.0023887455, -0.002457589, -0.0024892597, -0.0025474539, -0.0025992033, -0.0026225988, -0.0026645006, -0.0026992878, -0.002726312, -0.0027369293, -0.002752426, -0.0027609747, -0.002763099, -0.0027640867, -0.0027625014, -0.0027611514, -0.002758015, -0.002754228, -0.0027488684, -0.0027451755, -0.0027346415, -0.002718714, -0.002708434, -0.0026828407, -0.0026509278, -0.002613688, -0.0025933946, -0.0025499675, -0.0025032272, -0.0024785663, -0.002426183, -0.0023692683, -0.0023389806, -0.0022744152, -0.0022048233, -0.002130824, -0.0020924308, -0.0020136505, -0.0019327396, -0.0018915774, -0.0018075509, -0.0017199556, -0.0016270457, -0.0015780316, -0.00147463, -0.0013683414, -0.0013189003, -0.0012523602, -0.0012831445
0, 0, 0, 0, 0, 0, 0, 0, 0, -0.00081100187, -0.0006812008, -0.0006343528, -0.00059683295, -0.00060612964, -0.00061907654, -0.00065285095, -0.00069071195, -0.000729251, -0.0007476944, -0.00078092294, -0.00080736034, -0.00081738795, -0.0008316606, -0.00083843846, -0.0008391209, -0.0008365292, -0.00082835165, -0.0008138388, -0.0008038408, -0.00077707367, -0.0007403129, -0.00071790855, -0.0006651819, -0.00060264696, -0.0005324682, -0.0004950546, -0.00041740824, -0.0003369338, -0.00029605092, -0.00021344138, -0.00013049449, -8.899388e-05, -6.304951e-06, 7.4927026e-05, 0.00015433069, 0.00019335278, 0.00027001472, 0.0003455594, 0.00038307402, 0.00045743008, 0.00053049217, 0.00060062285, 0.00063380535, 0.0006952024, 0.00074807956, 0.0007709095, 0.00080839626, 0.0008346658, 0.000843799, 0.000854187, 0.00085527654, 0.0008479783, 0.0008413643, 0.00082240935, 0.00079560315, 0.000779376, 0.000741485, 0.00069685583, 0.000646781, 0.00062012847, 0.00056484644, 0.0005078882, 0.00047900502, 0.00041984423, 0.00035752877, 0.00028957688, 0.0002525696, 0.00017102371, 7.7939396e-05, 2.686852e-05, -8.348487e-05, -0.00020321902, -0.0002656249, -0.00039314697, -0.0005210885, -0.0006462764, -0.00070711196, -0.0008242024, -0.00093482126, -0.0009877641, -0.0010894439, -0.0011867057, -0.0012810418, -0.0013275692, -0.0014200642, -0.0015123612, -0.0015586142, -0.0016516333, -0.0017454681, -0.0017924925, -0.0018862216, -0.001978701, -0.0020686965, -0.0021124475, -0.0021967518, -0.0022760003, -0.0023133333, -0.0023830894, -0.0024455443, -0.002500084, -0.0025243352, -0.00256652, -0.002600517, -0.0026145095, -0.0026369635, -0.0026531124, -0.0026591732, -0.0026682934, -0.0026741885, -0.0026775885, -0.002678423, -0.0026780427, -0.002674226, -0.0026707053, -0.0026595201, -0.002642203, -0.0026182602, -0.0026037907, -0.002570121, -0.0025306044, -0.0025088156, -0.0024615836, -0.00240998, -0.0023826684, -0.0023251073, -0.0022635206, -0.0021975678, -0.0021628216, -0.002089704, -0.0020114183, -0.0019701791, -0.0018834138, -0.001790366, -0.0016899934, -0.0016369331, -0.0015254525, -0.0014114687, -0.0013585829, -0.001286502, -0.0013153078
0, 0, 0, 0, 0, 0, 0, 0, 0, -0.00063871505, -0.0005262365, -0.0004914428, -0.00046279505, -0.00046755202, -0.00047626242, -0.00050051534, -0.00053003104, -0.0005627349, -0.00057994167, -0.0006134043, -0.0006431664, -0.0006558726, -0.00067566975, -0.0006877176, -0.00069086946, -0.00069233135, -0.00068831275, -0.0006799021, -0.00067419244, -0.0006596954, -0.0006402987, -0.0006284093, -0.000599266, -0.00056189205, -0.00051581336, -0.0004893953, -0.00043067915, -0.00036459276, -0.00032946, -0.00025615268, -0.00018062479, -0.00014269198, -6.7765366e-05, 4.8263487e-06, 7.436353e-05, 0.00010806496, 0.00017406023, 0.0002399763, 0.00027347374, 0.00034259012, 0.00041474152, 0.000488703, 0.000525471, 0.00059695635, 0.00066303177, 0.0006932095, 0.0007467244, 0.0007906293, 0.00080915896, 0.0008397751, 0.00086332014, 0.0008804109, 0.0008865187, 0.00089339056, 0.00089189765, 0.0008874969, 0.00087098515, 0.00084402587, 0.00080746814, 0.00078633346, 0.00073981285, 0.0006905483, 0.00066563685, 0.0006162958, 0.0005673874, 0.0005178037, 0.00049194077, 0.00043621977, 0.0003728712, 0.00033769163, 0.00025926987, 0.00016973472, 0.00012090878, 1.6010434e-05, -9.700528e-05, -0.00021615531, -0.00027734702, -0.00040158635, -0.00052601466, -0.00058755616, -0.0007077184, -0.0008223813, -0.0009302207, -0.0009814481, -0.0010786828, -0.0011702814, -0.0012146252, -0.0013020756, -0.001389838, -0.0014344156, -0.0015256627, -0.0016193447, -0.0017144331, -0.0017619524, -0.0018557564, -0.001946434, -0.0019901854, -0.002073788, -0.002152042, -0.0022246898, -0.0022589222, -0.002322811, -0.00238008, -0.0024058586, -0.002451083, -0.0024874886, -0.002502353, -0.0025258893, -0.0025419954, -0.0025525838, -0.0025563026, -0.0025613934, -0.0025637457, -0.0025637792, -0.0025610242, -0.0025532013, -0.0025390899, -0.002529333, -0.0025042174, -0.002472147, -0.0024537302, -0.0024131667, -0.0023686986, -0.0023452695, -0.0022965355, -0.0022446183, -0.0021885035, -0.0021583778, -0.0020930527, -0.0020199954, -0.0019802423, -0.0018943534, -0.001800016, -0.0016974203, -0.0016431658, -0.001529851, -0.0014148953, -0.0013619155, -0.0012905403, -0.0013216061
0, 0, 0, 0, 0, 0, 0, 0, 0, -0.0004192917, -0.00034637214, -0.0003205427, -0.0002935692, -0.00028851387, -0.0002905087, -0.00030001346, -0.00031435493, -0.00033352143, -0.00034479416, -0.00036936166, -0.00039473778, -0.00040672516, -0.0004273301, -0.00044189004, -0.0004466796, -0.00045110605, -0.0004496573, -0.00044399922, -0.00044015545, -0.0004315547, -0.00042203907, -0.00041679983, -0.000404964, -0.00038962418, -0.00036884565, -0.00035564008, -0.00032326387, -0.00028208236, -0.0002585314, -0.0002061342, -0.00014872533, -0.00011882163, -5.8830265e-05, -2.226122e-07, 5.5630197e-05, 8.2340855e-05, 0.00013360247, 0.00018351922, 0.00020869279, 0.00026088985, 0.00031652607, 0.00037571683, 0.00040615027, 0.000467333, 0.0005265049, 0.0005545017, 0.00060598284, 0.0006510541, 0.00067133794, 0.00070818356, 0.0007414741, 0.0007725271, 0.0007871582, 0.00081375695, 0.0008346436, 0.0008419925, 0.0008486012, 0.00084280176, 0.0008238057, 0.000809594, 0.00077350467, 0.0007300164, 0.0007066857, 0.0006588801, 0.0006113933, 0.00056518166, 0.00054235064, 0.00049656426, 0.00044886937, 0.00042369682, 0.0003691438, 0.00030776105, 0.00027409906, 0.00020005449, 0.00011671804, 2.3545565e-05, -2.6684944e-05, -0.00013414836, -0.00024955077, -0.0003094351, -0.00043145104, -0.00055310986, -0.00067094667, -0.000727466, -0.00083464663, -0.000933913, -0.0009809543, -0.0010714459, -0.0011593027, -0.0012031094, -0.0012916715, -0.0013819822, -0.0014734081, -0.0015191425, -0.0016095741, -0.0016971906, -0.0017396443, -0.0018218374, -0.0019007619, -0.0019772365, -0.0020147772, -0.0020886108, -0.0021595121, -0.0021933273, -0.0022561888, -0.0023107354, -0.0023343368, -0.0023734309, -0.0024021654, -0.0024221216, -0.0024295107, -0.002440492, -0.0024479646, -0.0024506478, -0.0024536462, -0.00245265, -0.0024461043, -0.0024402544, -0.0024229567, -0.002398201, -0.0023833017, -0.002349431, -0.002311401, -0.0022912705, -0.002248969, -0.0022034917, -0.0021534169, -0.0021260665, -0.0020654956, -0.0019959947, -0.001957612, -0.0018736656, -0.0017807432, -0.0016798542, -0.0016267578, -0.0015163278, -0.0014050391, -0.0013540661, -0.0012867091, -0.001321436
0, 0, 0, 0, 0, 0, 0, 0, -0.00030511306, -0.00025422894, -0.00018270787, -0.00015446305, -0.00011552432, -9.214938e-05, -8.401085e-05, -7.2046714e-05, -6.500079e-05, -6.356152e-05, -6.555888e-05, -7.4611955e-05, -8.9875255e-05, -9.906426e-05, -0.000118521, -0.00013675344, -0.00014445237, -0.00015664869, -0.00016332098, -0.00016535807, -0.0001652279, -0.00016390873, -0.00016285064, -0.00016280964, -0.00016382919, -0.00016564543, -0.00016671728, -0.00016607644, -0.00016124677, -0.0001493036, -0.00014041126, -0.000116559524, -8.558214e-05, -6.80383e-05, -3.037775e-05, 8.953571e-06, 4.8064107e-05, 6.688751e-05, 0.00010295431, 0.00013727185, 0.00015405707, 0.00018773101, 0.00022292887, 0.00026037646, 0.00027978362, 0.0003195854, 0.00035897063, 0.0003779975, 0.00041383598, 0.00044629892, 0.00046135508, 0.0004898745, 0.00051777356, 0.00054665183, 0.0005615787, 0.00059213745, 0.00062145933, 0.0006347, 0.0006560904, 0.0006677689, 0.00066724984, 0.0006622092, 0.0006425637, 0.0006119798, 0.0005934141, 0.0005516633, 0.0005062182, 0.00045890553, 0.00043493282, 0.00038699567, 0.00033902307, 0.0003149443, 0.00026650802, 0.0002169882, 0.00019161041, 0.00013902351, 8.261084e-05, 2.043665e-05, -1.3525453e-05, -8.854845e-05, -0.00017411097, -0.00022082635, -0.00032127512, -0.00042879308, -0.0005397465, -0.0005953444, -0.00070458715, -0.00080959825, -0.00086014904, -0.000957587, -0.0010511323, -0.0010969697, -0.0011874847, -0.0012770081, -0.0013651444, -0.0014084541, -0.0014924702, -0.0015721963, -0.0016102925, -0.0016833539, -0.0017534781, -0.0018226645, -0.0018575162, -0.0019281314, -0.0019995742, -0.0020351755, -0.0021045473, -0.0021689024, -0.0021982247, -0.0022496579, -0.0022908256, -0.0023219397, -0.0023342334, -0.0023537723, -0.0023682604, -0.002374078, -0.0023831374, -0.0023882892, -0.0023883642, -0.0023860377, -0.0023759145, -0.002358203, -0.0023466141, -0.002318679, -0.0022854048, -0.002267159, -0.0022275974, -0.0021837086, -0.0021344295, -0.0021073292, -0.0020473078, -0.00197859, -0.001940837, -0.0018586963, -0.0017684154, -0.0016711917, -0.0016201484, -0.0015140531, -0.0014070059, -0.0013578961, -0.0012936391, -0.0013304838
0, 0, 0, 0, 0, 0, 0, 0, -0.00023674236, -0.00014328287, -5.5995664e-05, -1.9437985e-05, 4.0994408e-05, 8.9181805e-05, 0.000110077155, 0.00014781764, 0.00017963999, 0.0002041301, 0.0002129033, 0.00022260431, 0.00022146918, 0.00021711836, 0.00020223502, 0.0001818549, 0.00017079261, 0.00014862079, 0.00012909077, 0.00011312907, 0.000106326464, 9.4422205e-05, 8.310372e-05, 7.7153854e-05, 6.3698884e-05, 4.7691105e-05, 2.9340683e-05, 1.9697063e-05, 1.1132595e-06, -1.4469867e-05, -2.0239773e-05, -2.7021015e-05, -2.698424e-05, -2.4583765e-05, -1.5593972e-05, -2.3524135e-06, 1.38463e-05, 2.2386674e-05, 3.9799015e-05, 5.6890312e-05, 6.5104636e-05, 8.151247e-05, 9.815958e-05, 0.000115338946, 0.00012416327, 0.00014193713, 0.00015933102, 0.00016770218, 0.00018339862, 0.00019732869, 0.00020364311, 0.00021533415, 0.00022711224, 0.00024025829, 0.00024775875, 0.00026478563, 0.00028378097, 0.00029353893, 0.00031226658, 0.00032763058, 0.0003370849, 0.0003389526, 0.00033601592, 0.00032412168, 0.0003147801, 0.00029010655, 0.00025787434, 0.00021884785, 0.0001971377, 0.00014993879, 9.894989e-05, 7.249841e-05, 1.9157793e-05, -3.337995e-05, -5.8726117e-05, -0.000106981155, -0.00015199234, -0.00019500447, -0.0002166834, -0.0002626096, -0.00031467865, -0.00034403455, -0.00041051354, -0.00048748055, -0.00057340704, -0.00061898405, -0.0007134495, -0.0008097381, -0.0008577221, -0.0009525492, -0.001045528, -0.0010912935, -0.001181483, -0.0012700069, -0.0013564383, -0.0013984763, -0.0014793182, -0.0015548888, -0.001590503, -0.0016572624, -0.0017195588, -0.001779329, -0.0018089584, -0.0018688214, -0.0019303382, -0.0019616836, -0.0020247726, -0.0020865686, -0.0021161013, -0.0021708226, -0.0022181913, -0.002257224, -0.0022737102, -0.0023012988, -0.0023228684, -0.002331802, -0.0023464642, -0.0023567742, -0.0023620564, -0.0023624795, -0.0023582568, -0.0023465524, -0.0023377896, -0.0023147273, -0.0022848523, -0.0022675777, -0.0022285709, -0.002183834, -0.0021329224, -0.0021050493, -0.0020440186, -0.0019755221, -0.0019384383, -0.001858812, -0.0017720774, -0.0016787951, -0.0016296855, -0.0015268333, -0.0014219217, -0.0013733805, -0.0013093448, -0.0013458802
0, 0, 0, 0, 0, 0, 0, 0, -0.00016863731, -6.1373794e-05, 4.8571106e-05, 0.00010041849, 0.00019771181, 0.00028708586, 0.00032879165, 0.00040584322, 0.00047327348, 0.0005299568, 0.0005539517, 0.0005930841, 0.0006202181, 0.00062922016, 0.0006391459, 0.0006379296, 0.00063352357, 0.0006179149, 0.00059428083, 0.0005645257, 0.00054767996, 0.0005112019, 0.00047193436, 0.00045172023, 0.00041075566, 0.0003692634, 0.00032671008, 0.0003046878, 0.00025850246, 0.00020917458, 0.00018341458, 0.00013026972, 7.577059e-05, 4.8564023e-05, -4.7634076e-06, -5.53942e-05, -0.00010248505, -0.00012453366, -0.00016552772, -0.00020274128, -0.00022004422, -0.0002521367, -0.00028124813, -0.0003074177, -0.0003195006, -0.00034187475, -0.00036227627, -0.00037187448, -0.00039002596, -0.00040782624, -0.0004168758, -0.00043593344, -0.00045662175, -0.00047906986, -0.0004908153, -0.0005150018, -0.00053904345, -0.00055055326, -0.0005718618, -0.0005896875, -0.000603019, -0.00060781074, -0.00061371917, -0.00061505847, -0.00061440066, -0.00061139994, -0.00060839544, -0.0006084652, -0.0006106828, -0.0006212864, -0.0006416869, -0.00065582135, -0.0006915469, -0.00073537446, -0.00075940194, -0.0008091993, -0.0008581962, -0.0009031141, -0.0009233788, -0.00095936324, -0.0009906649, -0.0010052411, -0.0010339502, -0.0010645547, -0.0010991921, -0.001118305, -0.0011599272, -0.0012052577, -0.0012289323, -0.0012776211, -0.0013278639, -0.00135355, -0.0014065652, -0.0014627337, -0.001523018, -0.0015547344, -0.0016207332, -0.0016887186, -0.0017226713, -0.0017886776, -0.0018498563, -0.0019045403, -0.0019292303, -0.0019737862, -0.0020132083, -0.0020315202, -0.0020666416, -0.0021009007, -0.0021179195, -0.0021516585, -0.0021841615, -0.002214136, -0.0022276973, -0.002251555, -0.0022703914, -0.0022779114, -0.0022893273, -0.0022964003, -0.0022995705, -0.002299627, -0.0022964338, -0.002288097, -0.0022816826, -0.0022636394, -0.002238402, -0.0022230244, -0.0021869005, -0.0021440417, -0.0020951335, -0.0020685205, -0.002011354, -0.0019488705, -0.0019155425, -0.0018441507, -0.001765418, -0.001677857, -0.0016303883, -0.0015284388, -0.0014216438, -0.001371595, -0.0013046473, -0.0013391254
0, 0, 0, 0, 0, 0, 0, -0.00034851837, -0.00020677631, -8.342011e-05, 2.7427459e-05, 7.977936e-05, 0.00017992561, 0.00027410837, 0.00031852312, 0.00040067465, 0.00047214603, 0.00053190114, 0.00055752904, 0.00060076825, 0.00063500844, 0.0006493049, 0.00067281845, 0.00068917917, 0.00069425674, 0.00069763424, 0.00069059513, 0.00067238783, 0.0006590397, 0.0006243328, 0.0005810308, 0.0005570622, 0.000506606, 0.0004550932, 0.0004036425, 0.0003778861, 0.0003255434, 0.00027031626, 0.00024105057, 0.00017850574, 0.00011051315, 7.473826e-05, 8.023216e-07, -7.439785e-05, -0.00014853383, -0.00018465184, -0.00025433846, -0.00032033597, -0.00035193184, -0.00041242145, -0.0004695488, -0.0005232235, -0.00054874184, -0.00059662294, -0.00064030226, -0.00066039804, -0.00069746136, -0.00073087314, -0.00074649, -0.0007766362, -0.0008065783, -0.00083730655, -0.00085316354, -0.00088613125, -0.0009204546, -0.00093780784, -0.00097244175, -0.0010056577, -0.0010359962, -0.0010496639, -0.001073189, -0.0010910971, -0.0010976645, -0.001105972, -0.0011085058, -0.0011068755, -0.0011052764, -0.0011023296, -0.0011025795, -0.0011049112, -0.0011156132, -0.0011352235, -0.0011484664, -0.0011810036, -0.0012193599, -0.0012604522, -0.0012810181, -0.0013206747, -0.0013569961, -0.0013737199, -0.0014048012, -0.001433632, -0.0014616606, -0.0014757265, -0.0015040508, -0.0015327415, -0.001546995, -0.0015751265, -0.0016029136, -0.0016167752, -0.0016453342, -0.0016764369, -0.0017121483, -0.0017321842, -0.001777132, -0.001827947, -0.0018549288, -0.0019101566, -0.00196439, -0.002014523, -0.0020373322, -0.0020777779, -0.002111682, -0.0021265512, -0.0021532944, -0.0021775581, -0.0021891675, -0.0022118364, -0.0022334617, -0.0022530416, -0.0022616996, -0.0022759067, -0.002285217, -0.002288014, -0.002290007, -0.0022879743, -0.0022828253, -0.0022792327, -0.002270052, -0.002257537, -0.002249751, -0.0022301122, -0.002204498, -0.0021892348, -0.0021536283, -0.0021118624, -0.0020644236, -0.0020388786, -0.0019841553, -0.0019244957, -0.001892605, -0.0018237719, -0.0017467707, -0.0016595944, -0.0016117856, -0.0015082522, -0.0013995058, -0.0013487018, -0.0012810178, -0.0013158142
0, 0, 0, 0, 0, 0, -0.00052159233, -0.00042609492, -0.00026341563, -0.00014372123, -4.3414602e-05, 3.958478e-06, 9.617229e-05, 0.00018484285, 0.00022735949, 0.00030657256, 0.00037583808, 0.00043340473, 0.0004579658, 0.0004998503, 0.000534734, 0.0005506016, 0.0005805742, 0.00060814584, 0.0006205743, 0.0006406408, 0.000651551, 0.0006496536, 0.0006431161, 0.0006186551, 0.00058032834, 0.0005568061, 0.0005040245, 0.0004474239, 0.00039027105, 0.00036209956, 0.0003062086, 0.0002493505, 0.00021960495, 0.00015617363, 8.579253e-05, 4.7842892e-05, -3.313089e-05, -0.0001186186, -0.00020569378, -0.00024896953, -0.00033415656, -0.00041668638, -0.00045693267, -0.0005358001, -0.0006131108, -0.00068885245, -0.0007260325, -0.0007983125, -0.00086658145, -0.0008986948, -0.0009580713, -0.0010106794, -0.001034422, -0.0010776109, -0.0011165051, -0.0011525509, -0.0011700058, -0.001204765, -0.0012399442, -0.0012578242, -0.0012941757, -0.0013310593, -0.0013683118, -0.0013869056, -0.001423631, -0.0014586569, -0.0014750788, -0.0015044877, -0.0015278347, -0.0015436752, -0.0015485634, -0.0015525464, -0.0015505425, -0.0015482327, -0.0015436726, -0.0015421711, -0.0015435818, -0.0015524932, -0.0015698345, -0.0015950741, -0.0016099571, -0.001642657, -0.0016768391, -0.0016937159, -0.0017261596, -0.0017565324, -0.0017848022, -0.0017982796, -0.0018242561, -0.0018491705, -0.0018610052, -0.0018833623, -0.0019035809, -0.0019127917, -0.0019298765, -0.0019463646, -0.001964057, -0.001974003, -0.0019972639, -0.002025759, -0.0020419676, -0.0020773308, -0.0021148645, -0.0021520543, -0.0021697818, -0.0022023339, -0.002230506, -0.0022430534, -0.002265378, -0.0022851517, -0.0022943602, -0.0023117745, -0.0023275404, -0.002340629, -0.0023458288, -0.0023526067, -0.0023540482, -0.0023526996, -0.00234627, -0.002335773, -0.0023224342, -0.0023149522, -0.002298705, -0.0022803154, -0.0022699821, -0.0022462134, -0.0022172164, -0.0022004035, -0.002161963, -0.0021174573, -0.0020675687, -0.00204087, -0.001984272, -0.0019231903, -0.0018906806, -0.0018207545, -0.0017425583, -0.001653952, -0.0016053038, -0.0014998489, -0.0013891897, -0.0013376066, -0.0012690139, -0.0013036076
0, 0, 0, 0, 0, 0, -0.00051478215, -0.00046193835, -0.00034104503, -0.00024675488, -0.00016771053, -0.00012982775, -5.372559e-05, 2.2898592e-05, 6.0652397e-05, 0.0001331654, 0.0001979688, 0.00025254488, 0.0002757606, 0.00031464777, 0.00034628253, 0.00036067146, 0.0003881849, 0.0004155277, 0.0004290361, 0.00045388486, 0.00047279993, 0.00048144642, 0.0004806768, 0.00046768447, 0.00043920032, 0.000419784, 0.0003728818, 0.00031902, 0.00026259047, 0.00023429621, 0.00017838691, 0.00012273218, 9.438583e-05, 3.495631e-05, -3.0223804e-05, -6.5459e-05, -0.00014121848, -0.00022243861, -0.00030675338, -0.00034919742, -0.00043333217, -0.00051559095, -0.0005561313, -0.0006366489, -0.0007176761, -0.00080018525, -0.0008420509, -0.00092648464, -0.0010101312, -0.0010508754, -0.0011283358, -0.001198951, -0.0012311528, -0.0012895146, -0.0013398888, -0.0013840072, -0.0014042481, -0.0014419305, -0.001477134, -0.0014941376, -0.0015273934, -0.0015603728, -0.0015942815, -0.0016118961, -0.0016490154, -0.0016888411, -0.0017097263, -0.001752309, -0.0017939562, -0.0018315852, -0.001847716, -0.0018730647, -0.0018880903, -0.0018918305, -0.0018932072, -0.0018892827, -0.0018866119, -0.0018825105, -0.0018830339, -0.0018901958, -0.0018963893, -0.0019135651, -0.0019353544, -0.0019473489, -0.0019722919, -0.001997625, -0.0020228901, -0.0020355107, -0.0020611763, -0.002087407, -0.0021006707, -0.0021269305, -0.0021519128, -0.0021634449, -0.0021839412, -0.0022008854, -0.0022147945, -0.002220981, -0.0022329723, -0.0022459936, -0.002253298, -0.0022699416, -0.0022892188, -0.00231027, -0.0023210465, -0.0023424786, -0.0023628173, -0.0023724658, -0.0023905812, -0.002407473, -0.0024155031, -0.0024306457, -0.0024440845, -0.0024546254, -0.0024583968, -0.0024621405, -0.002460411, -0.0024574425, -0.002447535, -0.0024333342, -0.00241593, -0.002406326, -0.0023854992, -0.0023623614, -0.0023496742, -0.0023211641, -0.0022871902, -0.00226777, -0.0022237545, -0.0021731444, -0.0021168846, -0.0020869407, -0.0020240538, -0.0019572615, -0.0019221872, -0.00184786, -0.0017662555, -0.0016752479, -0.0016256658, -0.0015185454, -0.0014063817, -0.0013538975, -0.0012832925, -0.0013162593
0, 0, 0, 0, 0, 0, -0.0006933992, -0.0005834355, -0.00045787156, -0.00039149885, -0.00034145053, -0.0003166016, -0.0002632051, -0.0002041872, -0.00017335071, -0.00011121352, -5.2334544e-05, -6.98922e-07, 2.154367e-05, 5.877431e-05, 8.7260996e-05, 9.909718e-05, 0.00012007006, 0.00013939454, 0.00014884114, 0.00016729842, 0.0001831706, 0.00019316083, 0.0001948071, 0.00018970546, 0.0001723642, 0.00015921431, 0.00012508649, 8.3005354e-05, 3.601801e-05, 1.1702585e-05, -3.762563e-05, -8.749048e-05, -0.00011291444, -0.00016546207, -0.00022198893, -0.00025211976, -0.00031621355, -0.00038462548, -0.0004558063, -0.0004917435, -0.0005630319, -0.00063286145, -0.00066723704, -0.0007356817, -0.00080525235, -0.0008779277, -0.0009157072, -0.0009942116, -0.0010754635, -0.0011164268, -0.0011973575, -0.0012746054, -0.0013111772, -0.0013791907, -0.0014400858, -0.0014943971, -0.0015193239, -0.0015652772, -0.0016064434, -0.001625339, -0.0016599605, -0.0016908937, -0.0017192764, -0.0017331006, -0.0017612433, -0.0017921302, -0.0018091579, -0.0018470103, -0.0018896525, -0.0019351041, -0.0019577492, -0.0020005002, -0.0020367717, -0.0020515919, -0.0020738738, -0.0020867041, -0.002090219, -0.002093229, -0.0020939067, -0.002095277, -0.0020969103, -0.0021028598, -0.002112143, -0.0021179356, -0.0021311652, -0.0021461656, -0.0021631783, -0.0021726033, -0.0021938293, -0.0022183354, -0.0022319884, -0.0022613895, -0.0022923711, -0.002307753, -0.00233698, -0.0023624122, -0.002383157, -0.0023917458, -0.002405715, -0.002416512, -0.0024212727, -0.002430566, -0.0024406326, -0.0024519372, -0.0024580276, -0.0024709168, -0.002484339, -0.0024910541, -0.00250433, -0.0025171917, -0.0025234025, -0.002535208, -0.002545651, -0.0025537736, -0.0025565412, -0.0025590616, -0.002556906, -0.0025539428, -0.002544403, -0.0025305154, -0.0025128936, -0.0025028945, -0.002480578, -0.00245492, -0.0024406984, -0.002408681, -0.0023706143, -0.002348936, -0.0023000755, -0.002243995, -0.0021816145, -0.00214848, -0.002079065, -0.0020058432, -0.0019678455, -0.0018885629, -0.0018032547, -0.0017101733, -0.0016600303, -0.0015523476, -0.0014394774, -0.0013863492, -0.0013135743, -0.001344218
0, 0, 0, 0, 0, 0, -0.00071561703, -0.00065682124, -0.0005903084, -0.0005655648, -0.000549966, -0.0005404794, -0.00051471585, -0.0004794019, -0.00045866918, -0.0004129666, -0.0003651961, -0.00031974557, -0.00029906092, -0.0002634392, -0.00023607831, -0.00022536943, -0.00020872004, -0.0001961658, -0.00019065414, -0.00018004178, -0.00017035805, -0.00016249006, -0.0001599977, -0.00015904935, -0.00016487649, -0.00017054839, -0.00018747801, -0.00021113669, -0.00024010433, -0.00025615297, -0.00029062876, -0.00032771847, -0.00034734982, -0.00038881807, -0.00043374876, -0.0004576132, -0.0005079773, -0.0005610782, -0.000616072, -0.0006436777, -0.0006984712, -0.00075179676, -0.0007778607, -0.00082934584, -0.00088109745, -0.00093505497, -0.0009633102, -0.0010227051, -0.0010857371, -0.0011182753, -0.0011846211, -0.0012510628, -0.0012838682, -0.0013476686, -0.0014087833, -0.0014671419, -0.001495296, -0.0015493712, -0.0015998823, -0.0016234238, -0.0016662556, -0.0017026193, -0.0017319485, -0.0017442623, -0.0017652594, -0.0017838861, -0.0017934622, -0.0018151302, -0.0018427304, -0.0018773465, -0.001897063, -0.0019400301, -0.00198463, -0.0020064148, -0.0020466931, -0.002080641, -0.0020948485, -0.0021179533, -0.0021348572, -0.002147418, -0.0021527575, -0.0021623757, -0.002171492, -0.0021759947, -0.0021851857, -0.0021950083, -0.0022062764, -0.0022127258, -0.002228074, -0.002247508, -0.0022590184, -0.0022855208, -0.0023159094, -0.0023320236, -0.0023648327, -0.002396552, -0.0024253656, -0.0024383115, -0.0024609892, -0.002479718, -0.002487825, -0.002502301, -0.0025154604, -0.0025279534, -0.0025340507, -0.002545972, -0.002557289, -0.002562729, -0.0025728943, -0.0025818485, -0.0025858693, -0.0025930726, -0.0025987388, -0.0026026845, -0.0026038007, -0.0026039302, -0.0026006086, -0.0025974594, -0.0025882013, -0.002574818, -0.0025574332, -0.0025473128, -0.0025241894, -0.0024970365, -0.002481842, -0.0024477714, -0.0024078218, -0.0023853467, -0.0023350557, -0.002277659, -0.0022136911, -0.0021795947, -0.0021077343, -0.0020316136, -0.0019920832, -0.0019098797, -0.0018225613, -0.0017284639, -0.0016782696, -0.0015711102, -0.001458896, -0.0014060001, -0.001332897, -0.0013624767
0, 0, 0, 0, 0, 0, -0.00080971967, -0.0007767681, -0.0007539779, -0.00076359016, -0.00077772903, -0.0007825039, -0.0007843538, -0.00077587226, -0.0007678207, -0.0007451602, -0.0007163504, -0.0006844258, -0.00066829857, -0.00063789735, -0.00061165064, -0.0006006199, -0.00058273965, -0.000569308, -0.00056370255, -0.00055351405, -0.0005435611, -0.0005335746, -0.0005288, -0.00052013743, -0.00051369675, -0.00051160523, -0.00051025377, -0.00051298464, -0.0005200079, -0.0005251405, -0.00053819973, -0.0005551736, -0.0005651917, -0.0005885247, -0.0006161589, -0.0006315263, -0.00066511304, -0.0007014073, -0.00073945784, -0.0007588178, -0.00079733453, -0.00083483075, -0.0008530602, -0.0008886825, -0.000923661, -0.00095904525, -0.0009772424, -0.0010147127, -0.0010539963, -0.0010742942, -0.001115977, -0.0011588031, -0.0011806374, -0.001225043, -0.001270902, -0.0013187894, -0.0013436611, -0.0013951433, -0.001447901, -0.0014741967, -0.0015247234, -0.0015700939, -0.0016076155, -0.0016229829, -0.0016468149, -0.0016626355, -0.0016684887, -0.0016788035, -0.0016908193, -0.0017082684, -0.0017198191, -0.0017489848, -0.0017854536, -0.0018057603, -0.0018487836, -0.0018922961, -0.0019134169, -0.0019531455, -0.0019887236, -0.002020093, -0.0020344395, -0.0020606369, -0.0020839893, -0.0020947447, -0.0021146734, -0.0021328346, -0.0021496946, -0.0021578334, -0.0021741642, -0.0021918737, -0.0022015935, -0.002223366, -0.0022485256, -0.0022623914, -0.0022922405, -0.002323889, -0.0023560366, -0.002371905, -0.0024027233, -0.0024316665, -0.002445317, -0.0024709455, -0.002494398, -0.0025156208, -0.0025254155, -0.0025431255, -0.00255816, -0.0025646924, -0.002575692, -0.0025838823, -0.0025870185, -0.0025913513, -0.0025935655, -0.002593979, -0.0025934821, -0.0025907343, -0.0025852683, -0.0025813284, -0.0025707495, -0.0025562795, -0.002537734, -0.0025269326, -0.0025021897, -0.0024733252, -0.0024572862, -0.0024218545, -0.0023815776, -0.0023594361, -0.002310832, -0.0022560433, -0.0021951515, -0.0021624798, -0.0020930131, -0.0020183197, -0.0019791096, -0.0018968749, -0.0018091919, -0.0017147459, -0.0016645928, -0.0015581385, -0.0014474024, -0.0013953736, -0.0013240874, -0.0013548033
0, 0, 0, 0, 0, -0.0014699197, -0.0010808135, -0.0010029692, -0.00096306135, -0.000981871, -0.0010114401, -0.0010252338, -0.0010476378, -0.0010622918, -0.0010665477, -0.0010692893, -0.0010646591, -0.0010533731, -0.0010455742, -0.0010267765, -0.0010053522, -0.0009944368, -0.0009730468, -0.0009529391, -0.00094341, -0.000924891, -0.00090678595, -0.0008886372, -0.0008795818, -0.00086116267, -0.000842827, -0.00083384826, -0.0008165937, -0.0008009409, -0.00078731036, -0.00078130217, -0.0007712399, -0.0007640428, -0.0007618209, -0.0007604764, -0.0007637096, -0.0007672143, -0.00077755406, -0.00079185044, -0.00080914726, -0.00081858883, -0.0008385216, -0.00085872074, -0.00086872623, -0.0008884123, -0.0009077192, -0.000926969, -0.0009366394, -0.0009558845, -0.0009751209, -0.0009845834, -0.0010032186, -0.0010214391, -0.0010305966, -0.0010494506, -0.001070043, -0.0010945064, -0.0011086324, -0.0011417447, -0.0011813211, -0.0012032158, -0.0012496903, -0.0012969126, -0.0013413279, -0.0013613455, -0.0013955324, -0.0014209484, -0.0014305529, -0.0014449221, -0.0014555804, -0.0014662741, -0.0014727449, -0.0014897131, -0.0015133295, -0.0015277416, -0.0015614338, -0.0016000767, -0.001620729, -0.0016634052, -0.0017070038, -0.0017505656, -0.0017722972, -0.0018153359, -0.0018574417, -0.0018780694, -0.0019180374, -0.0019557464, -0.0019902084, -0.0020061266, -0.0020352209, -0.0020612879, -0.0020735294, -0.002097317, -0.0021214287, -0.0021340249, -0.0021609291, -0.00219064, -0.002223115, -0.002240206, -0.0022757237, -0.002311909, -0.0023300003, -0.002365419, -0.0023990343, -0.0024301233, -0.002444447, -0.002470361, -0.0024924106, -0.002501959, -0.0025181025, -0.002530249, -0.002534909, -0.002541596, -0.0025451619, -0.0025461137, -0.0025456715, -0.0025428277, -0.0025370198, -0.002532818, -0.0025216022, -0.002506353, -0.002486936, -0.0024755707, -0.0024496499, -0.0024195607, -0.0024030048, -0.0023669018, -0.0023269607, -0.0023054536, -0.0022591325, -0.0022079856, -0.002151529, -0.002121136, -0.0020559873, -0.0019846908, -0.0019466972, -0.0018659587, -0.0017783724, -0.0016832735, -0.0016326861, -0.0015258122, -0.0014156552, -0.0013643114, -0.0012951952, -0.0013277484
0, 0, 0, 0, 0, -0.0016369162, -0.0012806896, -0.0012079882, -0.0011731014, -0.001196758, -0.0012326684, -0.0012504733, -0.0012833093, -0.0013121058, -0.0013250622, -0.0013477327, -0.0013649921, -0.0013757198, -0.0013780926, -0.0013761289, -0.0013654175, -0.0013570411, -0.0013359127, -0.0013103128, -0.0012966199, -0.0012683674, -0.0012400448, -0.001212351, -0.0011987792, -0.0011718114, -0.0011446162, -0.001130882, -0.0011026898, -0.0010737488, -0.001044033, -0.001029124, -0.000998863, -0.0009689423, -0.00095447287, -0.00092703995, -0.0009027497, -0.0008919873, -0.0008737445, -0.0008596203, -0.0008494121, -0.0008456592, -0.0008402527, -0.0008369076, -0.0008357819, -0.0008344363, -0.0008343577, -0.0008356824, -0.00083686446, -0.0008399567, -0.00084344094, -0.00084513077, -0.0008479038, -0.00084930373, -0.00084941316, -0.000848333, -0.0008466553, -0.00084615865, -0.00084724074, -0.0008535206, -0.0008674128, -0.0008775101, -0.000904183, -0.0009383243, -0.0009775631, -0.0009980466, -0.0010386936, -0.0010763211, -0.0010933063, -0.00112317, -0.001147613, -0.0011682088, -0.0011777211, -0.0011964729, -0.0012168859, -0.0012282671, -0.001253893, -0.0012837528, -0.001300251, -0.0013361287, -0.0013759197, -0.0014196159, -0.0014428756, -0.0014922256, -0.0015449586, -0.0015723612, -0.0016284129, -0.0016847533, -0.0017394668, -0.0017656534, -0.0018146324, -0.0018584501, -0.0018785226, -0.0019153713, -0.0019489786, -0.0019651514, -0.001997194, -0.0020304332, -0.0020657377, -0.0020843234, -0.0021229272, -0.0021630698, -0.0021833861, -0.0022237208, -0.0022629001, -0.0023000683, -0.0023175813, -0.002350238, -0.0023794207, -0.002392703, -0.0024166224, -0.002436784, -0.002445433, -0.0024597815, -0.0024702484, -0.0024770028, -0.00247903, -0.0024804175, -0.0024778952, -0.0024751087, -0.0024663212, -0.0024532601, -0.0024356986, -0.0024252117, -0.0024008015, -0.0023718574, -0.0023557544, -0.0023205355, -0.0022814677, -0.0022605234, -0.0022156835, -0.0021667783, -0.002113219, -0.002084522, -0.0020227293, -0.0019545378, -0.0019177841, -0.0018386258, -0.0017514952, -0.0016557897, -0.0016046653, -0.0014966462, -0.0013860228, -0.0013348367, -0.0012666614, -0.0012998348
0, 0, 0, 0, 0, -0.0014994185, -0.0013475855, -0.001321034, -0.0013301969, -0.00137162, -0.0014162152, -0.0014368575, -0.0014745018, -0.0015087938, -0.0015253981, -0.0015576646, -0.0015881391, -0.0016146566, -0.0016254458, -0.0016400777, -0.0016433649, -0.001640433, -0.0016261764, -0.0016024756, -0.0015879618, -0.0015558824, -0.0015222125, -0.0014890588, -0.0014729941, -0.0014414783, -0.0014097596, -0.0013934291, -0.001358926, -0.0013213297, -0.0012804653, -0.0012588499, -0.0012135373, -0.0011660933, -0.0011419805, -0.001093615, -0.0010459231, -0.0010226752, -0.0009775079, -0.0009345897, -0.0008944133, -0.00087545434, -0.00083957525, -0.00080647034, -0.00079094974, -0.00076198974, -0.00073637086, -0.00071450695, -0.0007050708, -0.00068907376, -0.0006764693, -0.00067114196, -0.0006617946, -0.00065313256, -0.00064846344, -0.00063778495, -0.0006248995, -0.00061017094, -0.0006025794, -0.00058843754, -0.00057801243, -0.0005750363, -0.0005752818, -0.0005851541, -0.0006051834, -0.0006187273, -0.000651718, -0.0006902772, -0.0007107301, -0.00075215683, -0.0007923757, -0.00083010976, -0.00084772496, -0.0008805971, -0.0009110191, -0.0009256774, -0.00095468905, -0.0009839559, -0.000999113, -0.0010308317, -0.00106544, -0.0011039942, -0.0011250088, -0.0011709877, -0.0012224698, -0.0012502464, -0.0013094995, -0.001372684, -0.0014379036, -0.0014706915, -0.0015352077, -0.0015967805, -0.0016261438, -0.0016817254, -0.0017332134, -0.0017575963, -0.0018043623, -0.001849529, -0.0018939142, -0.0019159572, -0.001959827, -0.0020031207, -0.002024446, -0.002066055, -0.0021062314, -0.0021447686, -0.0021634316, -0.0021993592, -0.0022334976, -0.002249913, -0.002281243, -0.0023101864, -0.0023235183, -0.0023474318, -0.0023671116, -0.002382139, -0.0023879115, -0.0023958448, -0.0023990585, -0.002398935, -0.002395362, -0.0023874396, -0.002374952, -0.0023669384, -0.002347368, -0.002322709, -0.0023084844, -0.0022763857, -0.0022395148, -0.0022193228, -0.0021757318, -0.0021279256, -0.002075722, -0.0020478833, -0.001988293, -0.0019227192, -0.0018873558, -0.0018109296, -0.0017261958, -0.0016324389, -0.001582118, -0.0014753373, -0.0013658073, -0.0013152071, -0.0012480078, -0.0012808513
0, 0, 0, 0, -0.0019511387, -0.0015055405, -0.0013637355, -0.0013612183, -0.0014099285, -0.0014769079, -0.00153735, -0.0015631592, -0.0016072274, -0.0016443478, -0.0016616745, -0.001695653, -0.0017291872, -0.0017617047, -0.0017765363, -0.0018012936, -0.0018164006, -0.0018194463, -0.0018160418, -0.0018008131, -0.0017895029, -0.0017616735, -0.0017296749, -0.0016966396, -0.00168017, -0.0016471697, -0.0016131375, -0.0015951735, -0.0015561184, -0.0015119419, -0.001462372, -0.0014356464, -0.0013793862, -0.0013202527, -0.0012901215, -0.001229055, -0.0011676125, -0.0011368099, -0.0010747361, -0.0010122228, -0.00094940007, -0.0009180479, -0.00085582264, -0.00079505186, -0.00076550356, -0.00070872274, -0.0006562346, -0.0006087856, -0.0005872492, -0.0005487726, -0.0005164231, -0.0005024757, -0.0004787295, -0.0004595097, -0.00045103705, -0.00043532418, -0.00041976428, -0.00040309998, -0.00039413405, -0.00037488254, -0.00035490133, -0.0003452487, -0.00032825614, -0.0003170594, -0.00031437716, -0.00031688038, -0.00032995894, -0.00035359102, -0.00036904775, -0.00040585134, -0.00044848962, -0.0004941318, -0.0005172771, -0.0005631331, -0.0006075216, -0.0006289181, -0.0006703129, -0.0007099178, -0.00072919164, -0.00076724647, -0.0008053565, -0.0008445664, -0.0008648906, -0.0009076939, -0.0009540814, -0.0009788814, -0.0010319594, -0.0010898664, -0.0011521939, -0.0011847347, -0.0012517746, -0.0013203669, -0.0013548302, -0.00142325, -0.0014901424, -0.0015227154, -0.0015858947, -0.0016461456, -0.0017033453, -0.0017307033, -0.0017828825, -0.0018312987, -0.0018540813, -0.0018971488, -0.001937272, -0.0019753205, -0.001993903, -0.002030346, -0.0020662851, -0.0020840971, -0.0021193654, -0.0021533733, -0.0021696126, -0.0021996235, -0.0022254623, -0.002246314, -0.0022547466, -0.0022676436, -0.0022756306, -0.0022778711, -0.0022793484, -0.0022769638, -0.00227059, -0.0022658415, -0.0022526726, -0.0022343306, -0.0022230912, -0.0021962083, -0.0021633506, -0.0021447716, -0.0021036363, -0.0020576701, -0.0020073624, -0.0019806195, -0.0019237647, -0.0018619637, -0.0018289244, -0.0017578739, -0.0016792754, -0.0015921803, -0.0015451859, -0.0014449473, -0.0013414071, -0.0012934622, -0.0012301309, -0.0012637064
0, 0, 0, 0, -0.0015305396, -0.0013380663, -0.0012934762, -0.0013184858, -0.0014059125, -0.0015003375, -0.0015810664, -0.0016148179, -0.0016704976, -0.0017140814, -0.0017328867, -0.0017673194, -0.001799712, -0.0018310236, -0.0018458746, -0.0018728139, -0.0018928865, -0.0018994821, -0.0019045125, -0.0018986359, -0.0018918694, -0.0018719344, -0.0018456307, -0.0018154794, -0.0017994529, -0.0017654228, -0.0017283794, -0.0017082101, -0.0016638468, -0.001613063, -0.0015558634, -0.0015250953, -0.0014607495, -0.0013942785, -0.0013607978, -0.0012939913, -0.0012278067, -0.0011947058, -0.0011279316, -0.0010592898, -0.0009881263, -0.0009514926, -0.0008766671, -0.00080085074, -0.0007630109, -0.000688699, -0.00061761873, -0.0005511726, -0.0005199582, -0.0004619571, -0.0004102571, -0.00038696462, -0.00034557382, -0.0003112759, -0.0002966859, -0.00027228895, -0.0002532734, -0.00023807517, -0.00023132033, -0.00021830418, -0.00020436352, -0.00019685912, -0.00018091168, -0.00016490566, -0.00015105522, -0.00014591141, -0.00014054465, -0.00014361362, -0.00014886404, -0.0001671481, -0.00019543195, -0.000232332, -0.00025333147, -0.00029920848, -0.0003485943, -0.00037408032, -0.0004257006, -0.00047736973, -0.0005030542, -0.00055379455, -0.00060362386, -0.0006525316, -0.0006766596, -0.00072443485, -0.00077203516, -0.00079599477, -0.0008447346, -0.00089553365, -0.0009491993, -0.0009773572, -0.0010364554, -0.0010992915, -0.00113206, -0.0011996945, -0.0012694463, -0.0013045955, -0.0013745681, -0.001442991, -0.0015085773, -0.0015399855, -0.0015993424, -0.0016535944, -0.0016787553, -0.0017253103, -0.0017676201, -0.0018067015, -0.0018255103, -0.001862002, -0.001897679, -0.0019153086, -0.0019498762, -0.0019830912, -0.0019988946, -0.0020281794, -0.0020535092, -0.002074148, -0.002082576, -0.002095823, -0.0021047597, -0.0021077748, -0.0021113988, -0.0021121318, -0.0021098615, -0.0021074584, -0.0020995182, -0.0020869104, -0.0020786019, -0.0020574532, -0.0020300334, -0.002014016, -0.0019775878, -0.0019359421, -0.0018898587, -0.0018653603, -0.0018134463, -0.0017574904, -0.0017278579, -0.0016646602, -0.0015952092, -0.0015184961, -0.0014770088, -0.0013881373, -0.0012956442, -0.0012527374, -0.0011976572, -0.0012348577
0, 0, 0, 0, -0.0012374896, -0.0011532583, -0.0011829573, -0.0012287175, -0.0013418423, -0.0014537885, -0.0015500681, -0.0015912703, -0.0016606315, -0.0017151226, -0.0017380954, -0.001777564, -0.0018112825, -0.0018411176, -0.0018547483, -0.0018789021, -0.0018974694, -0.0019041339, -0.0019114608, -0.0019099187, -0.0019059066, -0.001891798, -0.0018704466, -0.0018430304, -0.0018273196, -0.0017921536, -0.0017517296, -0.0017293275, -0.0016797625, -0.0016235727, -0.0015611168, -0.0015279324, -0.0014591425, -0.001389095, -0.0013542008, -0.0012857632, -0.0012194515, -0.001186913, -0.0011222913, -0.0010567752, -0.0009889599, -0.0009538445, -0.00088131306, -0.0008064156, -0.00076852925, -0.00069295865, -0.00061892986, -0.00054782745, -0.0005135037, -0.00044749482, -0.00038525072, -0.00035570335, -0.0003003057, -0.0002506312, -0.00022846519, -0.00019041845, -0.00016144349, -0.00014176841, -0.00013512089, -0.00012699614, -0.00012321962, -0.000122010286, -0.00011933285, -0.00011458226, -0.00010739432, -0.00010314137, -9.427142e-05, -8.729424e-05, -8.551002e-05, -8.6990236e-05, -9.7042575e-05, -0.000116627816, -0.00013003014, -0.00016366682, -0.00020525497, -0.00022857598, -0.0002792047, -0.00033391226, -0.000362349, -0.00042065285, -0.0004799993, -0.0005394579, -0.0005689561, -0.0006268524, -0.0006829569, -0.0007101947, -0.0007631083, -0.0008143268, -0.00086463994, -0.00088972243, -0.00094061135, -0.0009931364, -0.0010203843, -0.0010770116, -0.0011367325, -0.0011675209, -0.0012302547, -0.0012936032, -0.0013562032, -0.0013868168, -0.0014458201, -0.0015012164, -0.0015273981, -0.0015764957, -0.0016215278, -0.0016628715, -0.0016823657, -0.0017193193, -0.0017539735, -0.0017704094, -0.0018013188, -0.0018295003, -0.0018423665, -0.0018654595, -0.0018847232, -0.0018999781, -0.0019061029, -0.0019156946, -0.0019219542, -0.0019240631, -0.0019264139, -0.0019266314, -0.0019245538, -0.0019225283, -0.0019160875, -0.0019058338, -0.0018990795, -0.0018818711, -0.0018595359, -0.0018463872, -0.0018162107, -0.0017812183, -0.0017418442, -0.0017207123, -0.0016756894, -0.0016267971, -0.0016008845, -0.0015456644, -0.0014853113, -0.0014188234, -0.0013830201, -0.0013062458, -0.001226418, -0.0011897474, -0.0011456294, -0.0011887191
0, 0, 0, 0, -0.0011163807, -0.0010644657, -0.0011067643, -0.0011529088, -0.0012616572, -0.0013701, -0.0014673431, -0.0015108382, -0.0015879851, -0.0016525814, -0.0016805505, -0.0017289979, -0.0017685795, -0.0018006823, -0.0018141454, -0.0018361433, -0.0018513022, -0.00185624, -0.0018607929, -0.0018583833, -0.0018546168, -0.0018420386, -0.0018231781, -0.0017981598, -0.0017833896, -0.0017492269, -0.0017088919, -0.0016863908, -0.0016365309, -0.0015804464, -0.0015188736, -0.0014864322, -0.0014193854, -0.0013510187, -0.0013169579, -0.0012499391, -0.0011850802, -0.0011534673, -0.001091485, -0.001030319, -0.0009687694, -0.0009374792, -0.00087393326, -0.00080922275, -0.00077674724, -0.00071221957, -0.00064905203, -0.00058766216, -0.0005576656, -0.0004984236, -0.0004401391, -0.00041115115, -0.0003537483, -0.00029811298, -0.00027153318, -0.00022266815, -0.00018187785, -0.0001516642, -0.00014098306, -0.00012847174, -0.00012652195, -0.00012862174, -0.00013667064, -0.00014662831, -0.00015534105, -0.00015851166, -0.00016224108, -0.00016313711, -0.00016305756, -0.00016379081, -0.00016788077, -0.00017783193, -0.00018549566, -0.00020683208, -0.00023607972, -0.00025358528, -0.00029365957, -0.0003397827, -0.0003647157, -0.00041781715, -0.0004746169, -0.0005344243, -0.0005651665, -0.00062761275, -0.0006902387, -0.0007212017, -0.00078166154, -0.0008392949, -0.0008935736, -0.0009193642, -0.00096851256, -0.0010152345, -0.0010380402, -0.0010833684, -0.0011292894, -0.0011525936, -0.0012002059, -0.0012489586, -0.0012982794, -0.0013229181, -0.0013717554, -0.0014195029, -0.0014427635, -0.0014877109, -0.0015302048, -0.0015699829, -0.0015887284, -0.0016238253, -0.0016555326, -0.0016700046, -0.0016959686, -0.0017178108, -0.0017271485, -0.0017427702, -0.0017547414, -0.0017635784, -0.0017669317, -0.0017718694, -0.0017745679, -0.0017751566, -0.0017746675, -0.0017720441, -0.0017670398, -0.0017635346, -0.0017545013, -0.001742389, -0.0017352087, -0.0017185289, -0.0016988359, -0.0016878025, -0.0016632415, -0.0016350677, -0.0016031137, -0.0015856975, -0.0015477187, -0.0015052675, -0.0014823701, -0.0014329638, -0.0013786478, -0.0013190404, -0.0012871126, -0.0012192206, -0.0011496978, -0.0011184786, -0.001084508, -0.0011333013
0, 0, 0, -0.0015413178, -0.0013164922, -0.0011002384, -0.0010923622, -0.001121196, -0.0012006056, -0.001285992, -0.0013675317, -0.0014063095, -0.0014791279, -0.0015454721, -0.0015757409, -0.0016301245, -0.0016755995, -0.0017119442, -0.0017267097, -0.0017493827, -0.0017634649, -0.0017674041, -0.0017698427, -0.0017657611, -0.0017616077, -0.0017495378, -0.0017328585, -0.0017117206, -0.0016993699, -0.0016710294, -0.0016375653, -0.0016188496, -0.0015772663, -0.0015303567, -0.0014785028, -0.0014510723, -0.0013936894, -0.0013338982, -0.0013035148, -0.001242287, -0.0011811868, -0.0011509497, -0.0010913407, -0.0010327431, -0.0009750186, -0.00094647397, -0.0008902037, -0.0008352549, -0.00080848875, -0.00075699465, -0.000708401, -0.00066272035, -0.0006408296, -0.00059818954, -0.0005558895, -0.0005343659, -0.00049009523, -0.00044404835, -0.00042057162, -0.00037387913, -0.00033026398, -0.00029306015, -0.0002778767, -0.00025590823, -0.00024615886, -0.00024572955, -0.00025277014, -0.00026774485, -0.0002870707, -0.0002972916, -0.00031736068, -0.0003355512, -0.0003437895, -0.00035907672, -0.00037396318, -0.00038999456, -0.00039899335, -0.00041948305, -0.0004437443, -0.00045736856, -0.00048743407, -0.0005209717, -0.00053898967, -0.000577736, -0.0006203617, -0.00066754525, -0.00069287786, -0.0007468912, -0.0008045987, -0.0008344652, -0.0008949701, -0.000954735, -0.0010117918, -0.0010387842, -0.0010890983, -0.0011345403, -0.0011555401, -0.0011946851, -0.0012311005, -0.0012486255, -0.0012830424, -0.0013170416, -0.001350829, -0.0013676579, -0.0014010952, -0.0014341319, -0.0014504318, -0.0014825711, -0.0015137387, -0.0015436517, -0.0015579548, -0.0015849749, -0.0016092291, -0.001620157, -0.0016391651, -0.0016541487, -0.0016601428, -0.0016692792, -0.0016752984, -0.0016790883, -0.0016803357, -0.0016817251, -0.0016817055, -0.0016810693, -0.0016781621, -0.00167263, -0.0016640472, -0.0016585207, -0.0016450996, -0.0016289084, -0.0016200007, -0.0016010115, -0.001580952, -0.0015706104, -0.0015489396, -0.0015254922, -0.0014992396, -0.0014847037, -0.0014522125, -0.0014146011, -0.0013937441, -0.0013479721, -0.0012969337, -0.0012408446, -0.0012109636, -0.001148185, -0.0010851898, -0.0010576904, -0.0010309069, -0.0010833535
0, 0, 0, -0.0013329115, -0.0012471065, -0.001116806, -0.0011005831, -0.0011166057, -0.0011668376, -0.0012242323, -0.0012821674, -0.0013109782, -0.0013682586, -0.0014244347, -0.0014515931, -0.0015028216, -0.0015481719, -0.0015858959, -0.0016015669, -0.001626182, -0.001642065, -0.0016469703, -0.0016513596, -0.0016496201, -0.0016468775, -0.0016383394, -0.0016265423, -0.0016120163, -0.0016038113, -0.0015853363, -0.0015639012, -0.0015518748, -0.001525099, -0.0014942772, -0.001459215, -0.001440086, -0.0013987703, -0.0013538564, -0.0013300782, -0.001280451, -0.0012288705, -0.0012025881, -0.0011494514, -0.0010963207, -0.0010437315, -0.0010178289, -0.0009672197, -0.00091882504, -0.00089583854, -0.000852616, -0.0008138606, -0.00078009727, -0.00076516013, -0.00073860603, -0.00071527803, -0.0007042461, -0.0006821378, -0.0006581617, -0.00064515596, -0.00061678875, -0.000586314, -0.000555791, -0.00054140936, -0.0005166723, -0.0004997608, -0.0004950262, -0.0004935176, -0.00050237705, -0.00052015187, -0.0005316044, -0.00055817515, -0.0005876329, -0.0006028846, -0.0006337396, -0.00066457083, -0.00069523643, -0.00071051705, -0.00074102636, -0.00077128614, -0.0007860772, -0.0008147493, -0.0008420851, -0.00085528486, -0.00088145013, -0.00090834463, -0.00093774655, -0.00095397123, -0.0009900343, -0.0010313286, -0.0010538171, -0.0011016314, -0.001151378, -0.0012008063, -0.0012247381, -0.0012699725, -0.0013109351, -0.0013296792, -0.0013639829, -0.0013944429, -0.0014086012, -0.0014350738, -0.00145949, -0.0014819838, -0.0014924726, -0.0015117894, -0.0015289116, -0.0015367994, -0.0015514713, -0.0015650991, -0.0015781239, -0.001584523, -0.0015967967, -0.0016080989, -0.0016132488, -0.0016219363, -0.0016282053, -0.0016302785, -0.0016323291, -0.001632183, -0.0016305319, -0.0016293738, -0.0016266035, -0.0016231976, -0.0016211572, -0.0016156978, -0.0016077551, -0.0015965764, -0.0015895792, -0.0015729499, -0.0015533864, -0.0015427873, -0.0015209205, -0.00149888, -0.0014880084, -0.0014664816, -0.0014445657, -0.0014210296, -0.0014081314, -0.0013792313, -0.0013453825, -0.0013263217, -0.00128414, -0.0012365554, -0.0011839863, -0.0011559989, -0.001097387, -0.0010393785, -0.0010145435, -0.0009924958, -0.0010465627
0, 0, 0, -0.0014672469, -0.0012858647, -0.0011226938, -0.0011012186, -0.0011121042, -0.0011474525, -0.0011865597, -0.0012244582, -0.0012431587, -0.0012809009, -0.0013196175, -0.001339281, -0.0013786615, -0.0014162327, -0.0014500457, -0.0014648743, -0.0014899694, -0.0015084599, -0.0015153455, -0.0015247484, -0.0015290657, -0.0015297647, -0.0015285213, -0.0015246272, -0.0015185648, -0.0015149947, -0.0015067916, -0.0014970909, -0.0014916622, -0.0014791638, -0.0014641255, -0.0014460796, -0.0014357715, -0.0014122874, -0.0013848987, -0.0013698147, -0.0013370645, -0.0013018172, -0.0012833423, -0.0012453771, -0.0012065929, -0.0011673475, -0.0011476221, -0.0011083086, -0.0010694943, -0.0010505674, -0.0010142708, -0.0009812827, -0.0009535379, -0.0009420945, -0.0009245273, -0.0009141662, -0.000911338, -0.0009088978, -0.00090870605, -0.00090856623, -0.0009067562, -0.0009013748, -0.0008920503, -0.0008861839, -0.0008734016, -0.0008615042, -0.00085685344, -0.0008518152, -0.0008538668, -0.0008638525, -0.0008717176, -0.0008927902, -0.00091994164, -0.00093533035, -0.00096903095, -0.0010055902, -0.001044141, -0.0010638803, -0.0011036734, -0.0011425293, -0.0011611597, -0.0011957443, -0.0012258738, -0.0012391711, -0.0012622757, -0.0012817505, -0.0012994265, -0.0013083521, -0.0013274868, -0.0013497194, -0.0013622079, -0.0013898056, -0.0014198448, -0.0014507646, -0.0014660833, -0.0014956037, -0.001522906, -0.0015356474, -0.0015594171, -0.0015810233, -0.0015911978, -0.0016102134, -0.001627301, -0.0016416735, -0.0016475267, -0.001656062, -0.0016600356, -0.0016604861, -0.0016586361, -0.0016544593, -0.0016492029, -0.0016465744, -0.0016416669, -0.001637371, -0.0016353499, -0.0016311195, -0.0016260466, -0.0016228821, -0.0016151625, -0.0016056788, -0.0015949956, -0.0015894675, -0.001578514, -0.0015679024, -0.001562654, -0.0015519544, -0.0015402539, -0.0015264403, -0.0015184524, -0.0015002012, -0.0014791549, -0.0014678258, -0.0014442555, -0.0014203737, -0.0014085715, -0.0013855941, -0.0013630032, -0.0013399527, -0.0013277942, -0.0013013926, -0.0012712828, -0.0012546232, -0.0012177761, -0.0011762407, -0.0011301567, -0.0011054332, -0.0010533787, -0.0010017647, -0.0009798709, -0.00096246734, -0.0010179377
0, 0, 0, -0.0012488413, -0.0011515092, -0.0010609656, -0.0010656138, -0.0010824059, -0.0011219725, -0.0011580589, -0.0011875011, -0.0012003088, -0.0012238277, -0.0012471088, -0.0012592507, -0.001285079, -0.0013123612, -0.0013395931, -0.0013524813, -0.0013761336, -0.0013958527, -0.0014041514, -0.001417804, -0.0014280489, -0.0014321428, -0.0014385207, -0.0014427506, -0.0014448968, -0.0014453185, -0.0014449889, -0.0014430371, -0.001441558, -0.0014373215, -0.0014317612, -0.001424678, -0.0014205679, -0.0014109546, -0.0013994416, -0.0013929671, -0.0013789234, -0.0013637126, -0.0013558669, -0.0013399023, -0.0013236668, -0.001306893, -0.0012981545, -0.0012797274, -0.0012595569, -0.0012487961, -0.0012262381, -0.0012033442, -0.001182512, -0.0011736401, -0.0011605516, -0.0011553579, -0.0011559755, -0.001163139, -0.0011770995, -0.0011858635, -0.0012051639, -0.0012240971, -0.0012403313, -0.0012469525, -0.0012570812, -0.0012637, -0.0012662037, -0.0012708111, -0.0012763523, -0.001284344, -0.0012896351, -0.001303009, -0.0013205195, -0.001330832, -0.0013545892, -0.0013825218, -0.0014145098, -0.0014319841, -0.001469233, -0.0015082886, -0.0015279822, -0.0015659617, -0.0016007544, -0.0016164214, -0.0016434212, -0.0016645862, -0.0016806572, -0.0016872108, -0.0016983597, -0.0017083905, -0.0017132976, -0.0017233796, -0.0017335756, -0.0017432906, -0.0017477627, -0.0017558233, -0.0017627777, -0.0017659822, -0.0017721078, -0.0017782779, -0.0017815315, -0.001788107, -0.0017942237, -0.001798375, -0.0017992154, -0.0017974555, -0.001790409, -0.001784853, -0.0017700183, -0.0017516834, -0.0017316089, -0.0017214728, -0.001701791, -0.001683426, -0.0016746455, -0.0016576095, -0.001640207, -0.0016310441, -0.0016114096, -0.001589748, -0.0015665332, -0.0015547096, -0.0015313072, -0.0015090479, -0.0014984932, -0.0014786787, -0.0014600737, -0.0014416167, -0.0014321167, -0.0014120174, -0.0013901722, -0.0013785933, -0.0013544307, -0.0013294821, -0.0013169898, -0.0012924208, -0.0012685726, -0.0012450207, -0.001233156, -0.0012086977, -0.0011824206, -0.0011683567, -0.0011378969, -0.0011041369, -0.0010665578, -0.0010462628, -0.0010030157, -0.00095963123, -0.0009414435, -0.0009301241, -0.000988143
0, 0, 0, -0.0010379455, -0.0009878944, -0.0009631647, -0.0010015293, -0.0010286333, -0.0010819141, -0.0011253259, -0.0011573316, -0.001169692, -0.0011897126, -0.0012069576, -0.0012156398, -0.0012345279, -0.001256023, -0.001279172, -0.0012908602, -0.0013131773, -0.0013328285, -0.0013415265, -0.0013565262, -0.0013692708, -0.001374994, -0.0013857385, -0.0013955291, -0.001404127, -0.0014077536, -0.0014134302, -0.0014164872, -0.0014170439, -0.0014163734, -0.0014142205, -0.0014115905, -0.001410438, -0.001408677, -0.0014081225, -0.0014083874, -0.0014100039, -0.0014131154, -0.0014152373, -0.0014205123, -0.0014268518, -0.0014336267, -0.0014369785, -0.0014430714, -0.0014474208, -0.0014486404, -0.0014487426, -0.0014456948, -0.0014405038, -0.0014376737, -0.0014330717, -0.0014320997, -0.0014336634, -0.0014418651, -0.0014575527, -0.0014681047, -0.0014938982, -0.0015241966, -0.0015565136, -0.0015726648, -0.0016039232, -0.00163248, -0.001645525, -0.0016691157, -0.0016893393, -0.0017066365, -0.0017144012, -0.0017285311, -0.0017415475, -0.001747919, -0.0017609848, -0.0017756374, -0.0017931783, -0.0018033298, -0.0018268039, -0.0018542756, -0.0018691743, -0.0019002847, -0.0019316914, -0.0019468698, -0.0019747845, -0.0019984797, -0.002017003, -0.002024243, -0.002035147, -0.0020417857, -0.002043678, -0.0020449562, -0.0020429639, -0.0020377478, -0.0020339165, -0.0020241132, -0.00201222, -0.0020058341, -0.001992817, -0.0019803653, -0.0019746155, -0.0019640506, -0.0019542929, -0.0019439787, -0.001938127, -0.0019241568, -0.0019060448, -0.0018952661, -0.0018704613, -0.0018421796, -0.0018121222, -0.0017968924, -0.0017669199, -0.0017382397, -0.001724236, -0.001696629, -0.0016686101, -0.0016540806, -0.0016234736, -0.0015904971, -0.0015556051, -0.001537798, -0.0015022424, -0.0014681336, -0.0014520059, -0.0014220233, -0.0013949408, -0.0013700639, -0.0013581504, -0.0013347064, -0.0013110591, -0.0012989519, -0.0012741197, -0.0012485953, -0.0012357428, -0.00121015, -0.001185171, -0.0011609109, -0.001149004, -0.0011253733, -0.0011013497, -0.001088968, -0.0010631027, -0.0010351189, -0.0010042348, -0.0009875253, -0.0009515609, -0.00091534696, -0.00090058974, -0.0008951981, -0.0009561004
0, 0, 0, -0.0009181897, -0.0008881087, -0.00089350983, -0.00094814296, -0.0009805026, -0.0010420916, -0.0010928389, -0.0011315114, -0.001146985, -0.0011724959, -0.001193847, -0.0012041284, -0.0012254572, -0.0012486953, -0.0012732131, -0.0012853448, -0.001308451, -0.0013285064, -0.0013370849, -0.0013516347, -0.0013638274, -0.0013695671, -0.0013812839, -0.001393949, -0.0014074283, -0.0014140799, -0.0014262536, -0.001435717, -0.0014391906, -0.001443434, -0.0014449179, -0.0014454112, -0.0014460088, -0.0014488251, -0.001454845, -0.0014593304, -0.0014710648, -0.0014860634, -0.0014945123, -0.0015129683, -0.0015328228, -0.0015538154, -0.0015648253, -0.0015874818, -0.0016110613, -0.0016228864, -0.0016460436, -0.0016673519, -0.001685571, -0.0016933014, -0.0017062208, -0.0017163452, -0.0017209607, -0.001730595, -0.001742824, -0.001750641, -0.0017706492, -0.0017969424, -0.0018292405, -0.0018472547, -0.0018859645, -0.0019264414, -0.0019467089, -0.0019858524, -0.0020218426, -0.0020533537, -0.0020672656, -0.0020910974, -0.0021097613, -0.002117353, -0.002129512, -0.0021388968, -0.0021470673, -0.0021512378, -0.002160472, -0.002171965, -0.0021786564, -0.0021940153, -0.0022114096, -0.002220561, -0.0022389889, -0.0022564856, -0.0022716834, -0.002278122, -0.0022881415, -0.0022939995, -0.0022952377, -0.002294184, -0.0022882614, -0.0022771899, -0.002269773, -0.002251298, -0.0022287355, -0.0022162593, -0.0021897922, -0.0021623967, -0.0021487046, -0.0021218508, -0.002095623, -0.002069718, -0.0020565887, -0.002029579, -0.0020007004, -0.0019853867, -0.0019528687, -0.0019180545, -0.0018818681, -0.0018635865, -0.00182725, -0.0017915419, -0.0017739173, -0.0017386967, -0.0017031018, -0.0016848885, -0.0016471641, -0.0016076323, -0.0015665514, -0.0015456958, -0.0015039948, -0.001463583, -0.0014442685, -0.0014079027, -0.0013746329, -0.0013441931, -0.0013298483, -0.0013024872, -0.0012760944, -0.0012630705, -0.0012369838, -0.0012109107, -0.00119784, -0.0011718826, -0.0011463332, -0.0011213894, -0.001109159, -0.0010849702, -0.0010606777, -0.0010483639, -0.0010231249, -0.0009962595, -0.00096699386, -0.0009512103, -0.0009175131, -0.0008840306, -0.0008708284, -0.00086823804, -0.0009303351
0, 0, 0, -0.00092755625, -0.00089589314, -0.0008947057, -0.0009426256, -0.00097239425, -0.0010311945, -0.00108289, -0.0011260408, -0.0011447521, -0.0011780896, -0.0012081135, -0.0012227078, -0.0012518385, -0.0012814184, -0.0013105627, -0.0013245353, -0.0013502293, -0.0013716327, -0.001380499, -0.0013950346, -0.0014067335, -0.0014122806, -0.0014242908, -0.0014389498, -0.0014567123, -0.0014664634, -0.0014865543, -0.0015054791, -0.0015138771, -0.0015278128, -0.0015379639, -0.0015456747, -0.0015493031, -0.0015577931, -0.0015693264, -0.0015765829, -0.0015939355, -0.0016143095, -0.0016251991, -0.0016476281, -0.0016700953, -0.0016928137, -0.0017045067, -0.0017295559, -0.001757954, -0.0017737144, -0.0018084587, -0.001846279, -0.0018848318, -0.0019034053, -0.0019374767, -0.001965583, -0.001977167, -0.0019955863, -0.002009471, -0.0020156396, -0.002028485, -0.0020445653, -0.0020661703, -0.00207939, -0.002110503, -0.002147047, -0.0021666712, -0.0022071416, -0.002247407, -0.0022853967, -0.0023030904, -0.0023352331, -0.0023626247, -0.0023744714, -0.002394113, -0.0024088447, -0.0024189486, -0.002422524, -0.0024269284, -0.0024287133, -0.0024289475, -0.0024287296, -0.0024283899, -0.0024284176, -0.0024290076, -0.0024304735, -0.002432469, -0.00243344, -0.0024348844, -0.002434849, -0.002433944, -0.0024297936, -0.0024218985, -0.002409592, -0.002401719, -0.002382114, -0.002357561, -0.0023435897, -0.002312585, -0.0022785075, -0.0022606456, -0.002224002, -0.0021865077, -0.002148914, -0.0021301452, -0.002092736, -0.002055383, -0.0020366057, -0.0019987265, -0.0019600578, -0.0019206263, -0.0019007399, -0.0018607364, -0.001820654, -0.0018006098, -0.0017606092, -0.0017206245, -0.0017005831, -0.0016603831, -0.0016200324, -0.0015795839, -0.0015593632, -0.0015193642, -0.0014803906, -0.0014614088, -0.0014248327, -0.0013902074, -0.0013575491, -0.00134192, -0.0013118914, -0.0012832289, -0.0012693019, -0.0012420948, -0.0012156572, -0.0012026733, -0.0011771629, -0.0011520922, -0.0011272662, -0.0011148971, -0.0010899366, -0.0010643442, -0.0010512087, -0.0010238633, -0.0009946085, -0.00096277497, -0.0009456615, -0.00090950966, -0.000874158, -0.00086024497, -0.00085657893, -0.0009174588
0, 0, -0.0015187952, -0.0010981231, -0.0010082789, -0.0009634899, -0.0009944836, -0.0010187548, -0.001070288, -0.0011189763, -0.0011626902, -0.001182878, -0.0012208347, -0.0012567993, -0.0012745428, -0.0013095775, -0.0013439773, -0.0013768934, -0.0013924221, -0.0014205091, -0.0014439106, -0.0014537082, -0.0014699014, -0.0014830629, -0.001489271, -0.001502832, -0.0015198395, -0.0015413817, -0.001553725, -0.0015806633, -0.0016086807, -0.0016222994, -0.0016475146, -0.00166903, -0.0016872179, -0.001695554, -0.0017120792, -0.0017299965, -0.0017398334, -0.0017614745, -0.0017849113, -0.0017967377, -0.0018195411, -0.0018400123, -0.0018582183, -0.0018668649, -0.001884652, -0.0019055576, -0.0019181519, -0.0019488769, -0.0019872438, -0.002031683, -0.0020551593, -0.0021020116, -0.0021451293, -0.002164171, -0.0021959788, -0.0022191105, -0.0022279506, -0.0022416327, -0.0022530893, -0.0022654848, -0.0022728625, -0.0022908156, -0.0023131059, -0.0023256866, -0.0023528629, -0.0023815732, -0.0024105005, -0.0024248515, -0.002453033, -0.0024800939, -0.0024931028, -0.0025173838, -0.0025386026, -0.002555465, -0.0025618745, -0.0025700133, -0.002571374, -0.0025696985, -0.0025620372, -0.002549924, -0.0025426932, -0.0025269806, -0.0025109686, -0.0024956162, -0.002488388, -0.0024747855, -0.0024619235, -0.0024554983, -0.002442312, -0.0024279354, -0.0024119306, -0.0024031072, -0.002383305, -0.002360186, -0.0023471925, -0.002318169, -0.0022852612, -0.0022674704, -0.002229555, -0.0021891575, -0.0021472597, -0.0021261142, -0.0020838259, -0.0020421562, -0.0020216387, -0.0019810824, -0.0019409859, -0.0019005933, -0.0018802687, -0.0018390814, -0.0017973391, -0.001776313, -0.0017343867, -0.0016930812, -0.0016728794, -0.0016337069, -0.0015964176, -0.0015609112, -0.0015436795, -0.0015101484, -0.0014774583, -0.0014612675, -0.0014292472, -0.0013975231, -0.0013662663, -0.0013508869, -0.0013207617, -0.001291802, -0.0012777328, -0.0012506887, -0.0012249076, -0.0012125499, -0.0011886035, -0.0011652843, -0.0011420725, -0.0011303294, -0.0011061947, -0.0010807135, -0.0010673547, -0.0010388988, -0.0010077589, -0.0009733446, -0.00095481385, -0.0009157039, -0.00087738305, -0.0008620612, -0.0008559088, -0.00091466017
0, 0, -0.0012935203, -0.0011129071, -0.0010631939, -0.0010467422, -0.0010832351, -0.00110779, -0.0011584273, -0.0012061478, -0.0012496184, -0.0012698647, -0.001307895, -0.0013438634, -0.001361417, -0.0013959254, -0.0014297379, -0.0014622906, -0.0014778172, -0.0015066736, -0.001531936, -0.0015430299, -0.0015623503, -0.0015787063, -0.001586462, -0.001602675, -0.0016217352, -0.0016449752, -0.0016582857, -0.0016876983, -0.0017195311, -0.0017356725, -0.0017670492, -0.0017958252, -0.0018215335, -0.0018335152, -0.0018565352, -0.0018799439, -0.0018922186, -0.0019182559, -0.0019454706, -0.0019590142, -0.0019845988, -0.0020067613, -0.0020242906, -0.0020314637, -0.0020436477, -0.0020556566, -0.002062717, -0.002081159, -0.0021072302, -0.0021414761, -0.0021612493, -0.0022042075, -0.0022484018, -0.0022696767, -0.002308408, -0.0023403843, -0.0023535413, -0.0023746684, -0.0023902867, -0.002402431, -0.002407785, -0.0024178475, -0.0024275787, -0.0024323661, -0.002441543, -0.00245033, -0.0024590753, -0.002463681, -0.002473822, -0.0024861074, -0.0024931382, -0.0025089371, -0.0025259412, -0.0025420685, -0.0025490415, -0.0025591247, -0.002562509, -0.002561336, -0.0025534015, -0.002538565, -0.0025290106, -0.0025066633, -0.0024815632, -0.0024552334, -0.0024419513, -0.0024155062, -0.002389368, -0.0023763778, -0.0023505143, -0.0023247972, -0.0022995425, -0.0022870528, -0.002262395, -0.0022376769, -0.0022250044, -0.0021985695, -0.002169827, -0.0021544334, -0.0021213621, -0.0020852082, -0.0020465953, -0.0020265952, -0.0019859192, -0.0019453886, -0.0019253059, -0.0018858754, -0.0018471443, -0.0018086379, -0.0017893267, -0.0017501764, -0.0017102947, -0.0016902129, -0.0016501666, -0.0016110566, -0.0015922124, -0.0015564037, -0.0015235563, -0.0014935345, -0.0014794784, -0.0014525527, -0.0014265195, -0.0014136026, -0.0013874465, -0.0013606942, -0.0013334235, -0.0013197606, -0.0012926944, -0.001266354, -0.0012535133, -0.0012288793, -0.0012056164, -0.0011945441, -0.0011732158, -0.0011525475, -0.0011319729, -0.0011215254, -0.0010999128, -0.0010768438, -0.0010645519, -0.0010381137, -0.0010084711, -0.00097507983, -0.0009568642, -0.00091798586, -0.0008794167, -0.00086378603, -0.0008567484, -0.0009143316
0, 0, -0.0012291515, -0.0011328518, -0.0011140569, -0.0011338427, -0.0011873409, -0.0012168251, -0.0012738319, -0.0013250974, -0.0013702194, -0.0013904653, -0.0014269768, -0.0014593304, -0.001474443, -0.0015034571, -0.001531832, -0.0015602071, -0.0015744438, -0.0016025625, -0.0016293164, -0.001641905, -0.0016649856, -0.0016854549, -0.0016949826, -0.001713543, -0.0017330429, -0.001755039, -0.0017671105, -0.0017935765, -0.0018224828, -0.0018373049, -0.0018668232, -0.0018948056, -0.0019204989, -0.0019325755, -0.0019561795, -0.0019803646, -0.0019932636, -0.0020210526, -0.0020514305, -0.002067213, -0.0020986546, -0.0021278292, -0.0021523559, -0.0021624074, -0.0021781684, -0.0021892698, -0.002193915, -0.0022034, -0.0022154904, -0.0022325616, -0.0022431994, -0.0022684962, -0.002297823, -0.0023132495, -0.002344188, -0.0023733834, -0.0023867816, -0.0024107497, -0.0024308127, -0.0024469816, -0.0024535407, -0.0024635908, -0.0024691282, -0.0024700249, -0.0024678893, -0.0024610308, -0.0024505884, -0.002444564, -0.002432365, -0.0024218904, -0.0024177963, -0.002412862, -0.002411941, -0.00241359, -0.0024146892, -0.0024159562, -0.0024139562, -0.0024112954, -0.0024020125, -0.0023876186, -0.0023787196, -0.0023579127, -0.0023338941, -0.0023074697, -0.0022934289, -0.0022638775, -0.002232311, -0.0022158157, -0.0021814536, -0.0021459032, -0.0021103981, -0.002093094, -0.0020599375, -0.0020291759, -0.002014655, -0.0019871164, -0.0019603602, -0.0019469429, -0.0019194642, -0.0018901968, -0.0018588321, -0.0018423984, -0.0018085585, -0.0017741419, -0.0017569512, -0.0017230379, -0.001689867, -0.0016572552, -0.0016409762, -0.0016083191, -0.0015752671, -0.0015585701, -0.0015252781, -0.0014925859, -0.001476783, -0.0014466632, -0.0014189072, -0.001393598, -0.0013818165, -0.0013594565, -0.0013382428, -0.0013278215, -0.0013068032, -0.0012856168, -0.0012642029, -0.0012535693, -0.001232536, -0.0012120252, -0.0012020099, -0.001182473, -0.001163575, -0.0011543477, -0.0011361334, -0.0011180914, -0.0010998921, -0.0010906385, -0.0010715934, -0.0010516241, -0.0010410767, -0.0010182896, -0.0009926507, -0.00096316077, -0.0009468317, -0.00091127504, -0.0008752672, -0.0008605863, -0.0008546796, -0.000912617
0, 0, -0.0015175896, -0.0012402165, -0.0012063998, -0.0012282117, -0.0012907526, -0.0013242483, -0.0013874776, -0.0014433202, -0.0014911684, -0.0015120757, -0.0015483872, -0.0015783496, -0.0015915271, -0.001615634, -0.0016388239, -0.001662893, -0.0016756695, -0.0017026125, -0.0017305049, -0.001744477, -0.001771058, -0.0017951418, -0.0018060716, -0.0018261791, -0.0018449299, -0.0018638074, -0.0018737108, -0.0018947981, -0.001917561, -0.001929353, -0.0019531186, -0.0019756667, -0.0019964243, -0.0020060772, -0.0020247581, -0.002044184, -0.0020547996, -0.0020789758, -0.00210769, -0.002123641, -0.0021578697, -0.0021930176, -0.0022260372, -0.0022408317, -0.0022657672, -0.0022838092, -0.0022904333, -0.0022996839, -0.0023054185, -0.0023097629, -0.0023120455, -0.0023177406, -0.002325513, -0.0023301786, -0.0023410285, -0.0023531138, -0.0023595167, -0.0023727545, -0.0023860862, -0.0023988078, -0.0024046286, -0.0024140396, -0.002419026, -0.002419279, -0.0024146698, -0.0024025952, -0.0023834012, -0.0023715857, -0.0023448847, -0.0023162728, -0.0023020187, -0.002274974, -0.0022508819, -0.0022299467, -0.0022204616, -0.0022026566, -0.0021853913, -0.0021766024, -0.002158369, -0.0021391332, -0.0021292607, -0.0021089646, -0.002088004, -0.0020660586, -0.00205445, -0.002029527, -0.0020014746, -0.0019860805, -0.0019523818, -0.0019154145, -0.0018764543, -0.0018568358, -0.0018182653, -0.0017821644, -0.0017653833, -0.0017345333, -0.0017068486, -0.0016939122, -0.0016692147, -0.0016450095, -0.0016204923, -0.001607979, -0.0015826114, -0.0015569702, -0.0015442534, -0.0015193314, -0.0014954428, -0.0014726613, -0.0014616188, -0.0014400013, -0.0014185241, -0.0014077757, -0.001386171, -0.0013645188, -0.0013537868, -0.0013327212, -0.001312223, -0.0012926687, -0.0012832953, -0.0012652484, -0.001248272, -0.0012401288, -0.0012243413, -0.0012094073, -0.0011952688, -0.0011885671, -0.001175704, -0.0011633663, -0.0011572064, -0.0011445663, -0.0011312056, -0.0011241628, -0.0011092022, -0.0010932387, -0.0010763581, -0.0010676722, -0.0010498315, -0.001031475, -0.0010219631, -0.0010016857, -0.0009789863, -0.00095260155, -0.00093782146, -0.00090503204, -0.0008711846, -0.0008573361, -0.0008525049, -0.0009110643
0, 0, -0.0014172605, -0.0012820874, -0.0012716304, -0.0013119887, -0.0013799601, -0.0014144724, -0.0014785766, -0.0015348278, -0.0015834005, -0.0016048424, -0.0016423159, -0.0016734266, -0.001686953, -0.0017112828, -0.0017340154, -0.0017572608, -0.0017695627, -0.0017959914, -0.0018243094, -0.001838806, -0.0018670426, -0.0018930598, -0.0019049165, -0.0019261494, -0.0019448188, -0.001962386, -0.0019711538, -0.001989476, -0.0020091636, -0.0020194044, -0.002040227, -0.0020601468, -0.0020779052, -0.0020859954, -0.0021005862, -0.002114538, -0.0021218967, -0.002138633, -0.0021595499, -0.0021718678, -0.0022000656, -0.0022318207, -0.0022646338, -0.0022804833, -0.0023095268, -0.0023330883, -0.0023424884, -0.0023560424, -0.0023631153, -0.0023643563, -0.0023631735, -0.0023581537, -0.0023504014, -0.0023458984, -0.0023360464, -0.0023258084, -0.0023208752, -0.0023121785, -0.0023054942, -0.002301215, -0.002299849, -0.0022979847, -0.0022957567, -0.002293871, -0.002287089, -0.0022746082, -0.002255241, -0.0022428443, -0.0022131195, -0.002177984, -0.002158976, -0.0021193868, -0.0020791655, -0.0020396274, -0.002020357, -0.0019829758, -0.0019470658, -0.0019297175, -0.0018961102, -0.001864422, -0.0018494392, -0.0018213494, -0.0017959035, -0.0017725519, -0.00176132, -0.0017389768, -0.0017155067, -0.0017029573, -0.0016755485, -0.0016449596, -0.0016115594, -0.0015941123, -0.0015585973, -0.0015239317, -0.0015073598, -0.0014763799, -0.0014487264, -0.0014360558, -0.0014126772, -0.0013914901, -0.0013717917, -0.0013624327, -0.0013443214, -0.0013272049, -0.0013190844, -0.0013039376, -0.001290483, -0.0012790294, -0.001273997, -0.001265172, -0.001257396, -0.00125372, -0.0012464193, -0.001238899, -0.0012349454, -0.0012264522, -0.0012170649, -0.0012069591, -0.0012017387, -0.0011913049, -0.0011813209, -0.00117661, -0.0011680932, -0.0011609673, -0.001155216, -0.0011528106, -0.0011486796, -0.0011447422, -0.0011425272, -0.0011369606, -0.0011292613, -0.0011245201, -0.0011130291, -0.0010991768, -0.0010834029, -0.0010749957, -0.0010573402, -0.0010388771, -0.0010292432, -0.00100874, -0.000985585, -0.0009586402, -0.0009434953, -0.0009098399, -0.00087495166, -0.00086054736, -0.00085470965, -0.00091257086
0, 0, -0.0013996221, -0.0013301668, -0.0013349076, -0.0013856201, -0.0014519145, -0.0014839806, -0.0015424505, -0.0015934084, -0.0016383296, -0.0016588145, -0.0016963613, -0.0017299524, -0.0017454834, -0.001774557, -0.001801833, -0.0018281844, -0.0018413793, -0.0018680531, -0.0018952088, -0.0019088439, -0.001935729, -0.0019612566, -0.0019733398, -0.0019959242, -0.002016944, -0.002037352, -0.002047604, -0.0020687513, -0.0020913004, -0.0021030034, -0.0021268283, -0.002149958, -0.002171239, -0.0021808862, -0.0021978556, -0.0022118934, -0.0022181352, -0.002229975, -0.002242321, -0.0022491305, -0.0022646806, -0.0022829683, -0.002303239, -0.00231373, -0.0023343347, -0.002353247, -0.0023615712, -0.0023753264, -0.0023843967, -0.0023880692, -0.0023877844, -0.0023826424, -0.0023714227, -0.0023635123, -0.002343468, -0.0023185117, -0.002304601, -0.0022750152, -0.0022450017, -0.0022165626, -0.0022034186, -0.0021795419, -0.002158936, -0.0021495724, -0.0021315997, -0.0021127616, -0.0020909668, -0.0020783585, -0.0020493143, -0.0020149078, -0.0019958431, -0.001954442, -0.0019095186, -0.0018624312, -0.0018384245, -0.0017899823, -0.001741475, -0.0017174586, -0.0016698912, -0.0016237131, -0.0016014402, -0.0015591595, -0.0015205418, -0.0014860955, -0.0014703748, -0.0014415097, -0.0014153883, -0.0014029755, -0.0013788996, -0.0013547688, -0.0013297627, -0.0013168352, -0.0012903787, -0.0012636533, -0.0012504278, -0.0012250359, -0.0012016051, -0.0011907947, -0.0011709773, -0.0011536769, -0.0011387473, -0.0011321063, -0.001120389, -0.0011106172, -0.0011064527, -0.0010997106, -0.0010953138, -0.0010933209, -0.0010933293, -0.0010950394, -0.0010986843, -0.0011010465, -0.0011064132, -0.0011122236, -0.0011150582, -0.0011202126, -0.0011243647, -0.0011272598, -0.0011283046, -0.0011298923, -0.0011311015, -0.0011317201, -0.0011332388, -0.0011355117, -0.0011385523, -0.0011402617, -0.001143793, -0.0011466374, -0.0011475268, -0.0011476275, -0.0011449627, -0.0011424588, -0.0011350303, -0.0011245162, -0.001111219, -0.001103644, -0.0010870441, -0.0010684404, -0.0010583256, -0.0010360846, -0.0010102037, -0.0009798602, -0.000962777, -0.00092521345, -0.00088652153, -0.00087037287, -0.00086157443, -0.0009174922
0, -0.0021616216, -0.0015921964, -0.0014179315, -0.0014082236, -0.0014458651, -0.0015039652, -0.0015322581, -0.0015831289, -0.0016266152, -0.0016650116, -0.0016830243, -0.0017176663, -0.0017515908, -0.001768571, -0.0018021843, -0.0018348263, -0.0018655645, -0.0018800267, -0.0019071555, -0.0019320953, -0.0019440536, -0.0019673218, -0.0019904713, -0.0020022946, -0.002026482, -0.0020518287, -0.0020784198, -0.0020921319, -0.0021202473, -0.00214918, -0.0021638868, -0.002193298, -0.002222196, -0.0022500793, -0.0022632594, -0.002287684, -0.002308613, -0.0023176358, -0.0023325358, -0.0023433731, -0.002347447, -0.0023535623, -0.0023578487, -0.0023613728, -0.0023631214, -0.0023670169, -0.002371681, -0.0023743317, -0.00237994, -0.0023852768, -0.0023890794, -0.002389898, -0.0023883404, -0.002381011, -0.0023746833, -0.0023561425, -0.0023293812, -0.0023129876, -0.0022749796, -0.0022318652, -0.002186026, -0.0021628279, -0.00211728, -0.0020742614, -0.0020540366, -0.0020161124, -0.001980799, -0.0019466403, -0.0019294502, -0.0018942, -0.0018568501, -0.0018372819, -0.0017958062, -0.0017514405, -0.0017044316, -0.0016800915, -0.0016300337, -0.0015783538, -0.0015519108, -0.0014979875, -0.0014430694, -0.0014155053, -0.001360899, -0.0013083688, -0.0012594264, -0.0012365904, -0.0011948252, -0.0011585895, -0.0011425316, -0.0011141001, -0.0010896447, -0.0010679427, -0.0010577631, -0.0010382207, -0.0010193147, -0.0010100238, -0.0009921477, -0.00097554876, -0.00096796855, -0.0009544455, -0.00094326, -0.0009346394, -0.0009312301, -0.00092622323, -0.0009234506, -0.00092281954, -0.000923171, -0.00092557695, -0.00093027076, -0.00093349407, -0.0009416551, -0.00095200667, -0.0009579567, -0.00097112864, -0.000985592, -0.000993219, -0.0010088568, -0.0010246687, -0.0010401394, -0.0010476579, -0.0010622486, -0.0010759876, -0.0010825507, -0.0010950121, -0.0011066255, -0.001117417, -0.001122446, -0.0011314101, -0.0011386642, -0.0011414889, -0.0011453563, -0.0011466885, -0.0011462895, -0.0011434165, -0.0011375844, -0.0011286722, -0.0011230637, -0.001109511, -0.0010926033, -0.0010827545, -0.0010598664, -0.0010321263, -0.0009989653, -0.0009802915, -0.0009393178, -0.0008973384, -0.0008796594, -0.0008683054, -0.0009225993
0, -0.001781335, -0.0015231958, -0.0014193797, -0.0014196873, -0.0014641988, -0.0015237178, -0.0015517162, -0.001600572, -0.001640238, -0.0016735061, -0.0016888309, -0.0017189549, -0.001750225, -0.0017667843, -0.0018013119, -0.0018363607, -0.0018695256, -0.0018849006, -0.0019123389, -0.0019359513, -0.0019466784, -0.0019672844, -0.00198875, -0.0020004413, -0.0020265826, -0.0020564813, -0.0020893393, -0.0021064114, -0.0021409057, -0.002174721, -0.0021912304, -0.0022232858, -0.0022543983, -0.002285272, -0.0023006683, -0.002331211, -0.002360569, -0.0023743897, -0.0023988956, -0.0024178515, -0.002424762, -0.002433182, -0.0024347391, -0.0024307827, -0.0024273503, -0.0024189537, -0.0024103732, -0.0024065538, -0.0024004064, -0.002396475, -0.0023941523, -0.0023931433, -0.00239035, -0.0023848093, -0.0023803802, -0.0023667885, -0.002345676, -0.0023320487, -0.0022985511, -0.002257236, -0.0022093304, -0.0021833044, -0.0021286698, -0.002071997, -0.0020435376, -0.001987383, -0.001932707, -0.0018797602, -0.0018538833, -0.0018032158, -0.0017537563, -0.0017293958, -0.0016809776, -0.0016327832, -0.0015843709, -0.0015600914, -0.001510747, -0.0014602292, -0.001434371, -0.0013810337, -0.0013253075, -0.0012966467, -0.0012381027, -0.0011792934, -0.0011217784, -0.0010941412, -0.0010421001, -0.0009955021, -0.00097458635, -0.0009374895, -0.00090645987, -0.0008806001, -0.0008692762, -0.00084926246, -0.0008318876, -0.0008240476, -0.0008098319, -0.00079777767, -0.0007926804, -0.00078448583, -0.0007791015, -0.00077650783, -0.0007762511, -0.00077751715, -0.0007809695, -0.00078344374, -0.00078971015, -0.0007974986, -0.00080689456, -0.00081210677, -0.00082386564, -0.0008374424, -0.0008448968, -0.0008611591, -0.0008790601, -0.0008886927, -0.000909185, -0.0009310208, -0.000953884, -0.00096545124, -0.000988627, -0.0010111929, -0.0010220173, -0.0010423958, -0.0010606729, -0.0010765102, -0.001083458, -0.001095381, -0.0011047685, -0.0011086115, -0.0011146456, -0.0011187252, -0.0011200544, -0.0011211431, -0.0011199557, -0.0011159357, -0.0011126889, -0.0011033096, -0.0010896567, -0.0010810605, -0.0010598539, -0.0010329476, -0.0010001103, -0.00098151, -0.00094055553, -0.00089851936, -0.00088084367, -0.0008694581, -0.00092378905
0, -0.0015129533, -0.0013704349, -0.0013418455, -0.0013624948, -0.0014306128, -0.0015028525, -0.001535167, -0.0015896063, -0.0016313896, -0.001664052, -0.0016783484, -0.0017056306, -0.001734022, -0.0017493325, -0.0017821754, -0.0018166776, -0.0018503726, -0.0018662075, -0.0018948929, -0.0019196569, -0.0019309481, -0.0019527884, -0.0019758577, -0.0019886252, -0.0020178067, -0.0020516901, -0.00208873, -0.0021076926, -0.0021448678, -0.0021796157, -0.0021957292, -0.0022256256, -0.002253645, -0.0022815396, -0.0022960312, -0.002326725, -0.0023597884, -0.0023767627, -0.0024104235, -0.0024410244, -0.0024542406, -0.0024751234, -0.002487696, -0.0024919005, -0.0024912243, -0.0024853863, -0.0024755895, -0.0024698258, -0.0024578061, -0.0024459192, -0.002434616, -0.00242916, -0.002418343, -0.0024070176, -0.0024008532, -0.0023866498, -0.0023687687, -0.0023581395, -0.0023327318, -0.0023011512, -0.0022625413, -0.0022405982, -0.0021916032, -0.0021364058, -0.0021068994, -0.002044757, -0.001979888, -0.0019135516, -0.0018801773, -0.001813789, -0.0017488262, -0.0017170534, -0.0016553331, -0.0015964039, -0.0015398859, -0.0015125893, -0.001459281, -0.0014071667, -0.0013812581, -0.0013291797, -0.001276072, -0.0012490018, -0.0011937029, -0.001137413, -0.0010810114, -0.0010532383, -0.0009993946, -0.0009489994, -0.0009254079, -0.000881931, -0.0008435439, -0.0008101127, -0.00079520984, -0.00076891546, -0.00074680237, -0.00073721353, -0.00072074897, -0.000708093, -0.0007031162, -0.0006959734, -0.00069248345, -0.0006923894, -0.0006934863, -0.00069762714, -0.0007042656, -0.000708414, -0.0007180458, -0.0007293014, -0.00074186834, -0.0007486203, -0.00076299306, -0.000778635, -0.0007868907, -0.00080430135, -0.00082292804, -0.00083269866, -0.000853382, -0.00087551086, -0.0008990632, -0.00091124355, -0.00093599566, -0.00096059067, -0.0009725578, -0.0009953353, -0.0010157654, -0.0010332247, -0.0010407777, -0.0010536617, -0.0010638036, -0.001068011, -0.0010750759, -0.0010804684, -0.0010826766, -0.0010859303, -0.0010872401, -0.0010860441, -0.0010841925, -0.0010775396, -0.0010663561, -0.0010589221, -0.0010400199, -0.0010155174, -0.0009853295, -0.0009680586, -0.0009299247, -0.00089068065, -0.00087429705, -0.0008651102, -0.00092082744
0, -0.0013498298, -0.0012440567, -0.001248662, -0.0012810067, -0.0013661085, -0.0014503549, -0.0014875357, -0.0015498005, -0.0015971969, -0.0016335042, -0.0016490214, -0.0016776792, -0.0017064776, -0.0017217454, -0.0017543669, -0.0017889708, -0.0018235489, -0.0018402741, -0.0018718572, -0.001900735, -0.0019144601, -0.0019416165, -0.0019701088, -0.0019855876, -0.0020195192, -0.0020572895, -0.002097128, -0.0021170157, -0.0021550201, -0.002189117, -0.0022044294, -0.0022318254, -0.0022562298, -0.0022799284, -0.00229234, -0.0023194007, -0.0023504791, -0.0023674732, -0.0024034143, -0.002440149, -0.0024579226, -0.002490697, -0.0025181873, -0.0025388764, -0.0025464324, -0.0025559915, -0.0025586637, -0.0025576344, -0.0025513975, -0.0025402245, -0.0025249722, -0.0025160776, -0.0024965382, -0.0024754573, -0.0024646637, -0.002442776, -0.0024206846, -0.002409476, -0.0023862566, -0.002360885, -0.0023318059, -0.0023154584, -0.0022780343, -0.0022339204, -0.0022091914, -0.0021544916, -0.0020936786, -0.0020277472, -0.0019932855, -0.0019223472, -0.0018499214, -0.0018136228, -0.0017417638, -0.0016718059, -0.0016045832, -0.0015721912, -0.0015099252, -0.0014507162, -0.0014220997, -0.0013666927, -0.0013133137, -0.0012871405, -0.0012354382, -0.0011844306, -0.0011339461, -0.0011089881, -0.0010598813, -0.0010122128, -0.0009890614, -0.00094451656, -0.0009024598, -0.000863395, -0.00084523193, -0.0008119316, -0.00078304234, -0.0007703123, -0.00074836076, -0.0007312111, -0.00072437146, -0.00071414665, -0.0007080334, -0.00070555083, -0.000705487, -0.0007074599, -0.00071216316, -0.00071549864, -0.0007240644, -0.00073503033, -0.00074809685, -0.0007553373, -0.0007711073, -0.0007882748, -0.00079719734, -0.0008155272, -0.00083409256, -0.00084339216, -0.0008622308, -0.0008815622, -0.0009014772, -0.0009117314, -0.00093263533, -0.0009537099, -0.0009641988, -0.0009845853, -0.0010033869, -0.0010200125, -0.0010273675, -0.0010401793, -0.0010505202, -0.0010548619, -0.0010621117, -0.0010675548, -0.0010696393, -0.0010724389, -0.0010730271, -0.0010710232, -0.0010687505, -0.0010613006, -0.0010496052, -0.001042038, -0.0010234163, -0.001000052, -0.00097171956, -0.0009556022, -0.00092004414, -0.0008834591, -0.0008683002, -0.00086121086, -0.0009181267
0, -0.001270204, -0.0011730847, -0.0011826982, -0.0012160963, -0.0013025673, -0.0013889018, -0.0014276443, -0.0014941436, -0.0015469395, -0.001589372, -0.001607909, -0.0016424807, -0.0016764116, -0.0016938793, -0.0017301837, -0.0017677431, -0.001805283, -0.0018237843, -0.0018597497, -0.0018943201, -0.0019113632, -0.0019455015, -0.001980958, -0.0019995642, -0.0020389415, -0.002080707, -0.0021233726, -0.002144465, -0.0021846902, -0.0022213466, -0.002238141, -0.002268659, -0.0022960876, -0.0023217297, -0.0023345484, -0.0023610073, -0.0023894946, -0.0024047159, -0.0024368465, -0.002470624, -0.0024879095, -0.0025225456, -0.002556294, -0.0025877566, -0.0026020892, -0.002627228, -0.0026464444, -0.00265339, -0.0026613595, -0.0026608722, -0.002651734, -0.002644158, -0.002623932, -0.0025985332, -0.0025846027, -0.0025555931, -0.002526244, -0.0025117763, -0.0024837276, -0.0024563156, -0.0024286706, -0.0024142675, -0.002383361, -0.0023485208, -0.0023292403, -0.0022864395, -0.0022378773, -0.0021836187, -0.002154504, -0.0020926667, -0.0020266082, -0.0019923162, -0.0019220145, -0.0018502102, -0.0017784511, -0.0017428725, -0.001673223, -0.0016059767, -0.0015734317, -0.0015109011, -0.0014520895, -0.0014241167, -0.0013708649, -0.0013207971, -0.0012731903, -0.0012501194, -0.0012051386, -0.0011613385, -0.001139776, -0.0010970997, -0.0010550788, -0.0010142657, -0.0009944821, -0.0009570521, -0.0009230877, -0.00090773246, -0.0008804418, -0.0008579667, -0.00084853877, -0.0008331272, -0.00082166656, -0.0008135249, -0.00081046316, -0.0008062463, -0.0008045495, -0.0008047136, -0.0008073901, -0.0008132465, -0.0008224134, -0.0008281257, -0.00084176415, -0.000857721, -0.00086622545, -0.00088365795, -0.00090092083, -0.0009092765, -0.00092535606, -0.00094076997, -0.00095569814, -0.0009631079, -0.0009780953, -0.0009933802, -0.0010011933, -0.0010169413, -0.0010324278, -0.0010469329, -0.0010536568, -0.0010657638, -0.001075865, -0.001080087, -0.0010867618, -0.0010910935, -0.0010922676, -0.00109256, -0.0010900781, -0.0010844745, -0.0010803865, -0.0010694029, -0.001054535, -0.0010456174, -0.0010248385, -0.0010001817, -0.00097125187, -0.0009551258, -0.0009197659, -0.000883562, -0.00086858217, -0.00086166133, -0.0009183843
0, -0.0012539519, -0.0011559561, -0.0011590705, -0.0011879748, -0.0012653694, -0.0013451215, -0.0013821031, -0.0014485023, -0.0015053968, -0.001554975, -0.0015778216, -0.001621407, -0.0016638039, -0.0016849674, -0.0017274122, -0.0017697004, -0.0018114338, -0.0018320195, -0.0018723597, -0.0019121497, -0.0019319206, -0.00197166, -0.002012225, -0.0020330243, -0.0020759702, -0.0021202026, -0.0021652011, -0.0021877005, -0.0022321052, -0.0022752923, -0.0022962727, -0.0023367945, -0.0023752048, -0.002411355, -0.002428636, -0.002461655, -0.0024925983, -0.002507347, -0.002535733, -0.002562871, -0.002576274, -0.002603448, -0.0026315842, -0.002660842, -0.0026756546, -0.0027049908, -0.002732431, -0.0027447473, -0.0027651554, -0.0027782815, -0.0027825758, -0.002781191, -0.0027715957, -0.0027538775, -0.0027425035, -0.0027159613, -0.002685869, -0.0026700743, -0.0026376266, -0.002604847, -0.0025720526, -0.0025556947, -0.0025226213, -0.0024888157, -0.0024714258, -0.0024351284, -0.0023963351, -0.0023545749, -0.0023323868, -0.0022850886, -0.0022336352, -0.0022062457, -0.0021481006, -0.0020859218, -0.0020204014, -0.0019867276, -0.0019184543, -0.0018497203, -0.0018154826, -0.0017481667, -0.0016833423, -0.0016521517, -0.0015928373, -0.001537441, -0.0014858585, -0.001461388, -0.0014147187, -0.0013703934, -0.0013489188, -0.0013068466, -0.0012654553, -0.0012247865, -0.0012047687, -0.001166022, -0.0011296982, -0.0011126396, -0.0010813334, -0.0010539078, -0.0010417299, -0.0010203943, -0.0010023991, -0.0009871608, -0.0009803028, -0.0009681106, -0.0009579548, -0.0009537393, -0.00094734953, -0.0009441621, -0.00094473263, -0.00094641926, -0.00095263484, -0.0009619937, -0.00096753874, -0.0009795387, -0.0009918505, -0.0009978659, -0.0010091471, -0.0010194953, -0.0010289082, -0.0010333906, -0.0010421688, -0.0010513386, -0.0010562306, -0.0010665932, -0.0010776512, -0.0010886284, -0.0010939279, -0.0011037012, -0.0011118589, -0.0011152024, -0.0011198611, -0.0011217739, -0.0011215702, -0.0011187388, -0.001112787, -0.001103585, -0.0010978065, -0.0010836802, -0.0010660274, -0.0010559103, -0.0010329932, -0.0010065575, -0.00097608904, -0.0009592036, -0.0009224402, -0.00088504824, -0.00086953247, -0.00086154457, -0.0009171499
0, -0.0012788051, -0.0011778534, -0.0011746513, -0.0011993207, -0.0012678541, -0.001340633, -0.0013755495, -0.0014414033, -0.0015025806, -0.0015600425, -0.0015876774, -0.00164114, -0.0016924606, -0.0017173197, -0.0017655076, -0.0018117236, -0.0018565535, -0.0018785552, -0.0019219763, -0.0019650932, -0.0019865404, -0.0020292841, -0.0020719187, -0.002093304, -0.0021363534, -0.0021799859, -0.0022245692, -0.0022474073, -0.002294343, -0.0023430954, -0.0023681393, -0.002418904, -0.0024695636, -0.002518525, -0.0025418946, -0.002585481, -0.0026238223, -0.0026408508, -0.002670596, -0.0026951942, -0.0027059664, -0.0027258538, -0.002744945, -0.0027647163, -0.002775163, -0.0027970958, -0.0028202215, -0.002831893, -0.0028545414, -0.002874647, -0.0028902327, -0.0028958581, -0.0029020058, -0.0029008337, -0.002897408, -0.0028848911, -0.0028654775, -0.0028534778, -0.0028253766, -0.0027929451, -0.002757486, -0.0027389862, -0.0027013393, -0.002663569, -0.00264493, -0.002607957, -0.0025713842, -0.002534835, -0.0025163132, -0.0024783013, -0.0024383538, -0.002417334, -0.0023726483, -0.0023242326, -0.002271977, -0.002244452, -0.0021869063, -0.0021264735, -0.0020953065, -0.0020316958, -0.0019670846, -0.0019347752, -0.001871163, -0.0018094397, -0.0017505336, -0.0017224136, -0.0016688398, -0.0016189689, -0.001595307, -0.0015501707, -0.0015072507, -0.0014659262, -0.0014458057, -0.0014064127, -0.0013685327, -0.0013501834, -0.001315273, -0.0012828162, -0.0012677123, -0.0012396883, -0.0012144694, -0.001191573, -0.0011808838, -0.0011605872, -0.0011418604, -0.001133095, -0.0011168785, -0.0011029227, -0.0010917835, -0.001087458, -0.0010814235, -0.0010786508, -0.0010783351, -0.0010793356, -0.0010817664, -0.0010832554, -0.0010863557, -0.0010892923, -0.00109182, -0.0010929456, -0.0010950657, -0.0010975981, -0.001099139, -0.0011029154, -0.0011075224, -0.001112429, -0.0011148553, -0.0011191351, -0.0011223353, -0.0011232749, -0.0011235628, -0.0011215006, -0.0011195191, -0.0011136401, -0.001105407, -0.0010948024, -0.0010885751, -0.0010741252, -0.0010568049, -0.0010469153, -0.0010246342, -0.0009985353, -0.0009680357, -0.00095099496, -0.00091379305, -0.0008759737, -0.0008603269, -0.00085217727, -0.0009072524
0, -0.001322927, -0.0012205517, -0.0012175735, -0.0012423735, -0.0013110685, -0.0013847937, -0.0014207922, -0.0014906349, -0.0015582906, -0.001624107, -0.0016561899, -0.0017181861, -0.0017766022, -0.0018042052, -0.0018563009, -0.001904884, -0.001951294, -0.001974062, -0.0020193753, -0.0020644222, -0.0020868306, -0.0021311168, -0.0021743453, -0.0021954698, -0.002236793, -0.0022774606, -0.0023185443, -0.0023396916, -0.0023840037, -0.0024316981, -0.0024568704, -0.0025093711, -0.0025634323, -0.0026170253, -0.0026430753, -0.002692289, -0.0027365286, -0.0027564114, -0.0027913556, -0.0028201346, -0.0028324074, -0.0028533812, -0.0028704128, -0.0028848792, -0.002891463, -0.0029041783, -0.0029170793, -0.0029239177, -0.0029386354, -0.0029546737, -0.0029715104, -0.0029798727, -0.0029955218, -0.0030082592, -0.0030129051, -0.003017522, -0.003014732, -0.003010357, -0.0029955679, -0.0029731956, -0.0029442545, -0.0029277955, -0.002892191, -0.0028544925, -0.002835397, -0.0027972576, -0.0027593474, -0.0027218063, -0.0027031063, -0.0026658096, -0.0026283618, -0.0026094196, -0.002570946, -0.0025313287, -0.0024902353, -0.0024690113, -0.0024249759, -0.0023782991, -0.00235381, -0.0023022022, -0.0022468502, -0.0022179661, -0.0021581124, -0.0020966164, -0.0020349405, -0.0020045813, -0.0019455352, -0.00188969, -0.0018632049, -0.0018130264, -0.0017663075, -0.0017222128, -0.0017009283, -0.0016593405, -0.0016185757, -0.0015985423, -0.001559085, -0.0015209987, -0.0015025843, -0.0014673464, -0.00143441, -0.0014037462, -0.0013893018, -0.0013615761, -0.0013351826, -0.0013223706, -0.0012973537, -0.0012732189, -0.0012501903, -0.0012393435, -0.0012193426, -0.0012017711, -0.0011940339, -0.0011805651, -0.0011695111, -0.0011647583, -0.0011565035, -0.0011493114, -0.0011428372, -0.001139747, -0.001133853, -0.0011283801, -0.001125834, -0.0011212301, -0.0011170782, -0.0011133091, -0.0011114057, -0.0011072736, -0.0011025312, -0.0010997689, -0.0010934792, -0.0010860949, -0.0010819794, -0.0010731621, -0.0010635351, -0.0010530346, -0.0010473407, -0.0010347493, -0.001020109, -0.0010117453, -0.0009925312, -0.00096910005, -0.000940811, -0.000924768, -0.00088945474, -0.0008534052, -0.00083868287, -0.000832383, -0.0008884543
0, -0.001373238, -0.0012718883, -0.0012769382, -0.0013072119, -0.0013876638, -0.0014731898, -0.0015148645, -0.0015953574, -0.0016725858, -0.001746836, -0.0017826483, -0.001850976, -0.0019141808, -0.0019437349, -0.0019989884, -0.0020502403, -0.0020990116, -0.0021230043, -0.0021706908, -0.002218047, -0.002241546, -0.0022876034, -0.0023318736, -0.002353123, -0.0023936736, -0.0024320548, -0.0024692402, -0.0024877628, -0.0025255668, -0.0025652095, -0.0025858486, -0.0026284868, -0.002672378, -0.0027165, -0.0027383575, -0.0027810743, -0.0028221111, -0.0028417234, -0.0028790298, -0.002913285, -0.002929102, -0.002957552, -0.0029810823, -0.0029990445, -0.0030058878, -0.0030160842, -0.0030224812, -0.003024778, -0.003029087, -0.0030344264, -0.0030423282, -0.0030474346, -0.0030597176, -0.003073542, -0.00308038, -0.0030924093, -0.0031001107, -0.00310191, -0.003100544, -0.0030921751, -0.0030768511, -0.0030668413, -0.0030428264, -0.0030146458, -0.0029993225, -0.0029667283, -0.0029319725, -0.0028951038, -0.0028760082, -0.0028369117, -0.002797084, -0.0027771608, -0.002737748, -0.002699324, -0.0026621222, -0.0026439996, -0.0026083835, -0.0025727926, -0.0025546046, -0.00251644, -0.0024749457, -0.0024526357, -0.0024046102, -0.0023525492, -0.0022975465, -0.0022693342, -0.002212557, -0.0021566402, -0.0021294828, -0.002076882, -0.0020270005, -0.0019793853, -0.001956236, -0.0019106788, -0.0018654926, -0.001842976, -0.0017980151, -0.0017535425, -0.0017316802, -0.0016891666, -0.0016486665, -0.0016106317, -0.0015925769, -0.0015580566, -0.0015250074, -0.0015087778, -0.0014765605, -0.0014442411, -0.001411791, -0.0013956435, -0.0013638809, -0.0013333911, -0.001318879, -0.0012917202, -0.001267198, -0.0012559732, -0.0012353234, -0.001216672, -0.001199613, -0.0011915419, -0.0011761312, -0.0011614175, -0.0011542611, -0.0011402237, -0.00112653, -0.0011131787, -0.0011065856, -0.0010934604, -0.0010802941, -0.0010737161, -0.0010604964, -0.001047565, -0.0010412717, -0.0010291821, -0.0010176509, -0.001006462, -0.0010009026, -0.0009893237, -0.0009764351, -0.00096921314, -0.000952455, -0.0009317651, -0.00090634654, -0.00089179206, -0.0008596411, -0.00082697306, -0.0008139907, -0.00081078097, -0.00086866756
0, -0.0014304549, -0.0013314878, -0.001349644, -0.0013887947, -0.0014888882, -0.0015936936, -0.0016442836, -0.0017402185, -0.0018292695, -0.0019119361, -0.0019509349, -0.0020242878, -0.002091654, -0.0021234013, -0.0021835105, -0.0022402606, -0.0022947888, -0.0023214836, -0.0023740502, -0.0024251568, -0.0024500664, -0.0024983191, -0.0025440648, -0.0025658829, -0.0026072261, -0.0026456031, -0.0026812593, -0.0026981672, -0.0027304282, -0.0027606478, -0.002775036, -0.002802372, -0.0028281782, -0.0028529654, -0.0028652723, -0.0028903747, -0.0029170262, -0.0029311248, -0.002961145, -0.0029930237, -0.0030092879, -0.0030411526, -0.0030699903, -0.0030934592, -0.0031026436, -0.003115605, -0.0031217553, -0.0031225844, -0.0031211379, -0.0031173762, -0.0031137033, -0.0031124856, -0.003111844, -0.0031138808, -0.0031156004, -0.0031197933, -0.0031237034, -0.003125295, -0.0031270052, -0.003126155, -0.003122129, -0.0031187658, -0.0031091776, -0.003095596, -0.0030872782, -0.0030674278, -0.0030431245, -0.0030141731, -0.0029980487, -0.0029630035, -0.0029250756, -0.0029054792, -0.0028659657, -0.0028270404, -0.0027897612, -0.0027719664, -0.002738147, -0.0027063908, -0.0026910533, -0.0026605467, -0.0026292743, -0.0026128567, -0.0025777477, -0.0025391378, -0.002496947, -0.0024746598, -0.0024281128, -0.002379777, -0.0023552664, -0.002306133, -0.00225726, -0.0022086937, -0.0021845188, -0.0021360232, -0.0020871712, -0.0020625133, -0.002012881, -0.001963088, -0.0019383637, -0.0018896834, -0.0018427602, -0.001797968, -0.001776469, -0.0017351186, -0.0016955365, -0.0016761341, -0.0016376175, -0.0015990743, -0.001560169, -0.0015406655, -0.0015015732, -0.0014629471, -0.001444051, -0.0014075242, -0.0013731935, -0.001356892, -0.0013258659, -0.0012967845, -0.0012694978, -0.0012564161, -0.0012312735, -0.0012072431, -0.0011955358, -0.0011727988, -0.0011507863, -0.0011296037, -0.0011193908, -0.001099509, -0.0010803202, -0.0010709624, -0.0010527581, -0.0010354586, -0.0010272438, -0.0010116689, -0.0009970658, -0.0009831894, -0.0009764059, -0.0009627428, -0.00094841, -0.00094075844, -0.0009236946, -0.00090353837, -0.0008796964, -0.0008662686, -0.00083697354, -0.0008076952, -0.000796397, -0.0007961044, -0.00085533643
0, -0.001503361, -0.0014068023, -0.0014393583, -0.001488276, -0.001609386, -0.0017346803, -0.0017945768, -0.0019066524, -0.0020081147, -0.002099679, -0.0021422175, -0.0022217077, -0.0022954694, -0.0023307547, -0.0023989982, -0.002464772, -0.0025282975, -0.0025590113, -0.0026181128, -0.002673461, -0.0026996662, -0.0027490668, -0.0027948094, -0.0028164694, -0.0028575666, -0.0028959962, -0.0029316496, -0.0029482064, -0.002978243, -0.0030032115, -0.003013544, -0.0030296447, -0.003040391, -0.0030471233, -0.0030496854, -0.0030547695, -0.0030615844, -0.003066251, -0.0030788437, -0.0030958941, -0.0031058008, -0.0031272063, -0.003148575, -0.003167448, -0.0031752721, -0.0031867998, -0.0031925438, -0.0031932143, -0.0031904269, -0.0031830478, -0.0031724703, -0.003166354, -0.0031533234, -0.0031400556, -0.0031335275, -0.003121173, -0.0031102197, -0.0031055086, -0.003097515, -0.0030918792, -0.0030881886, -0.00308672, -0.0030838617, -0.0030799287, -0.003077119, -0.0030691146, -0.0030571455, -0.0030406634, -0.0030305702, -0.0030070883, -0.002979505, -0.002964492, -0.0029326722, -0.0028993478, -0.002865437, -0.0028485763, -0.0028153802, -0.002783505, -0.0027680998, -0.002738503, -0.0027101117, -0.0026961432, -0.0026680292, -0.0026388697, -0.002607835, -0.002591439, -0.0025565084, -0.0025187451, -0.0024988784, -0.0024572893, -0.0024137008, -0.002368534, -0.0023454214, -0.0022982147, -0.0022496514, -0.002224894, -0.0021745672, -0.0021234904, -0.002097749, -0.0020462645, -0.001995302, -0.0019453103, -0.0019208548, -0.0018730335, -0.001826614, -0.0018038808, -0.0017589759, -0.0017147692, -0.0016710836, -0.0016494051, -0.0016063674, -0.0015638741, -0.0015429523, -0.0015019058, -0.0014622582, -0.0014429792, -0.0014053925, -0.0013690738, -0.0013339228, -0.0013168298, -0.001283653, -0.0012519493, -0.0012366914, -0.0012073176, -0.0011795836, -0.0011536537, -0.0011414327, -0.0011181167, -0.0010961002, -0.0010854775, -0.0010649132, -0.0010451932, -0.0010356816, -0.0010172174, -0.0009992993, -0.0009817218, -0.00097294187, -0.0009553529, -0.000937512, -0.0009283423, -0.0009089696, -0.000887742, -0.0008640662, -0.0008511919, -0.0008237428, -0.0007969887, -0.0007869378, -0.0007887053, -0.00084859564
0, -0.0015965089, -0.0015019134, -0.001548222, -0.0016060412, -0.00174564, -0.0018881592, -0.0019558885, -0.0020819046, -0.0021951478, -0.0022970599, -0.0023444595, -0.0024337245, -0.0025177852, -0.0025584563, -0.0026377314, -0.002714108, -0.002786835, -0.002821343, -0.0028857475, -0.0029435826, -0.0029699292, -0.003017838, -0.003060308, -0.0030800125, -0.0031170794, -0.0031519926, -0.00318497, -0.0032004886, -0.0032286337, -0.0032514648, -0.0032603529, -0.0032725113, -0.0032770738, -0.0032750573, -0.0032721541, -0.0032638656, -0.0032541244, -0.0032493237, -0.0032408896, -0.0032346756, -0.003232452, -0.0032293508, -0.003227557, -0.0032260942, -0.0032253477, -0.0032231603, -0.003219823, -0.0032175474, -0.0032112012, -0.0032020211, -0.0031892536, -0.0031814063, -0.0031626988, -0.0031403329, -0.0031281065, -0.0031024425, -0.003076714, -0.0030644287, -0.0030419922, -0.0030235383, -0.0030094103, -0.0030039228, -0.0029954223, -0.0029891424, -0.0029863224, -0.0029804502, -0.002973675, -0.0029653974, -0.0029604726, -0.0029491812, -0.002935424, -0.0029275909, -0.002909793, -0.0028891028, -0.0028653934, -0.0028524664, -0.0028248134, -0.002795473, -0.0027804426, -0.002750513, -0.002721486, -0.0027074434, -0.0026803634, -0.0026541566, -0.0026279457, -0.002614586, -0.0025866015, -0.0025563845, -0.002540196, -0.0025056496, -0.0024685666, -0.0024292099, -0.0024088486, -0.0023668085, -0.0023232247, -0.0023008701, -0.0022550612, -0.0022077796, -0.0021835319, -0.0021340179, -0.0020831756, -0.002031557, -0.0020056083, -0.0019535995, -0.0019019616, -0.0018763304, -0.0018256312, -0.0017760547, -0.0017278305, -0.0017042258, -0.0016580486, -0.0016131559, -0.0015911362, -0.001547978, -0.0015058535, -0.0014851555, -0.0014443098, -0.0014039831, -0.0013642338, -0.0013446937, -0.0013065423, -0.0012700403, -0.0012525469, -0.0012191841, -0.0011883123, -0.0011600789, -0.0011468987, -0.0011222903, -0.001099377, -0.0010884407, -0.0010671692, -0.0010465394, -0.0010364163, -0.0010163861, -0.0009965118, -0.0009765578, -0.00096653996, -0.0009464743, -0.0009264341, -0.00091633626, -0.0008957576, -0.0008741838, -0.0008510157, -0.00083872705, -0.0008128619, -0.0007880716, -0.00077900937, -0.0007823998, -0.000842864
0, -0.0017024829, -0.0016095034, -0.0016685053, -0.0017343023, -0.001889539, -0.002045994, -0.0021200927, -0.0022581255, -0.0023833634, -0.002497835, -0.0025518308, -0.0026546705, -0.0027522524, -0.0027993938, -0.002890306, -0.0029759747, -0.0030550107, -0.0030915653, -0.003158033, -0.003215294, -0.0032404582, -0.0032845708, -0.0033215478, -0.0033379302, -0.0033676296, -0.0033945236, -0.003419296, -0.0034309356, -0.0034520794, -0.0034693743, -0.003476133, -0.0034852086, -0.003487807, -0.0034836947, -0.0034791948, -0.003465794, -0.0034470975, -0.0034360338, -0.003410994, -0.0033826258, -0.0033675565, -0.00333617, -0.0033044019, -0.0032736466, -0.0032591396, -0.003232407, -0.0032092726, -0.0031990893, -0.00318087, -0.0031642942, -0.0031474552, -0.0031383012, -0.0031175003, -0.003092694, -0.0030788905, -0.0030488253, -0.003016847, -0.0030007039, -0.0029690305, -0.0029394561, -0.0029129342, -0.0029009955, -0.0028797677, -0.0028615566, -0.0028533693, -0.0028386717, -0.002826146, -0.0028158447, -0.0028114885, -0.0028043243, -0.0027985277, -0.0027957768, -0.0027896916, -0.002781689, -0.002770546, -0.002763512, -0.0027461823, -0.0027248145, -0.0027128772, -0.002687286, -0.0026607176, -0.002647452, -0.0026213285, -0.0025958791, -0.0025708526, -0.002558287, -0.0025326335, -0.002505475, -0.0024911538, -0.0024608958, -0.0024286692, -0.0023947991, -0.002377332, -0.0023415335, -0.002304655, -0.0022857625, -0.0022468143, -0.0022061062, -0.0021849442, -0.0021409597, -0.0020944958, -0.0020457667, -0.0020206226, -0.0019692846, -0.001916875, -0.0018903792, -0.0018373571, -0.0017847624, -0.0017332648, -0.0017080416, -0.0016588352, -0.0016112219, -0.0015880264, -0.0015427233, -0.0014987051, -0.0014771322, -0.0014345249, -0.0013924808, -0.0013508509, -0.0013303414, -0.0012902209, -0.0012517084, -0.001233238, -0.0011980829, -0.0011655926, -0.001135953, -0.0011221496, -0.001096439, -0.0010727243, -0.0010614387, -0.0010396003, -0.0010185628, -0.0010082631, -0.0009880476, -0.00096820045, -0.0009486003, -0.00093892426, -0.0009198351, -0.0009012426, -0.00089199684, -0.00087335147, -0.0008539669, -0.0008330438, -0.00082186714, -0.00079816626, -0.0007754304, -0.00076737866, -0.00077253644, -0.0008339476
0, -0.0018043367, -0.0017125283, -0.0017829584, -0.0018559421, -0.0020253854, -0.0021949469, -0.0022753386, -0.0024261558, -0.002565102, -0.0026943241, -0.002755939, -0.0028739173, -0.0029851755, -0.003038191, -0.0031384595, -0.0032300455, -0.0033119023, -0.0033489126, -0.0034149613, -0.0034705005, -0.003494478, -0.0035354986, -0.0035683047, -0.0035819875, -0.0036048654, -0.0036224944, -0.0036356787, -0.00364071, -0.0036480392, -0.003651818, -0.0036523705, -0.0036509295, -0.0036457768, -0.0036364323, -0.0036299147, -0.003612619, -0.0035890914, -0.0035747013, -0.0035402142, -0.0034982865, -0.0034747296, -0.0034234438, -0.0033685092, -0.0033128147, -0.003285558, -0.003233618, -0.003186501, -0.003165134, -0.0031267318, -0.003093483, -0.00306385, -0.0030497902, -0.0030219266, -0.0029932677, -0.0029784576, -0.002947721, -0.0029157784, -0.002899477, -0.0028664642, -0.0028332327, -0.0028003377, -0.0027841376, -0.0027526473, -0.0027225, -0.002708059, -0.0026808907, -0.0026568202, -0.0026366937, -0.0026283716, -0.0026153151, -0.0026066906, -0.0026036426, -0.0025992952, -0.0025957944, -0.002591632, -0.0025887932, -0.0025808038, -0.0025694342, -0.0025624495, -0.0025462785, -0.002527833, -0.0025180439, -0.0024975347, -0.0024760521, -0.0024538937, -0.0024424726, -0.0024188978, -0.0023940792, -0.002381148, -0.0023542163, -0.0023259413, -0.0022967688, -0.0022818516, -0.0022513333, -0.002219825, -0.0022035972, -0.0021701215, -0.0021349469, -0.0021166592, -0.0020785248, -0.0020380707, -0.0019952708, -0.0019731037, -0.0019274047, -0.0018799971, -0.0018556628, -0.0018060711, -0.001755527, -0.0017045896, -0.0016792133, -0.0016290315, -0.0015798442, -0.0015557376, -0.0015086322, -0.0014631508, -0.00144098, -0.0013976238, -0.0013554158, -0.0013140274, -0.0012936689, -0.0012538523, -0.0012154629, -0.0011970061, -0.0011615016, -0.001128283, -0.00109745, -0.0010830014, -0.0010557882, -0.0010306337, -0.0010186802, -0.0009957722, -0.0009741531, -0.0009637605, -0.00094389776, -0.0009253084, -0.0009079319, -0.00089969597, -0.0008840815, -0.0008694298, -0.0008622457, -0.00084771245, -0.0008320857, -0.0008143403, -0.00080448226, -0.0007829845, -0.00076200423, -0.00075475394, -0.00076140946, -0.0008239308
0, -0.0019392035, -0.0018479332, -0.0019347011, -0.0020189553, -0.0022135398, -0.0024100458, -0.0025044605, -0.0026842225, -0.0028522138, -0.0030090162, -0.0030832067, -0.0032226641, -0.0033496113, -0.0034082048, -0.0035156186, -0.0036106603, -0.003694194, -0.0037320657, -0.0038008136, -0.003860796, -0.003887617, -0.0039348374, -0.0039729956, -0.0039884374, -0.004011275, -0.004022742, -0.0040221447, -0.00401739, -0.0039996724, -0.0039724526, -0.003956045, -0.0039190017, -0.0038780782, -0.0038347482, -0.0038124563, -0.003766982, -0.0037199785, -0.0036958556, -0.003645828, -0.0035926595, -0.0035647338, -0.0035059145, -0.0034431163, -0.003376628, -0.003342053, -0.0032706542, -0.0031966085, -0.0031588704, -0.003082731, -0.0030071486, -0.0029338796, -0.0028986037, -0.002831782, -0.0027706572, -0.0027423904, -0.0026903986, -0.0026440353, -0.0026226887, -0.0025828173, -0.0025455013, -0.0025096305, -0.002491997, -0.0024571526, -0.0024228666, -0.002406005, -0.0023728632, -0.0023407026, -0.0023097987, -0.0022948973, -0.0022662524, -0.0022393789, -0.0022267203, -0.002203418, -0.002183333, -0.0021670545, -0.0021605159, -0.0021504562, -0.0021440864, -0.002141918, -0.0021389755, -0.0021364652, -0.0021348898, -0.002130424, -0.0021233626, -0.0021134634, -0.0021076004, -0.002094396, -0.0020799618, -0.002072426, -0.0020569328, -0.0020409718, -0.0020240317, -0.0020149904, -0.0019952692, -0.001972691, -0.0019602657, -0.0019331417, -0.0019036471, -0.0018883252, -0.0018571696, -0.0018260265, -0.0017953705, -0.0017803248, -0.0017506441, -0.0017209871, -0.0017059263, -0.0016745402, -0.0016408783, -0.0016045138, -0.001585441, -0.0015459236, -0.0015052501, -0.0014848288, -0.0014443159, -0.0014050023, -0.0013859163, -0.0013490907, -0.0013138435, -0.0012796844, -0.0012629101, -0.0012297785, -0.0011972276, -0.0011812093, -0.0011498359, -0.0011196911, -0.0010910848, -0.0010773967, -0.0010513976, -0.0010270779, -0.0010154844, -0.0009933115, -0.00097227306, -0.00096222095, -0.00094317255, -0.000925823, -0.0009104478, -0.0009034611, -0.00089066266, -0.00087876414, -0.000872937, -0.0008606047, -0.0008462535, -0.0008286802, -0.00081836653, -0.00079490576, -0.0007711222, -0.00076242315, -0.00076677656, -0.0008284178
0, -0.0019668466, -0.0018756349, -0.001967224, -0.002055212, -0.0022586707, -0.0024649317, -0.002564318, -0.0027534922, -0.0029297092, -0.003092778, -0.0031692907, -0.0033118275, -0.003440297, -0.003499361, -0.0036075695, -0.003703642, -0.0037892004, -0.003828508, -0.0039008372, -0.003965229, -0.0039944607, -0.004046456, -0.0040889736, -0.004106312, -0.004132302, -0.004145943, -0.004146956, -0.004142729, -0.0041253734, -0.004097001, -0.0040791295, -0.0040368666, -0.0039873137, -0.003931848, -0.003902405, -0.0038410202, -0.0037776537, -0.0037456485, -0.003681905, -0.0036189537, -0.0035878627, -0.003526137, -0.0034642073, -0.0034005742, -0.0033676643, -0.0032986563, -0.003224741, -0.003185829, -0.0031042437, -0.0030190938, -0.0029327, -0.0028898958, -0.002806715, -0.0027284266, -0.0026915187, -0.002622505, -0.0025598502, -0.0025307767, -0.002476661, -0.0024272483, -0.0023820924, -0.0023609584, -0.0023214766, -0.002285694, -0.0022691428, -0.0022384243, -0.0022100375, -0.0021828476, -0.002169262, -0.0021415579, -0.0021128468, -0.002098173, -0.0020687361, -0.0020404172, -0.0020150535, -0.0020039736, -0.0019855401, -0.0019724786, -0.0019677482, -0.0019612333, -0.00195695, -0.0019551641, -0.0019511575, -0.0019454139, -0.0019376359, -0.0019330139, -0.0019228911, -0.0019122543, -0.00190692, -0.0018964763, -0.0018861232, -0.0018751099, -0.0018690634, -0.0018552733, -0.0018384035, -0.001828683, -0.0018066053, -0.001781736, -0.0017686528, -0.0017420354, -0.0017157241, -0.0016904556, -0.0016782946, -0.0016548672, -0.001631998, -0.0016206156, -0.0015970027, -0.0015715972, -0.0015439751, -0.0015293125, -0.0014986503, -0.0014669048, -0.0014508979, -0.0014190836, -0.0013880993, -0.0013730383, -0.0013438071, -0.0013154887, -0.0012877246, -0.0012738929, -0.0012463258, -0.0012187305, -0.0012051252, -0.0011785399, -0.0011531728, -0.0011293138, -0.0011180523, -0.0010968798, -0.0010771959, -0.0010677503, -0.0010492987, -0.001031125, -0.0010220406, -0.0010040188, -0.000986431, -0.0009696911, -0.0009616537, -0.0009461619, -0.0009310217, -0.00092340715, -0.0009073402, -0.00088921236, -0.0008677958, -0.0008555165, -0.000828031, -0.00080003776, -0.0007892369, -0.000789738, -0.0008492721
0, -0.0019756663, -0.0018848405, -0.001979351, -0.0020693766, -0.0022772464, -0.0024875142, -0.0025884418, -0.002779603, -0.0029562265, -0.0031186705, -0.0031945899, -0.0033362259, -0.0034644825, -0.0035238639, -0.0036336214, -0.0037322359, -0.0038207038, -0.0038614005, -0.003935928, -0.004001521, -0.004030909, -0.004082348, -0.0041236165, -0.0041401926, -0.00416512, -0.0041793142, -0.004183183, -0.00418151, -0.0041710287, -0.004151448, -0.004138152, -0.0041044205, -0.0040611257, -0.00400844, -0.003978838, -0.00391394, -0.003843154, -0.0038063559, -0.0037316757, -0.0036576493, -0.0036214683, -0.0035513826, -0.003483832, -0.0034174537, -0.0033841487, -0.0033160334, -0.0032445437, -0.003207132, -0.0031287556, -0.0030459971, -0.0029604253, -0.0029172674, -0.0028315585, -0.0027482524, -0.0027078406, -0.0026299495, -0.0025559538, -0.0025204967, -0.0024524448, -0.0023888135, -0.0023298198, -0.002302258, -0.0022515415, -0.0022072296, -0.0021875966, -0.0021529237, -0.0021233705, -0.0020971613, -0.0020845481, -0.0020592602, -0.0020326336, -0.002018651, -0.0019893697, -0.0019592736, -0.0019298418, -0.0019159953, -0.0018909333, -0.0018700184, -0.0018611428, -0.001846258, -0.0018342005, -0.001828805, -0.0018185334, -0.0018080828, -0.0017971628, -0.0017915164, -0.0017802177, -0.0017695341, -0.001764509, -0.001755383, -0.0017469751, -0.0017386843, -0.0017342452, -0.0017243264, -0.0017124194, -0.0017054735, -0.0016895417, -0.0016713903, -0.001661691, -0.001641688, -0.00162158, -0.0016019791, -0.0015924034, -0.0015736317, -0.0015550423, -0.0015457346, -0.0015266018, -0.0015063973, -0.0014850253, -0.0014738635, -0.0014509592, -0.0014277865, -0.0014162445, -0.0013935539, -0.0013713499, -0.0013604278, -0.0013388668, -0.0013174313, -0.0012958212, -0.0012847967, -0.0012624633, -0.0012399195, -0.0012287529, -0.0012072308, -0.0011871943, -0.0011688339, -0.0011603975, -0.0011447228, -0.0011303498, -0.001123398, -0.0011093935, -0.0010947062, -0.0010869398, -0.0010704336, -0.0010528486, -0.0010347085, -0.0010255098, -0.0010070036, -0.0009882116, -0.0009785806, -0.0009584428, -0.00093646836, -0.0009113333, -0.00089727226, -0.00086626085, -0.0008345451, -0.0008218238, -0.0008186718, -0.0008763792
0, -0.0019711247, -0.0018803984, -0.0019747643, -0.0020645177, -0.0022711935, -0.0024789502, -0.002578038, -0.0027644616, -0.0029354705, -0.0030924918, -0.003166144, -0.0033045122, -0.0034317756, -0.003491466, -0.0036032565, -0.0037047586, -0.0037958166, -0.0038372814, -0.0039117634, -0.0039747856, -0.0040019085, -0.004047531, -0.0040820194, -0.004095282, -0.004114722, -0.0041260053, -0.0041305274, -0.0041306596, -0.004126976, -0.004117666, -0.00411062, -0.004090843, -0.004062363, -0.0040240977, -0.0040010954, -0.003947412, -0.003884245, -0.0038496656, -0.003776097, -0.0036990973, -0.0036602472, -0.003583227, -0.003507995, -0.00343472, -0.0033987332, -0.00332754, -0.0032567321, -0.0032211975, -0.0031493516, -0.003075982, -0.003001218, -0.0029635464, -0.0028880334, -0.0028129017, -0.0027755615, -0.0027013363, -0.0026275832, -0.0025909024, -0.0025183046, -0.0024472666, -0.0023786677, -0.0023457068, -0.0022832353, -0.0022267306, -0.002200982, -0.0021548732, -0.0021154312, -0.0020814585, -0.0020660178, -0.002037209, -0.0020095618, -0.001995865, -0.0019679514, -0.0019393536, -0.0019103211, -0.0018959319, -0.0018680157, -0.0018418548, -0.0018294684, -0.0018062481, -0.0017849104, -0.0017748284, -0.0017556562, -0.0017375731, -0.0017204023, -0.0017121766, -0.0016965887, -0.0016824951, -0.0016760651, -0.0016645257, -0.0016542268, -0.0016446576, -0.0016399982, -0.0016305788, -0.0016208421, -0.0016156827, -0.001604618, -0.001592624, -0.0015863088, -0.0015730684, -0.0015594104, -0.0015453147, -0.0015380351, -0.0015229353, -0.0015071691, -0.0014990005, -0.0014822041, -0.0014649484, -0.0014474301, -0.0014386746, -0.0014214272, -0.0014048647, -0.001396822, -0.001381245, -0.001365934, -0.0013582734, -0.0013427151, -0.001326627, -0.0013097711, -0.0013010127, -0.001282931, -0.0012645691, -0.0012554558, -0.0012379694, -0.0012218343, -0.0012074201, -0.0012007661, -0.0011884473, -0.0011770251, -0.00117141, -0.0011597696, -0.0011469586, -0.0011399491, -0.0011244804, -0.0011071842, -0.0010884072, -0.0010786514, -0.0010584844, -0.0010375195, -0.0010266855, -0.0010040392, -0.0009794922, -0.00095180335, -0.00093647034, -0.0009028423, -0.00086821575, -0.000853886, -0.00084782776, -0.0009043979
0, -0.0019534242, -0.0018616816, -0.001951619, -0.0020384195, -0.0022382212, -0.0024382134, -0.0025331797, -0.002711248, -0.0028742475, -0.0030242046, -0.0030949255, -0.0032288826, -0.0033536914, -0.0034128332, -0.0035244892, -0.003626567, -0.0037179429, -0.0037591695, -0.0038320974, -0.003891693, -0.003916507, -0.0039567077, -0.003985526, -0.0039961953, -0.0040114657, -0.004020256, -0.0040242015, -0.00402479, -0.0040236874, -0.0040193265, -0.004015715, -0.0040051797, -0.003989049, -0.0039661005, -0.0039516944, -0.0039166235, -0.0038722754, -0.0038467397, -0.0037890144, -0.0037239005, -0.0036892553, -0.0036169821, -0.003542636, -0.0034680055, -0.0034310077, -0.0033583944, -0.0032883207, -0.0032543505, -0.0031885018, -0.0031247318, -0.0030621418, -0.0030311365, -0.002969478, -0.0029077185, -0.00287667, -0.0028138766, -0.0027498156, -0.0027172463, -0.0026511531, -0.0025841962, -0.002516816, -0.002483222, -0.0024169937, -0.0023529965, -0.002322312, -0.0022642754, -0.0022112757, -0.0021635003, -0.0021415926, -0.0021014637, -0.0020655289, -0.002048894, -0.0020172957, -0.0019871376, -0.0019575024, -0.0019428249, -0.0019136037, -0.0018845462, -0.0018701362, -0.0018415734, -0.0018136066, -0.0017999281, -0.0017737238, -0.0017490406, -0.0017259526, -0.0017149961, -0.0016942518, -0.0016753457, -0.0016666373, -0.0016504193, -0.0016356133, -0.0016218633, -0.0016153665, -0.0016032014, -0.0015920518, -0.0015868825, -0.0015771027, -0.0015678952, -0.0015634014, -0.0015544173, -0.001545178, -0.0015351265, -0.0015297114, -0.0015179099, -0.0015048281, -0.0014978389, -0.001483483, -0.001469041, -0.0014547881, -0.0014479158, -0.0014347628, -0.00142266, -0.0014169521, -0.0014059182, -0.0013950632, -0.0013895702, -0.0013781273, -0.0013659071, -0.0013527931, -0.001345945, -0.0013316845, -0.0013169969, -0.0013096298, -0.0012950937, -0.0012812144, -0.0012681969, -0.0012619589, -0.0012497763, -0.0012378157, -0.0012317433, -0.0012191363, -0.0012054435, -0.0011980442, -0.0011820006, -0.0011643732, -0.0011452805, -0.0011352546, -0.0011143219, -0.0010921379, -0.0010805267, -0.001055879, -0.0010287034, -0.0009979376, -0.0009809698, -0.0009436963, -0.0009049505, -0.0008885008, -0.0008786512, -0.0009336946
0, -0.0019200006, -0.0018257865, -0.0019076109, -0.0019892545, -0.0021780988, -0.0023674213, -0.0024573677, -0.0026262186, -0.0027811746, -0.0029241648, -0.002991751, -0.003119921, -0.0032395825, -0.0032962896, -0.0034031651, -0.0035008492, -0.003588389, -0.0036279734, -0.0036983122, -0.0037566193, -0.0037813236, -0.0038224927, -0.0038539148, -0.0038664588, -0.0038860354, -0.0038991196, -0.003906399, -0.0039080833, -0.003907936, -0.0039037727, -0.0039003864, -0.003891408, -0.0038796947, -0.0038653505, -0.0038570743, -0.0038379144, -0.0038141524, -0.0038001032, -0.0037665972, -0.0037253646, -0.0037018403, -0.0036493926, -0.0035911468, -0.003528962, -0.0034970113, -0.0034326958, -0.0033695647, -0.003338829, -0.0032794587, -0.0032228723, -0.0031683783, -0.0031416311, -0.0030888459, -0.0030364676, -0.0030102273, -0.002957577, -0.0029043732, -0.0028774943, -0.0028230832, -0.0027676767, -0.002710824, -0.0026817056, -0.0026221143, -0.0025609625, -0.0025300337, -0.002468144, -0.0024072463, -0.0023485343, -0.002320433, -0.0022673279, -0.0022189354, -0.0021965115, -0.0021548946, -0.0021167453, -0.0020809832, -0.0020637289, -0.0020301233, -0.0019971933, -0.0019808826, -0.0019485599, -0.0019166537, -0.001901003, -0.0018706631, -0.0018419428, -0.001814758, -0.0018017072, -0.0017766078, -0.001752988, -0.001741646, -0.0017200607, -0.0016997586, -0.0016804766, -0.0016712679, -0.00165397, -0.0016383592, -0.0016312917, -0.0016185442, -0.00160734, -0.0016022659, -0.0015928089, -0.0015840633, -0.0015754413, -0.0015710574, -0.0015617876, -0.0015517992, -0.0015465763, -0.001535925, -0.0015254578, -0.0015151625, -0.001510182, -0.0015005446, -0.0014915618, -0.0014872447, -0.0014789432, -0.0014707821, -0.0014666322, -0.0014580361, -0.0014490134, -0.0014395528, -0.0014346492, -0.0014243356, -0.0014134032, -0.0014076451, -0.001395762, -0.0013834329, -0.0013706854, -0.0013641217, -0.0013504915, -0.0013361525, -0.0013286854, -0.0013131748, -0.0012966617, -0.001288032, -0.0012698304, -0.0012504649, -0.0012298895, -0.0012190717, -0.0011963368, -0.0011717058, -0.0011585566, -0.0011301291, -0.0010981743, -0.001061798, -0.0010416288, -0.0009975269, -0.0009516373, -0.0009316183, -0.0009153912, -0.0009673678
0, -0.0018723897, -0.0017750673, -0.001847109, -0.001922769, -0.002099511, -0.0022775626, -0.0023623481, -0.0025217517, -0.0026683863, -0.0028035524, -0.002867355, -0.0029876714, -0.0030987584, -0.003150861, -0.003248208, -0.0033364089, -0.003415501, -0.003451832, -0.0035181711, -0.0035768354, -0.0036035015, -0.0036520264, -0.0036945636, -0.0037136443, -0.0037470753, -0.0037734858, -0.0037917714, -0.0037976906, -0.0038033691, -0.003801944, -0.0037991912, -0.0037908747, -0.003780488, -0.0037698802, -0.0037648296, -0.0037555203, -0.0037469072, -0.003742262, -0.0037311378, -0.003715691, -0.003705756, -0.0036809915, -0.0036498704, -0.0036129071, -0.0035926239, -0.003549193, -0.0035031745, -0.0034795858, -0.0034317651, -0.0033836078, -0.0033350945, -0.0033106897, -0.0032616796, -0.003212674, -0.003188287, -0.003140121, -0.003092929, -0.0030697798, -0.003024321, -0.002979481, -0.0029343981, -0.002911304, -0.0028633107, -0.002812291, -0.002785484, -0.0027295912, -0.0026711072, -0.0026111363, -0.0025810115, -0.002521449, -0.0024640188, -0.0024363324, -0.0023834421, -0.0023338194, -0.002287134, -0.0022647986, -0.002221919, -0.0021811575, -0.0021614449, -0.0021232169, -0.0020864909, -0.0020687142, -0.0020343177, -0.002001582, -0.0019702362, -0.0019550119, -0.0019253807, -0.0018967198, -0.0018827508, -0.0018557132, -0.0018297951, -0.0018050035, -0.0017930149, -0.0017699748, -0.0017485534, -0.0017385216, -0.0017196407, -0.0017025339, -0.0016946181, -0.0016801768, -0.0016676272, -0.0016568592, -0.0016520376, -0.0016432975, -0.0016354809, -0.0016319038, -0.0016250844, -0.0016186651, -0.0016122756, -0.001609019, -0.0016023647, -0.0015955865, -0.0015921597, -0.0015854408, -0.001578932, -0.0015757444, -0.0015694093, -0.0015632329, -0.001557122, -0.0015539945, -0.0015473695, -0.0015397742, -0.001535521, -0.0015260833, -0.0015152794, -0.0015030791, -0.0014964156, -0.0014820459, -0.0014662698, -0.0014578296, -0.0014400112, -0.0014209474, -0.0014109258, -0.0013899384, -0.0013675038, -0.0013435867, -0.0013309346, -0.0013040906, -0.00127461, -0.0012586741, -0.0012239888, -0.001184796, -0.0011402116, -0.0011156366, -0.0010621733, -0.001006594, -0.0009818198, -0.00095726363, -0.0010048775
0, -0.0018211292, -0.0017209658, -0.0017840738, -0.0018543834, -0.0020201218, -0.0021873235, -0.0022668405, -0.0024158808, -0.002552299, -0.0026772867, -0.0027358485, -0.0028454768, -0.0029452525, -0.002991455, -0.003076662, -0.0031528734, -0.0032214816, -0.0032535247, -0.003314368, -0.003372479, -0.0034008762, -0.0034567162, -0.0035108514, -0.003536909, -0.0035858313, -0.0036286458, -0.0036629522, -0.0036765132, -0.0036960933, -0.0037066757, -0.003709276, -0.0037104096, -0.003708383, -0.0037055486, -0.003704364, -0.003703497, -0.0037050531, -0.003706611, -0.0037104404, -0.0037137114, -0.0037145826, -0.003713991, -0.0037096005, -0.0037008824, -0.0036947539, -0.0036786916, -0.0036573876, -0.0036448138, -0.0036159332, -0.0035823495, -0.0035445618, -0.0035242976, -0.0034815131, -0.0034367987, -0.0034141606, -0.0033690014, -0.0033247976, -0.0033032186, -0.0032614209, -0.0032211035, -0.0031817316, -0.0031620397, -0.0031219032, -0.0030797175, -0.003057618, -0.0030110907, -0.0029612752, -0.0029082356, -0.002880609, -0.002823619, -0.002765115, -0.0027355931, -0.0026765552, -0.0026182614, -0.0025612672, -0.0025335406, -0.0024796857, -0.0024284816, -0.002403902, -0.0023566398, -0.002311716, -0.0022901082, -0.0022480723, -0.0022077817, -0.0021689136, -0.0021499367, -0.0021128457, -0.0020769795, -0.0020595544, -0.0020260909, -0.0019944757, -0.0019645242, -0.0019501406, -0.0019222511, -0.0018955673, -0.00188262, -0.0018574805, -0.0018334076, -0.001821894, -0.0018003308, -0.0017813015, -0.0017652566, -0.0017584353, -0.0017471553, -0.001738524, -0.0017350495, -0.0017293459, -0.0017244582, -0.0017196734, -0.0017171138, -0.0017116098, -0.0017054877, -0.0017023922, -0.0016963409, -0.0016906798, -0.0016881089, -0.0016834324, -0.0016793067, -0.0016753591, -0.00167334, -0.0016687082, -0.0016627958, -0.0016593388, -0.0016511187, -0.0016412385, -0.0016298342, -0.0016236085, -0.0016099421, -0.0015946823, -0.0015863916, -0.0015683181, -0.001548238, -0.0015373473, -0.0015137836, -0.0014878536, -0.0014593817, -0.0014441678, -0.0014116477, -0.0013759814, -0.0013567905, -0.0013151587, -0.0012684851, -0.0012156714, -0.0011867989, -0.0011244043, -0.0010595797, -0.0010302871, -0.00099778, -0.0010413062
0, -0.0017825417, -0.0016801478, -0.0017364922, -0.0018025994, -0.0019589323, -0.002115482, -0.0021892744, -0.0023262661, -0.002450126, -0.0025622754, -0.0026143752, -0.0027110777, -0.002798207, -0.0028382984, -0.0029118096, -0.0029775526, -0.0030373055, -0.003065778, -0.003121306, -0.0031766754, -0.0032047196, -0.0032615997, -0.0033189412, -0.0033474276, -0.0034030455, -0.0034553932, -0.003502784, -0.0035241605, -0.0035617216, -0.0035926786, -0.0036059362, -0.003628708, -0.003647413, -0.0036630705, -0.0036700736, -0.0036830788, -0.0036955546, -0.0037019772, -0.003715088, -0.0037287178, -0.0037356927, -0.0037497063, -0.0037633306, -0.0037757615, -0.0037811047, -0.0037889862, -0.0037919353, -0.0037912934, -0.0037850514, -0.0037721938, -0.003753035, -0.0037412907, -0.0037138618, -0.0036823219, -0.0036653655, -0.003629741, -0.0035923568, -0.0035732042, -0.003534055, -0.0034943891, -0.0034544289, -0.0034344117, -0.003394191, -0.003353635, -0.003333095, -0.0032913098, -0.0032480299, -0.0032023748, -0.0031784838, -0.0031280827, -0.0030739368, -0.0030456218, -0.002986713, -0.0029257888, -0.0028638314, -0.0028327892, -0.0027713997, -0.0027116323, -0.002682551, -0.0026259818, -0.0025713448, -0.0025446669, -0.0024922134, -0.0024409012, -0.002390629, -0.0023660087, -0.0023178714, -0.002271755, -0.002249652, -0.0022076878, -0.0021689285, -0.0021332526, -0.0021163807, -0.0020842378, -0.0020533148, -0.002038186, -0.0020083243, -0.0019790467, -0.001964673, -0.0019370738, -0.0019118179, -0.001889697, -0.0018801033, -0.0018637959, -0.0018510481, -0.0018457769, -0.0018369748, -0.001829413, -0.0018223407, -0.001818769, -0.0018114056, -0.0018038363, -0.001800103, -0.0017932922, -0.0017874255, -0.0017849474, -0.0017806833, -0.0017770465, -0.001773312, -0.0017712021, -0.0017660165, -0.0017592617, -0.0017552442, -0.0017460599, -0.0017355233, -0.0017241343, -0.0017181172, -0.0017054823, -0.0016915995, -0.0016839762, -0.0016669169, -0.001646738, -0.0016353249, -0.0016097431, -0.0015804446, -0.0015474906, -0.001529793, -0.0014920612, -0.0014511064, -0.0014293642, -0.0013827006, -0.0013309572, -0.0012728567, -0.0012411294, -0.0011727479, -0.001101655, -0.0010691783, -0.0010310801, -0.0010720087
0, -0.0017711177, -0.0016664484, -0.0017176564, -0.0017802917, -0.0019277132, -0.0020728256, -0.0021401558, -0.0022635472, -0.00237334, -0.0024716177, -0.0025169242, -0.0026005334, -0.0026756902, -0.0027104395, -0.002775089, -0.002834383, -0.0028898274, -0.0029166646, -0.0029694168, -0.0030217348, -0.0030478348, -0.0030999894, -0.0031514547, -0.0031769942, -0.0032275922, -0.0032781903, -0.003329116, -0.0033547264, -0.0034061007, -0.0034572633, -0.003482447, -0.0035317133, -0.0035781292, -0.0036200713, -0.0036390384, -0.0036726007, -0.0037006985, -0.003713157, -0.0037358345, -0.003757252, -0.0037679537, -0.0037899665, -0.0038133513, -0.0038374874, -0.0038495134, -0.0038723156, -0.0038920154, -0.0039002453, -0.0039130026, -0.00392053, -0.003922927, -0.0039222105, -0.0039170235, -0.003907156, -0.003900437, -0.0038831127, -0.0038603432, -0.0038467457, -0.003815198, -0.0037783918, -0.0037374734, -0.0037160267, -0.003671919, -0.0036273536, -0.0036051823, -0.0035612942, -0.0035177697, -0.0034737298, -0.0034511439, -0.0034038906, -0.0033530733, -0.003326137, -0.0032695686, -0.0032097301, -0.0031476053, -0.0031159758, -0.0030521825, -0.0029885774, -0.0029569904, -0.0028945312, -0.0028325715, -0.0028017638, -0.0027401904, -0.0026786102, -0.0026175315, -0.0025873424, -0.0025281198, -0.0024713138, -0.002444073, -0.0023924604, -0.0023450307, -0.0023019053, -0.0022817762, -0.0022438816, -0.002208177, -0.0021909408, -0.0021572667, -0.0021245258, -0.002108502, -0.0020773632, -0.0020480214, -0.0020213965, -0.0020093187, -0.001987719, -0.0019694252, -0.001961377, -0.0019468619, -0.0019338088, -0.0019216144, -0.0019157536, -0.0019043246, -0.0018935147, -0.001888478, -0.0018793779, -0.0018719373, -0.0018688347, -0.001863427, -0.0018585258, -0.001853003, -0.001849729, -0.0018418666, -0.0018320841, -0.0018264855, -0.0018143544, -0.0018014048, -0.0017883761, -0.001781919, -0.0017690016, -0.0017553007, -0.0017478438, -0.0017308424, -0.0017100191, -0.0016978888, -0.0016701913, -0.0016378483, -0.0016013809, -0.0015818576, -0.0015405432, -0.0014966514, -0.0014735739, -0.00142465, -0.0013709441, -0.0013108711, -0.0012780448, -0.0012069494, -0.0011325373, -0.0010982933, -0.0010569649, -0.0010966284
0, -0.001797548, -0.0016878138, -0.0017322814, -0.0017906937, -0.0019274476, -0.0020594168, -0.0021196678, -0.0022287357, -0.002324683, -0.0024101743, -0.0024494585, -0.0025220152, -0.0025879233, -0.0026189268, -0.002678083, -0.0027347694, -0.002789956, -0.0028171372, -0.0028706123, -0.002922468, -0.0029476502, -0.002995762, -0.0030406977, -0.0030621698, -0.003104165, -0.0031471953, -0.0031940266, -0.0032195633, -0.0032754783, -0.003337614, -0.003370581, -0.0034385708, -0.0035068584, -0.003571711, -0.003601864, -0.0036562262, -0.0037023167, -0.003722567, -0.00375879, -0.0037914112, -0.003807069, -0.0038380923, -0.0038695799, -0.0039012088, -0.0039168606, -0.003947048, -0.003974706, -0.003987393, -0.004010258, -0.004030352, -0.0040479316, -0.0040558497, -0.004069555, -0.0040798723, -0.0040833824, -0.0040858686, -0.0040808227, -0.0040749195, -0.004055979, -0.0040276744, -0.0039913557, -0.003970869, -0.003926639, -0.0038797688, -0.0038559185, -0.0038079773, -0.003760098, -0.0037120858, -0.0036876928, -0.003637628, -0.0035849705, -0.003557564, -0.003500679, -0.0034413252, -0.0033801459, -0.0033489782, -0.0032857014, -0.0032217118, -0.0031895053, -0.003124812, -0.003059524, -0.0030266414, -0.0029603417, -0.002893542, -0.0028267093, -0.0027935386, -0.0027281328, -0.0026646238, -0.0026338801, -0.0025746464, -0.0025190725, -0.0024676393, -0.0024434186, -0.0023978243, -0.0023554047, -0.0023352536, -0.0022968461, -0.0022605592, -0.0022431388, -0.0022096813, -0.0021781349, -0.0021488064, -0.0021350458, -0.0021095937, -0.0020867044, -0.0020761238, -0.0020563656, -0.0020380681, -0.002021003, -0.0020128991, -0.0019975274, -0.0019834442, -0.0019769613, -0.0019652431, -0.0019554493, -0.0019512126, -0.001943544, -0.0019362349, -0.0019279011, -0.0019231071, -0.0019119491, -0.001898844, -0.0018915889, -0.0018762083, -0.0018603987, -0.0018447806, -0.0018371978, -0.0018221347, -0.0018065257, -0.001798085, -0.0017789911, -0.0017559136, -0.0017425945, -0.0017123033, -0.0016773279, -0.0016384223, -0.0016178109, -0.0015746667, -0.0015293489, -0.0015057327, -0.0014560508, -0.0014016529, -0.0013407854, -0.0013074558, -0.0012348599, -0.0011582844, -0.0011228283, -0.001079165, -0.0011180553
0, -0.0018770427, -0.0017516435, -0.0017783331, -0.0018284181, -0.0019493318, -0.0020665673, -0.0021198364, -0.0022159864, -0.0023006827, -0.0023765531, -0.0024116472, -0.002476995, -0.0025372372, -0.0025659574, -0.0026220812, -0.0026777624, -0.0027337999, -0.0027619307, -0.0028180894, -0.0028730817, -0.0028997695, -0.002950569, -0.0029972505, -0.003019003, -0.003060444, -0.0031013298, -0.0031452356, -0.0031693683, -0.0032234013, -0.0032854376, -0.0033192493, -0.0033908987, -0.0034654287, -0.003539217, -0.0035746992, -0.003641348, -0.0037014026, -0.0037290542, -0.0037804837, -0.0038281432, -0.0038509967, -0.0038953593, -0.003937913, -0.0039780824, -0.003997078, -0.0040321653, -0.0040629464, -0.00407683, -0.0041019134, -0.0041246046, -0.0041461005, -0.0041565862, -0.0041768057, -0.004195241, -0.004203354, -0.004215938, -0.00422174, -0.004221524, -0.0042139413, -0.0041966066, -0.0041702585, -0.004154196, -0.0041172956, -0.0040752366, -0.004052727, -0.004005243, -0.003955196, -0.003902862, -0.0038758481, -0.003820217, -0.0037623893, -0.00373279, -0.0036724894, -0.003611338, -0.003549569, -0.0035184296, -0.0034555353, -0.0033916011, -0.003359188, -0.0032935522, -0.00322702, -0.003193469, -0.0031260287, -0.0030585548, -0.0029916405, -0.002958517, -0.002893127, -0.0028289454, -0.0027973384, -0.0027352048, -0.0026748707, -0.0026170416, -0.0025892092, -0.0025359236, -0.0024861423, -0.002462559, -0.00241816, -0.002377428, -0.0023582233, -0.0023221574, -0.0022884847, -0.002257128, -0.002242226, -0.002214174, -0.002188366, -0.0021762345, -0.002153307, -0.0021320104, -0.0021124291, -0.0021031955, -0.0020858683, -0.002070141, -0.002062807, -0.0020493201, -0.0020374032, -0.0020319382, -0.0020218096, -0.0020118263, -0.0020010015, -0.0019950438, -0.0019819243, -0.0019671111, -0.0019591267, -0.0019423466, -0.0019249175, -0.0019073194, -0.0018984987, -0.0018805464, -0.0018616427, -0.0018514211, -0.0018288507, -0.001802563, -0.0017878592, -0.0017551751, -0.0017184456, -0.0016783054, -0.0016571668, -0.0016130802, -0.0015666438, -0.001542417, -0.0014912897, -0.0014350545, -0.0013720538, -0.0013375217, -0.0012624601, -0.0011831195, -0.0011462134, -0.0011000041, -0.0011377942
0, -0.0020409015, -0.001865081, -0.0018438776, -0.0018773127, -0.001976082, -0.0020801607, -0.0021288032, -0.0022176867, -0.0022969972, -0.002368915, -0.002402467, -0.0024654407, -0.0025236763, -0.0025514495, -0.002605738, -0.002659821, -0.0027151005, -0.0027434106, -0.0028013613, -0.0028606863, -0.0028905678, -0.0029499282, -0.0030073489, -0.003034831, -0.0030874005, -0.0031374095, -0.0031868406, -0.0032121963, -0.003265346, -0.0033226563, -0.0033529797, -0.003416527, -0.003482866, -0.003550405, -0.0035840888, -0.0036504525, -0.0037149657, -0.0037465112, -0.0038084588, -0.0038689368, -0.0038985338, -0.0039558853, -0.004009845, -0.004059067, -0.0040814937, -0.0041214456, -0.0041546137, -0.0041687554, -0.0041929455, -0.0042128875, -0.004230179, -0.00423819, -0.00425299, -0.004265774, -0.0042712763, -0.0042795343, -0.0042833425, -0.004283253, -0.0042785383, -0.0042675347, -0.004250344, -0.0042395145, -0.0042134626, -0.0041815694, -0.0041634017, -0.004122455, -0.004075678, -0.0040235296, -0.0039956123, -0.0039369385, -0.00387537, -0.003843949, -0.0037805282, -0.0037170348, -0.0036537258, -0.0036221272, -0.003558521, -0.0034937123, -0.003460787, -0.00339385, -0.0033261434, -0.0032921054, -0.0032243005, -0.0031576192, -0.0030925882, -0.0030608203, -0.0029984512, -0.0029371604, -0.0029067036, -0.002845864, -0.002785077, -0.0027250266, -0.00269541, -0.0026378261, -0.0025831314, -0.0025570786, -0.0025079718, -0.0024631433, -0.0024421688, -0.0024030732, -0.002366955, -0.0023334257, -0.0023175022, -0.0022873073, -0.0022595152, -0.0022464844, -0.0022220707, -0.002199732, -0.0021795318, -0.0021701613, -0.0021527694, -0.0021367536, -0.0021291676, -0.0021147314, -0.0021011652, -0.002094699, -0.0020822308, -0.0020699594, -0.0020574685, -0.0020509872, -0.002037615, -0.0020232007, -0.0020156722, -0.0019997847, -0.001982842, -0.001964736, -0.0019552216, -0.0019352067, -0.0019133226, -0.0019015147, -0.0018758448, -0.0018470439, -0.0018314174, -0.0017977295, -0.0017607858, -0.001720821, -0.0016996849, -0.0016551582, -0.0016074238, -0.0015821646, -0.0015281609, -0.0014684111, -0.0014015015, -0.0013650425, -0.001286381, -0.0012038591, -0.0011655241, -0.0011169395, -0.0011537484
0, -0.0023371896, -0.0020075089, -0.0018918529, -0.0019037672, -0.001985324, -0.0020871658, -0.0021367408, -0.002228737, -0.0023115866, -0.0023870107, -0.0024223027, -0.002488386, -0.0025487957, -0.0025771507, -0.0026313015, -0.0026840006, -0.0027373736, -0.0027649282, -0.0028225305, -0.002884026, -0.0029162555, -0.0029830427, -0.0030517974, -0.003086238, -0.0031538005, -0.0032187183, -0.003280359, -0.0033101179, -0.0033677828, -0.0034235518, -0.0034509003, -0.0035050772, -0.003559226, -0.0036141574, -0.0036421027, -0.003699362, -0.0037586377, -0.0037890726, -0.0038515395, -0.003914955, -0.0039465213, -0.0040083653, -0.004066368, -0.0041189617, -0.0041428357, -0.00418506, -0.004219694, -0.004234128, -0.0042580096, -0.0042757695, -0.0042883134, -0.004292889, -0.0042989585, -0.0043007447, -0.0043000467, -0.004295728, -0.0042879884, -0.004283129, -0.0042715687, -0.0042579123, -0.004242212, -0.0042334558, -0.0042136298, -0.004189568, -0.004175455, -0.0041422728, -0.004101776, -0.0040541007, -0.0040277466, -0.003971135, -0.0039106477, -0.0038795203, -0.003816446, -0.0037529569, -0.0036894574, -0.003657762, -0.0035937852, -0.003528421, -0.0034951272, -0.0034273886, -0.0033586996, -0.0033243306, -0.0032562523, -0.003189854, -0.0031258904, -0.0030949144, -0.0030347535, -0.0029762199, -0.0029473277, -0.0028894988, -0.0028314898, -0.002773385, -0.0027444668, -0.0026876016, -0.0026327765, -0.0026064443, -0.0025562153, -0.0025097714, -0.002487998, -0.002447049, -0.0024091953, -0.002373937, -0.002357189, -0.0023253555, -0.0022960505, -0.0022823145, -0.0022567606, -0.0022337364, -0.0022131756, -0.0022037106, -0.0021862048, -0.0021698386, -0.0021619613, -0.0021465935, -0.0021314498, -0.0021239517, -0.00210921, -0.0020947177, -0.0020807274, -0.002073852, -0.0020604157, -0.0020470691, -0.002040262, -0.0020260874, -0.002010464, -0.001992897, -0.0019833012, -0.001962329, -0.0019387702, -0.001926052, -0.0018987819, -0.0018691929, -0.0018535085, -0.0018204522, -0.0017848962, -0.001746294, -0.0017256483, -0.0016814237, -0.0016326879, -0.0016064381, -0.0015495853, -0.0014863308, -0.001416079, -0.0013781341, -0.0012970063, -0.0012130288, -0.0011742807, -0.0011253097, -0.0011624318
0, -0.0027942478, -0.0020528887, -0.0018628003, -0.0018729025, -0.0019673752, -0.0020857116, -0.002142923, -0.0022485177, -0.0023431855, -0.0024291098, -0.0024692682, -0.0025443085, -0.0026122117, -0.002643718, -0.0027026269, -0.0027579877, -0.0028123655, -0.0028399057, -0.0028968998, -0.0029575743, -0.0029895406, -0.003056994, -0.0031284818, -0.0031652893, -0.0032396447, -0.0033131854, -0.0033840737, -0.0034180577, -0.0034823138, -0.0035412405, -0.0035686765, -0.0036201396, -0.0036681725, -0.0037146527, -0.0037378757, -0.0037851543, -0.0038344408, -0.0038599332, -0.0039126095, -0.00396648, -0.003993337, -0.004045812, -0.004095246, -0.0041401815, -0.004160796, -0.004197969, -0.004229584, -0.0042432332, -0.004266246, -0.004283475, -0.0042946786, -0.0042979214, -0.0042994968, -0.0042942516, -0.0042891116, -0.004274516, -0.0042554983, -0.0042449553, -0.0042226803, -0.004199905, -0.0041771694, -0.004165755, -0.004142386, -0.004117125, -0.0041033383, -0.004072214, -0.0040352796, -0.003992187, -0.003968417, -0.0039171525, -0.0038620497, -0.0038334338, -0.003774731, -0.0037147026, -0.0036538069, -0.0036230881, -0.0035608981, -0.0034972609, -0.003464845, -0.0033989453, -0.0033320948, -0.003298583, -0.0032320113, -0.0031667494, -0.0031035694, -0.0030729354, -0.0030135335, -0.0029565115, -0.0029287643, -0.0028741828, -0.0028204422, -0.0027672744, -0.0027409594, -0.002689108, -0.0026387523, -0.0026143, -0.002567081, -0.0025225533, -0.0025013604, -0.0024610304, -0.0024233854, -0.0023880857, -0.0023712174, -0.0023389845, -0.002308885, -0.0022946144, -0.0022678708, -0.002243665, -0.0022217864, -0.0022117025, -0.0021928393, -0.0021753253, -0.0021668354, -0.002150093, -0.0021332419, -0.002124757, -0.0021077073, -0.0020908655, -0.002074631, -0.002066832, -0.0020520352, -0.0020380418, -0.0020311133, -0.0020170303, -0.0020016232, -0.0019841234, -0.001974388, -0.0019527125, -0.0019282218, -0.0019150074, -0.0018871406, -0.0018575394, -0.0018422403, -0.0018105188, -0.0017767043, -0.0017398244, -0.0017198672, -0.0016765173, -0.001627671, -0.0016010861, -0.0015432317, -0.001478949, -0.0014082146, -0.0013703958, -0.0012903799, -0.0012083832, -0.0011708345, -0.001124445, -0.0011637763
0, 0, -0.0017869287, -0.001769394, -0.001813695, -0.0019472002, -0.0020900138, -0.0021570623, -0.0022800036, -0.0023899905, -0.0024900048, -0.0025369395, -0.002625311, -0.0027064392, -0.0027444165, -0.0028156796, -0.002881872, -0.0029446462, -0.00297523, -0.0030355568, -0.0030957395, -0.003126172, -0.0031883186, -0.0032528162, -0.0032859223, -0.0033536807, -0.003422625, -0.0034913598, -0.003525155, -0.0035905873, -0.0036518262, -0.003680577, -0.003734325, -0.003783369, -0.003828713, -0.0038502538, -0.0038917398, -0.003931586, -0.003951009, -0.0039887796, -0.0040249866, -0.004042315, -0.0040750187, -0.0041047675, -0.0041315304, -0.0041438695, -0.00416682, -0.0041877152, -0.0041973153, -0.004214563, -0.004228526, -0.004238187, -0.004240903, -0.004241506, -0.0042349687, -0.0042289025, -0.0042115585, -0.004188232, -0.0041748234, -0.0041454965, -0.00411395, -0.0040811105, -0.0040643374, -0.0040302826, -0.0039954395, -0.0039775628, -0.0039405474, -0.0039010285, -0.0038588187, -0.0038366327, -0.003790191, -0.0037412846, -0.0037158947, -0.0036634484, -0.0036090256, -0.003552989, -0.0035245048, -0.0034668222, -0.003408305, -0.0033786814, -0.003318864, -0.0032582972, -0.003227873, -0.003166923, -0.003106198, -0.0030461734, -0.0030167012, -0.0029591871, -0.0029041795, -0.0028777213, -0.0028268518, -0.0027784156, -0.0027317975, -0.002709054, -0.0026645632, -0.002621219, -0.002599934, -0.002558352, -0.0025182052, -0.0024988733, -0.0024616423, -0.0024267572, -0.0023937798, -0.0023779154, -0.0023473108, -0.0023178963, -0.002303664, -0.0022763917, -0.0022507743, -0.0022270381, -0.002215955, -0.002195216, -0.0021761947, -0.0021671008, -0.0021493516, -0.0021315133, -0.0021224662, -0.0021038821, -0.0020848832, -0.0020659585, -0.002056737, -0.0020389394, -0.0020220308, -0.0020138284, -0.00199737, -0.001980185, -0.0019611323, -0.0019507101, -0.0019276385, -0.0019018273, -0.0018879978, -0.0018590327, -0.0018288724, -0.0018134929, -0.001781893, -0.0017486616, -0.0017125962, -0.0016930994, -0.0016504684, -0.0016023077, -0.001576017, -0.0015189885, -0.0014562382, -0.0013879177, -0.0013517265, -0.001275636, -0.0011981342, -0.0011628491, -0.001120618, -0.0011629823
0, 0, -0.0018343283, -0.0017895434, -0.0018277, -0.0019609213, -0.002113346, -0.0021870919, -0.0023245572, -0.0024493828, -0.0025639536, -0.0026180898, -0.0027214377, -0.0028187397, -0.0028653378, -0.0029547527, -0.0030389968, -0.0031180324, -0.0031555034, -0.003226218, -0.0032912323, -0.0033219182, -0.0033800988, -0.003435456, -0.003462594, -0.0035168256, -0.003571933, -0.0036281985, -0.0036567266, -0.0037140048, -0.003770532, -0.0037981097, -0.003851053, -0.003900325, -0.0039452356, -0.0039659394, -0.0040033297, -0.004035278, -0.0040491447, -0.004072739, -0.00409108, -0.004098399, -0.0041096653, -0.0041172765, -0.0041221767, -0.0041239783, -0.0041271457, -0.0041304096, -0.00413216, -0.0041355877, -0.004138324, -0.004139221, -0.0041385484, -0.0041342857, -0.0041254372, -0.004118974, -0.0041020233, -0.004079487, -0.0040662186, -0.004035791, -0.004000709, -0.0039614663, -0.003940486, -0.003896459, -0.0038507404, -0.0038275744, -0.003781401, -0.0037356992, -0.0036908311, -0.0036685327, -0.0036240492, -0.0035790028, -0.0035560043, -0.0035086435, -0.0034594496, -0.0034087705, -0.0033831282, -0.0033317092, -0.0032807193, -0.0032554173, -0.0032052556, -0.0031551667, -0.0031300269, -0.0030791473, -0.0030273497, -0.0029747463, -0.0029483533, -0.0028961606, -0.0028460096, -0.0028219908, -0.002776556, -0.002734414, -0.0026949642, -0.0026759868, -0.0026389954, -0.0026027248, -0.0025846895, -0.0025489943, -0.002514051, -0.0024970984, -0.002464647, -0.0024342993, -0.0024058998, -0.0023922215, -0.0023655226, -0.0023389815, -0.0023257306, -0.0022993584, -0.0022733195, -0.0022483827, -0.0022365516, -0.0022145675, -0.0021947024, -0.002185464, -0.0021678647, -0.0021504583, -0.0021415178, -0.0021227084, -0.0021026263, -0.002081528, -0.0020708481, -0.0020496685, -0.0020290595, -0.002019049, -0.0019991982, -0.001979145, -0.0019577225, -0.0019461858, -0.0019210967, -0.0018932503, -0.0018783885, -0.0018472581, -0.001815027, -0.0017986656, -0.0017653563, -0.0017308354, -0.0016940277, -0.0016743493, -0.0016315901, -0.0015838216, -0.0015578959, -0.0015020464, -0.001441199, -0.0013755905, -0.0013409811, -0.0012684019, -0.0011945221, -0.0011609244, -0.0011215528, -0.0011658323
0, 0, -0.0020894266, -0.0018931682, -0.00189144, -0.0019941386, -0.002148311, -0.0022276905, -0.0023797154, -0.0025197668, -0.002648618, -0.0027096474, -0.0028265922, -0.002938609, -0.0029932605, -0.0030999267, -0.0032027562, -0.0033003064, -0.00334653, -0.0034327058, -0.0035093217, -0.0035438759, -0.003605792, -0.003659411, -0.003683749, -0.0037291453, -0.003772323, -0.0038150693, -0.0038366965, -0.0038805923, -0.003924911, -0.003947015, -0.0039901207, -0.0040304624, -0.0040668775, -0.0040832153, -0.0041117542, -0.004133873, -0.0041423826, -0.004154183, -0.004159122, -0.0041592317, -0.0041551813, -0.0041464427, -0.004134134, -0.0041270526, -0.0041118204, -0.004096005, -0.0040880004, -0.0040718713, -0.0040553086, -0.0040379, -0.004028889, -0.004010198, -0.003990568, -0.0039803614, -0.003958688, -0.0039344993, -0.0039212084, -0.0038915006, -0.0038569435, -0.0038170388, -0.0037951095, -0.0037479326, -0.0036975448, -0.003671876, -0.003620763, -0.003571421, -0.0035244531, -0.0035018178, -0.0034577162, -0.0034141927, -0.0033922815, -0.0033476818, -0.0033018165, -0.0032552215, -0.0032320598, -0.003186712, -0.003143589, -0.003122921, -0.0030832859, -0.0030449764, -0.0030259143, -0.0029872502, -0.002947182, -0.0029053313, -0.0028839458, -0.0028410396, -0.0027993242, -0.0027792838, -0.0027415627, -0.0027068388, -0.002674585, -0.0026590212, -0.0026282622, -0.0025974414, -0.0025818765, -0.0025507195, -0.002520199, -0.0025054726, -0.0024777642, -0.0024526976, -0.0024299775, -0.0024191693, -0.002397804, -0.002375764, -0.0023642497, -0.0023402453, -0.0023153943, -0.0022906621, -0.0022787529, -0.002256568, -0.002236865, -0.00222791, -0.0022110536, -0.0021946325, -0.002186096, -0.0021677017, -0.002147123, -0.0021247163, -0.0021130105, -0.002089233, -0.002065791, -0.002054321, -0.0020319424, -0.002009583, -0.0019862726, -0.0019737752, -0.0019467626, -0.0019167222, -0.0019006628, -0.0018668947, -0.0018317355, -0.0018138519, -0.0017776253, -0.0017406428, -0.001701984, -0.001681599, -0.0016379178, -0.0015896638, -0.001563598, -0.0015078308, -0.0014471962, -0.0013819205, -0.0013474859, -0.0012751928, -0.0012014705, -0.0011678698, -0.0011283769, -0.0011725941
0, 0, -0.0023302354, -0.0019309737, -0.0019065405, -0.0020090223, -0.002181106, -0.002270669, -0.002442665, -0.0026004303, -0.0027443892, -0.002811871, -0.0029403022, -0.0030625986, -0.003122231, -0.0032395415, -0.0033539932, -0.0034643684, -0.0035173083, -0.003617034, -0.0037068373, -0.003747431, -0.0038199795, -0.0038812677, -0.0039081774, -0.0039559766, -0.0039975066, -0.0040348186, -0.00405221, -0.004085056, -0.0041153347, -0.004129397, -0.004155145, -0.004177077, -0.0041948957, -0.0042022457, -0.0042138994, -0.004221255, -0.004223206, -0.004223348, -0.004218257, -0.0042138086, -0.0042011184, -0.0041837473, -0.0041620717, -0.004149776, -0.0041224933, -0.0040919934, -0.0040756604, -0.0040409993, -0.004003813, -0.003964755, -0.0039448813, -0.0039053408, -0.0038673128, -0.0038491176, -0.003814486, -0.0037813871, -0.0037650412, -0.00373188, -0.003696863, -0.003658527, -0.0036379816, -0.0035938998, -0.0035467872, -0.0035226846, -0.003474456, -0.003427738, -0.0033831594, -0.0033616114, -0.0033194227, -0.0032777197, -0.0032568227, -0.0032144205, -0.0031713548, -0.0031283114, -0.0031072435, -0.0030670348, -0.0030303046, -0.0030133356, -0.0029819286, -0.0029529317, -0.0029388403, -0.0029105372, -0.0028812864, -0.002850645, -0.0028349315, -0.002803227, -0.002772219, -0.002757384, -0.0027292196, -0.0027030243, -0.0026777582, -0.0026651726, -0.0026394394, -0.0026125833, -0.0025987746, -0.0025709225, -0.0025437379, -0.0025308519, -0.002507201, -0.0024866716, -0.0024687944, -0.0024604283, -0.0024436826, -0.0024257395, -0.0024159662, -0.0023946906, -0.0023716057, -0.0023480414, -0.0023364862, -0.0023146686, -0.002295179, -0.0022862474, -0.0022694159, -0.0022526612, -0.002243876, -0.0022246249, -0.0022028473, -0.0021788205, -0.0021662246, -0.0021405474, -0.0021152128, -0.002102881, -0.002078951, -0.002055244, -0.002030503, -0.0020173336, -0.0019887716, -0.0019568133, -0.0019397229, -0.0019036377, -0.0018658227, -0.0018465451, -0.0018077171, -0.0017683876, -0.0017277881, -0.0017066732, -0.0016618419, -0.0016124835, -0.0015859375, -0.0015288892, -0.0014666733, -0.001399216, -0.0013635522, -0.0012885274, -0.0012119998, -0.0011771208, -0.001135425, -0.0011784104
0, 0, -0.0018978437, -0.0018295659, -0.0018607089, -0.0020169234, -0.0022183706, -0.002319616, -0.0025121165, -0.0026876954, -0.002846888, -0.0029209494, -0.0030601174, -0.0031900092, -0.0032524867, -0.003373975, -0.0034916103, -0.0036052228, -0.0036600216, -0.0037647556, -0.003861227, -0.003905897, -0.0039876546, -0.0040591573, -0.004091223, -0.0041485303, -0.004197353, -0.004238068, -0.0042553726, -0.004283804, -0.0043041273, -0.004311247, -0.004319889, -0.0043218895, -0.004318349, -0.0043150526, -0.0043065827, -0.0042961026, -0.0042902348, -0.0042770263, -0.00426137, -0.0042525125, -0.0042323642, -0.0042089047, -0.004181592, -0.004166344, -0.0041324347, -0.0040936293, -0.0040724417, -0.0040265946, -0.003976343, -0.0039224587, -0.0038946024, -0.0038384353, -0.0037834463, -0.0037569324, -0.0037067442, -0.0036602363, -0.0036382955, -0.0035964882, -0.0035565884, -0.0035173849, -0.0034976967, -0.00345778, -0.0034170968, -0.0033966363, -0.003356044, -0.0033164928, -0.0032782352, -0.0032594136, -0.0032220199, -0.003184673, -0.0031658502, -0.0031280217, -0.0030901122, -0.003052799, -0.0030347027, -0.0030004182, -0.002969475, -0.0029552542, -0.0029290777, -0.0029051374, -0.0028936341, -0.0028711238, -0.0028487418, -0.0028264117, -0.0028153367, -0.0027937638, -0.0027733422, -0.0027636383, -0.0027452752, -0.002727583, -0.0027093391, -0.002699708, -0.002678919, -0.002656177, -0.0026442094, -0.002619932, -0.0025963567, -0.002585265, -0.0025651297, -0.0025477605, -0.0025324586, -0.0025251429, -0.002510211, -0.0024936271, -0.0024844336, -0.002464238, -0.0024420682, -0.0024189996, -0.0024076288, -0.0023858002, -0.0023654753, -0.0023558103, -0.0023368367, -0.0023171965, -0.0023067654, -0.0022841366, -0.002259065, -0.0022320133, -0.0022180625, -0.0021899948, -0.0021626279, -0.0021493975, -0.002123618, -0.002097986, -0.002071212, -0.0020569426, -0.0020261283, -0.0019920226, -0.001973828, -0.0019356768, -0.0018958494, -0.0018756677, -0.0018351617, -0.0017943246, -0.0017524868, -0.0017307884, -0.0016848374, -0.0016343785, -0.0016071899, -0.0015485537, -0.0014842199, -0.001414101, -0.001376913, -0.0012986234, -0.0012188081, -0.0011824816, -0.0011385878, -0.0011806295
0, 0, -0.002025975, -0.0019104143, -0.0019265453, -0.0020691468, -0.0022719197, -0.002377033, -0.0025805952, -0.0027696716, -0.0029428315, -0.0030237553, -0.0031750682, -0.0033144227, -0.0033802819, -0.003505693, -0.0036234653, -0.003734176, -0.0037869627, -0.00388709, -0.0039801244, -0.0040239017, -0.0041058874, -0.004180598, -0.004215228, -0.004278986, -0.0043346137, -0.004380442, -0.0043992447, -0.0044276915, -0.0044437572, -0.0044472576, -0.0044462853, -0.004435953, -0.004418665, -0.004408125, -0.0043848692, -0.0043599466, -0.004347017, -0.004320551, -0.0042925277, -0.0042777765, -0.004246726, -0.0042135264, -0.004177887, -0.0041590515, -0.00411892, -0.004075411, -0.004052323, -0.004003504, -0.0039511556, -0.0038953132, -0.0038661878, -0.0038063272, -0.0037455815, -0.0037154607, -0.0036564828, -0.0036001534, -0.003573257, -0.0035222815, -0.0034752924, -0.0034320622, -0.0034117373, -0.0033729414, -0.0033363951, -0.0033187517, -0.003284756, -0.0032518692, -0.0032197088, -0.003203776, -0.0031721022, -0.0031406106, -0.0031251337, -0.0030947728, -0.0030656934, -0.0030379386, -0.0030246691, -0.002999409, -0.0029759032, -0.0029646123, -0.0029428822, -0.0029218062, -0.0029114387, -0.002891053, -0.0028717106, -0.0028540487, -0.002845949, -0.0028314115, -0.0028189342, -0.0028132852, -0.0028026702, -0.0027918438, -0.002779475, -0.0027725047, -0.0027567265, -0.0027389412, -0.0027295642, -0.0027104407, -0.0026918156, -0.002682976, -0.002666485, -0.0026511892, -0.0026361202, -0.0026283883, -0.002611818, -0.00259309, -0.0025828271, -0.0025608765, -0.0025375744, -0.002513836, -0.0025020437, -0.002478957, -0.0024563295, -0.0024449825, -0.0024216755, -0.0023967116, -0.0023833741, -0.0023549967, -0.0023246184, -0.002293052, -0.0022771482, -0.002245643, -0.0022151463, -0.002200271, -0.0021710447, -0.0021415406, -0.00211052, -0.0020941142, -0.0020591875, -0.0020214496, -0.0020016793, -0.0019608906, -0.0019192025, -0.00189824, -0.0018563889, -0.0018142697, -0.0017711502, -0.0017487325, -0.0017013581, -0.0016495079, -0.0016215772, -0.0015615589, -0.0014958301, -0.0014241802, -0.001386122, -0.0013060562, -0.0012244355, -0.0011872293, -0.0011420725, -0.0011838368
0, 0, -0.0024287268, -0.002122657, -0.0020666623, -0.002136521, -0.002319245, -0.0024230308, -0.0026313043, -0.002829865, -0.0030150393, -0.0031025668, -0.0032677196, -0.0034201911, -0.003491744, -0.0036255047, -0.003746819, -0.0038558827, -0.003906113, -0.0039987923, -0.004082627, -0.0041216942, -0.004195022, -0.0042628837, -0.004294891, -0.0043548527, -0.004408251, -0.0044527627, -0.0044709966, -0.0044983453, -0.004513227, -0.004516162, -0.0045139757, -0.0045022545, -0.004483076, -0.0044711796, -0.004443876, -0.0044130147, -0.004396488, -0.0043611103, -0.0043223375, -0.004301659, -0.004258031, -0.004211922, -0.0041642813, -0.004140126, -0.0040914444, -0.004042801, -0.00401861, -0.00397066, -0.003922899, -0.0038744034, -0.0038495203, -0.0037982047, -0.003744586, -0.0037170548, -0.0036610847, -0.0036047238, -0.0035768203, -0.0035224669, -0.003471402, -0.0034247453, -0.0034032708, -0.0033638955, -0.0033285844, -0.0033121463, -0.0032812655, -0.003251877, -0.0032231698, -0.003208984, -0.0031812366, -0.0031547777, -0.0031424954, -0.0031200426, -0.0031008678, -0.0030844335, -0.0030770514, -0.0030631013, -0.003049192, -0.0030419223, -0.0030263164, -0.0030091165, -0.003000108, -0.0029820942, -0.0029652512, -0.002950919, -0.0029448895, -0.0029350114, -0.0029274656, -0.002924215, -0.0029177747, -0.0029103921, -0.0029010954, -0.0028955888, -0.0028832061, -0.0028696954, -0.0028627773, -0.0028490901, -0.002835845, -0.002829304, -0.0028160862, -0.0028018039, -0.0027854217, -0.002776209, -0.00275562, -0.002732414, -0.0027200272, -0.002694419, -0.002668546, -0.002643004, -0.0026303336, -0.002604982, -0.0025789593, -0.002565418, -0.0025366484, -0.0025052424, -0.0024885247, -0.0024535963, -0.0024172766, -0.0023808053, -0.0023627481, -0.0023273164, -0.00229276, -0.002275616, -0.0022412457, -0.0022058277, -0.0021683243, -0.0021486953, -0.0021076181, -0.0020646127, -0.0020426265, -0.0019983337, -0.0019539942, -0.0019319297, -0.0018878747, -0.0018434597, -0.0017976195, -0.0017737835, -0.0017235102, -0.0016689855, -0.0016399688, -0.0015783535, -0.0015116818, -0.0014395833, -0.001401387, -0.0013209186, -0.0012385246, -0.0012007832, -0.001154435, -0.0011957933
0, 0, -0.0029977884, -0.002233674, -0.0021079583, -0.0021415274, -0.0023280517, -0.0024366046, -0.0026541664, -0.0028610975, -0.003055121, -0.0031475907, -0.0033238488, -0.0034883202, -0.003565747, -0.0037100879, -0.0038388728, -0.003951533, -0.0040018186, -0.00409181, -0.0041694483, -0.0042044776, -0.0042683044, -0.004325247, -0.0043514185, -0.004399685, -0.0044420147, -0.0044771438, -0.004491643, -0.00451382, -0.0045269458, -0.0045302184, -0.004530903, -0.00452431, -0.0045110593, -0.0045019863, -0.0044793, -0.0044508353, -0.0044345832, -0.004397604, -0.0043548313, -0.004331291, -0.004280488, -0.004225938, -0.0041693347, -0.004140879, -0.004084649, -0.0040307157, -0.0040050615, -0.003956795, -0.0039127255, -0.0038718462, -0.0038519679, -0.003812379, -0.0037714366, -0.0037500546, -0.0037052105, -0.0036576837, -0.0036331406, -0.003583815, -0.0035356886, -0.0034908212, -0.0034701189, -0.0034324024, -0.0033992606, -0.0033840807, -0.0033556933, -0.003328763, -0.0033023658, -0.0032893384, -0.0032641042, -0.0032410445, -0.0032308297, -0.0032139863, -0.0032019839, -0.0031943985, -0.003191698, -0.0031872685, -0.0031823723, -0.0031791085, -0.0031704726, -0.0031589717, -0.0031524745, -0.00313916, -0.003126936, -0.003117109, -0.0031132814, -0.003107539, -0.0031031393, -0.0031009703, -0.0030955635, -0.0030880806, -0.0030779403, -0.0030721098, -0.0030595763, -0.0030469792, -0.003040993, -0.003029912, -0.0030194349, -0.0030139966, -0.003001929, -0.0029869063, -0.0029677753, -0.0029565461, -0.0029311078, -0.002902768, -0.0028880157, -0.0028584863, -0.0028296122, -0.002801712, -0.0027879348, -0.0027598825, -0.0027301884, -0.0027143522, -0.0026801652, -0.002642835, -0.002623127, -0.0025824448, -0.0025412596, -0.002500753, -0.002480881, -0.0024419366, -0.0024033089, -0.0023838133, -0.0023438055, -0.0023016843, -0.0022571315, -0.0022339716, -0.0021862893, -0.002137677, -0.0021133246, -0.0020650288, -0.0020173702, -0.0019937085, -0.0019461324, -0.0018976385, -0.0018470973, -0.0018207391, -0.0017655467, -0.0017067062, -0.0016759348, -0.0016115791, -0.0015432864, -0.0014703993, -0.0014319229, -0.0013506243, -0.001266789, -0.0012280036, -0.0011792076, -0.0012190295
0, 0, 0, -0.001960034, -0.001955504, -0.0020894438, -0.0023145562, -0.0024334197, -0.002662389, -0.002873836, -0.0030696907, -0.003162926, -0.003341151, -0.0035084905, -0.0035879232, -0.0037367393, -0.0038706688, -0.0039882925, -0.0040410124, -0.004134595, -0.00421397, -0.0042488836, -0.0043103024, -0.004361536, -0.004383629, -0.004421711, -0.0044524237, -0.004476436, -0.0044862893, -0.0045013535, -0.004511319, -0.0045143575, -0.0045172777, -0.004515411, -0.004508284, -0.0045024785, -0.004486206, -0.0044634505, -0.0044496777, -0.0044175885, -0.004379385, -0.0043581002, -0.004311571, -0.0042606653, -0.0042067124, -0.0041790805, -0.004123479, -0.004068991, -0.004042706, -0.003993195, -0.003948798, -0.0039096856, -0.0038918687, -0.003858624, -0.003826883, -0.003810983, -0.0037778423, -0.0037422741, -0.0037235394, -0.0036847973, -0.0036460466, -0.003609417, -0.0035924006, -0.003561736, -0.0035352067, -0.0035231966, -0.003500648, -0.0034789215, -0.0034570734, -0.003446132, -0.003424547, -0.0034046946, -0.0033960394, -0.0033822537, -0.0033737742, -0.0033700857, -0.0033695297, -0.0033696117, -0.003369268, -0.00336836, -0.003364323, -0.0033575888, -0.0033535855, -0.003345461, -0.0033385535, -0.003333808, -0.0033322433, -0.0033301322, -0.0033277278, -0.0033258307, -0.0033195936, -0.003309417, -0.003295652, -0.0032878069, -0.003271429, -0.0032556113, -0.00324829, -0.00323507, -0.003222656, -0.003216219, -0.0032015846, -0.0031829868, -0.0031594303, -0.0031457343, -0.0031151725, -0.0030819944, -0.0030650478, -0.003031761, -0.0029997472, -0.002968974, -0.002953744, -0.0029224455, -0.0028887843, -0.0028706817, -0.0028316397, -0.0027893186, -0.0027672863, -0.0027224051, -0.0026777855, -0.0026343549, -0.0026131824, -0.0025713705, -0.0025292507, -0.0025076806, -0.0024626984, -0.0024149285, -0.0023645011, -0.0023385668, -0.0022858372, -0.002233123, -0.002206988, -0.0021554322, -0.0021044745, -0.002079009, -0.0020273963, -0.0019737908, -0.0019174898, -0.0018881102, -0.0018270273, -0.0017629747, -0.0017299136, -0.0016617079, -0.0015903732, -0.0015149623, -0.0014752097, -0.0013911645, -0.001303804, -0.0012629383, -0.0012099224, -0.00124701
0, 0, 0, -0.0019722474, -0.0019657686, -0.0021044214, -0.0023332315, -0.0024523283, -0.002678633, -0.0028842061, -0.003072007, -0.003160571, -0.0033287024, -0.0034858459, -0.0035604793, -0.0037015122, -0.0038307833, -0.003947579, -0.0040010787, -0.004098603, -0.0041836346, -0.0042214803, -0.0042882957, -0.0043428503, -0.0043655573, -0.0044025793, -0.0044298456, -0.004449463, -0.0044569923, -0.0044686506, -0.00447661, -0.0044793873, -0.0044826292, -0.004482391, -0.0044776374, -0.0044732494, -0.0044603446, -0.0044419686, -0.004431046, -0.004406465, -0.004378696, -0.0043638335, -0.0043320693, -0.004297538, -0.004259766, -0.0042396286, -0.0041967034, -0.0041510714, -0.0041276584, -0.0040810797, -0.0040367795, -0.003996902, -0.0039788703, -0.003946629, -0.0039184103, -0.003905304, -0.0038798477, -0.0038541884, -0.0038410313, -0.0038140859, -0.0037874293, -0.0037627108, -0.0037515182, -0.0037320517, -0.0037161903, -0.0037092555, -0.003696471, -0.003683648, -0.0036697078, -0.0036622433, -0.0036468164, -0.003631744, -0.003624951, -0.0036138608, -0.0036068098, -0.003603587, -0.0036029904, -0.003602723, -0.003601966, -0.0036009161, -0.003597148, -0.0035913982, -0.0035881673, -0.003582087, -0.0035775888, -0.0035751918, -0.003574575, -0.003573497, -0.0035709091, -0.0035683343, -0.0035595759, -0.0035455676, -0.0035269142, -0.003516359, -0.0034942823, -0.0034725852, -0.0034623703, -0.0034431238, -0.003424778, -0.0034152968, -0.0033945658, -0.0033698059, -0.003340185, -0.0033236076, -0.0032876902, -0.003249679, -0.0032305073, -0.003193007, -0.003157093, -0.0031222024, -0.003104729, -0.003068765, -0.0030300221, -0.00300936, -0.002965447, -0.0029185698, -0.0028945561, -0.0028461728, -0.0027986697, -0.0027526692, -0.002730109, -0.0026853553, -0.002639863, -0.0026164036, -0.0025673853, -0.0025155146, -0.002461388, -0.002433837, -0.0023784582, -0.0023235988, -0.0022965155, -0.002243096, -0.0021898216, -0.0021628973, -0.0021077215, -0.0020497856, -0.001988623, -0.001956821, -0.0018909593, -0.0018224501, -0.0017873191, -0.0017152485, -0.0016401312, -0.001560608, -0.0015185967, -0.0014296279, -0.0013368351, -0.0012932041, -0.0012350905, -0.001269197
0, 0, 0, -0.002189389, -0.002136431, -0.0022011797, -0.0023880566, -0.0024938318, -0.0027009207, -0.0028913151, -0.0030641884, -0.0031447865, -0.0032955946, -0.0034340557, -0.0034992835, -0.0036223284, -0.003736621, -0.003842789, -0.0038928809, -0.0039873216, -0.0040736105, -0.004113549, -0.0041862093, -0.004248093, -0.0042746174, -0.0043187854, -0.0043520955, -0.0043766224, -0.004386293, -0.0044015422, -0.0044124206, -0.0044164304, -0.004421523, -0.0044224677, -0.0044186497, -0.0044147125, -0.0044032433, -0.0043880725, -0.004379679, -0.0043626386, -0.0043468596, -0.004339628, -0.004326215, -0.0043130303, -0.004297893, -0.0042889295, -0.004266962, -0.0042392258, -0.004223249, -0.004188547, -0.004152392, -0.004117666, -0.0041015837, -0.004072684, -0.0040481146, -0.0040371167, -0.0040172255, -0.0039989324, -0.003990091, -0.0039731166, -0.003957467, -0.0039442005, -0.003938854, -0.0039307224, -0.0039258315, -0.003924236, -0.0039215377, -0.003918181, -0.003912931, -0.0039094985, -0.00390117, -0.0038920778, -0.0038876731, -0.0038799876, -0.0038746025, -0.003871346, -0.003870197, -0.0038678194, -0.0038641754, -0.003861548, -0.0038545888, -0.0038459327, -0.0038413615, -0.003832721, -0.003825663, -0.003820493, -0.0038183664, -0.0038139347, -0.0038074846, -0.003802786, -0.003789698, -0.0037710296, -0.0037473494, -0.0037341702, -0.0037064808, -0.0036785908, -0.0036649746, -0.0036384375, -0.0036122259, -0.0035988148, -0.0035702009, -0.0035379892, -0.0035015054, -0.0034818652, -0.0034403491, -0.0033972808, -0.0033757356, -0.0033332407, -0.0032919676, -0.003251286, -0.003230671, -0.00318828, -0.003143215, -0.0031195648, -0.0030701365, -0.0030185343, -0.002992411, -0.00294029, -0.0028892586, -0.0028396533, -0.0028152228, -0.0027665033, -0.0027168884, -0.0026913758, -0.0026386825, -0.002583768, -0.0025273738, -0.0024990016, -0.0024424144, -0.0023866568, -0.002359109, -0.0023043952, -0.002249454, -0.0022214944, -0.0021638947, -0.0021033306, -0.0020395857, -0.0020065783, -0.0019385437, -0.0018679712, -0.0018317888, -0.0017572196, -0.001678865, -0.0015950875, -0.001550606, -0.0014560645, -0.001357501, -0.001311181, -0.0012485044, -0.00128057
0, 0, 0, -0.002517464, -0.0023627223, -0.0022932854, -0.0024193353, -0.0025087222, -0.0026949754, -0.0028710784, -0.0030307253, -0.003104445, -0.003240271, -0.0033620724, -0.003418409, -0.003523329, -0.0036200774, -0.0037106571, -0.0037540316, -0.003837609, -0.0039169416, -0.003954937, -0.0040265764, -0.0040911213, -0.0041202083, -0.004171505, -0.004213825, -0.0042482023, -0.004262809, -0.0042877756, -0.0043074572, -0.004315394, -0.0043273955, -0.0043339627, -0.0043349825, -0.004333419, -0.004326923, -0.0043177027, -0.004312908, -0.0043045674, -0.0042998395, -0.004299132, -0.0043005156, -0.004304156, -0.0043076104, -0.0043083713, -0.004306489, -0.004299209, -0.004293534, -0.0042788046, -0.004261315, -0.004243239, -0.004234561, -0.0042186542, -0.0042047566, -0.0041984846, -0.0041868933, -0.0041764285, -0.004171541, -0.004162584, -0.0041553653, -0.0041506873, -0.0041495715, -0.0041496027, -0.0041522738, -0.004154148, -0.004157969, -0.0041607046, -0.004161093, -0.004160395, -0.004157403, -0.004153234, -0.0041510705, -0.004147296, -0.0041444357, -0.004142115, -0.0041408436, -0.0041370583, -0.004130748, -0.004126431, -0.0041155163, -0.004102366, -0.0040952796, -0.004081083, -0.004067758, -0.0040556956, -0.0040498893, -0.004038078, -0.0040243864, -0.00401624, -0.003996749, -0.003972542, -0.0039440673, -0.003928574, -0.0038962222, -0.0038630003, -0.0038463646, -0.0038130868, -0.0037792271, -0.0037618226, -0.0037252542, -0.0036856132, -0.0036426652, -0.0036200734, -0.0035732016, -0.003525202, -0.003501095, -0.003453266, -0.0034059323, -0.0033585464, -0.003334502, -0.0032852015, -0.0032336174, -0.0032069671, -0.0031523122, -0.0030963337, -0.0030681896, -0.0030122332, -0.0029571764, -0.0029031024, -0.002876331, -0.0028226848, -0.0027682276, -0.0027405075, -0.0026840838, -0.0026264235, -0.00256826, -0.002539226, -0.0024815993, -0.0024247717, -0.00239654, -0.0023401582, -0.0022832886, -0.0022542977, -0.0021947545, -0.0021327904, -0.002068304, -0.0020351585, -0.0019671738, -0.0018967452, -0.0018604904, -0.0017851639, -0.0017049717, -0.0016182165, -0.0015718383, -0.0014729871, -0.0013699508, -0.0013215686, -0.0012557721, -0.0012869766
0, 0, 0, -0.002781927, -0.0024548399, -0.0022669132, -0.0023640534, -0.0024473567, -0.0026259085, -0.0027962439, -0.0029505647, -0.0030215927, -0.003151746, -0.003267215, -0.0033198455, -0.0034162346, -0.0035030984, -0.0035826229, -0.0036202683, -0.003692192, -0.0037603767, -0.0037932177, -0.003856194, -0.0039152894, -0.0039430507, -0.00399481, -0.004041524, -0.0040836786, -0.004103117, -0.004138996, -0.0041703605, -0.0041842507, -0.004207991, -0.004226033, -0.004238665, -0.0042431448, -0.0042491066, -0.00425288, -0.0042545665, -0.0042589167, -0.004265723, -0.0042702374, -0.0042810864, -0.004293293, -0.004305632, -0.0043114214, -0.004321741, -0.0043303813, -0.0043340814, -0.00434091, -0.0043473197, -0.0043536257, -0.0043567354, -0.004362462, -0.004366866, -0.0043683597, -0.004369853, -0.004369628, -0.0043691397, -0.004368088, -0.0043679383, -0.004369646, -0.00437135, -0.004376296, -0.0043824455, -0.0043855887, -0.0043910863, -0.004394688, -0.004395891, -0.0043956903, -0.0043942444, -0.00439237, -0.004391513, -0.0043904358, -0.004389869, -0.004388869, -0.004387775, -0.00438334, -0.0043751765, -0.0043696025, -0.004355434, -0.0043380107, -0.004328485, -0.004308504, -0.004288232, -0.0042680195, -0.0042579304, -0.0042370255, -0.004214343, -0.004201957, -0.0041747177, -0.004144121, -0.004110538, -0.0040928964, -0.004056409, -0.0040185857, -0.0039993483, -0.003960334, -0.0039200154, -0.0038991529, -0.0038556282, -0.0038094458, -0.0037607732, -0.0037356156, -0.0036841126, -0.0036318246, -0.0036055024, -0.0035528857, -0.0035002187, -0.0034471683, -0.003420344, -0.0033656259, -0.0033094934, -0.003280882, -0.0032228446, -0.003164222, -0.0031348327, -0.0030762947, -0.0030182127, -0.0029604891, -0.002931662, -0.002873747, -0.0028152694, -0.0027857644, -0.0027263465, -0.002666662, -0.0026071097, -0.0025774825, -0.002518591, -0.0024600879, -0.002430887, -0.0023722164, -0.002312737, -0.0022825012, -0.002220919, -0.0021577321, -0.0020928283, -0.0020597444, -0.0019921528, -0.0019222342, -0.0018860601, -0.001810597, -0.0017294728, -0.0016410452, -0.0015936277, -0.0014923793, -0.0013866911, -0.0013370133, -0.001269296, -0.0013002486
0, 0, 0, -0.0022337034, -0.0021577305, -0.0021170736, -0.002234195, -0.002318444, -0.0024963808, -0.0026659884, -0.0028204755, -0.0028920944, -0.0030245027, -0.00314313, -0.003197596, -0.00329716, -0.0033857438, -0.003464849, -0.0035012998, -0.0035686365, -0.0036293103, -0.0036575147, -0.003710724, -0.0037607143, -0.003784768, -0.0038318022, -0.003877778, -0.003923067, -0.0039454238, -0.003989026, -0.004030164, -0.0040495046, -0.004085165, -0.004116805, -0.0041446844, -0.0041576396, -0.0041819047, -0.004205172, -0.0042165364, -0.0042387354, -0.0042602336, -0.0042703873, -0.0042893128, -0.0043058214, -0.004320622, -0.004327762, -0.0043426845, -0.0043601426, -0.004370238, -0.0043935045, -0.0044202907, -0.004449023, -0.004463403, -0.004490413, -0.004513396, -0.004522912, -0.0045379703, -0.004548691, -0.004552916, -0.0045602587, -0.0045676352, -0.0045760255, -0.004580607, -0.0045898617, -0.004598222, -0.0046016527, -0.0046061035, -0.004607248, -0.0046057026, -0.0046042474, -0.0046009794, -0.0045982352, -0.004597354, -0.004596551, -0.0045961435, -0.0045947093, -0.004593029, -0.0045869, -0.004576225, -0.0045691067, -0.0045517837, -0.0045308797, -0.004519374, -0.004494955, -0.0044692205, -0.0044423495, -0.0044284603, -0.004399282, -0.004367771, -0.0043510576, -0.0043156757, -0.0042779716, -0.004238545, -0.0042183492, -0.0041772006, -0.0041349283, -0.0041133985, -0.0040693628, -0.0040236525, -0.0039999913, -0.0039509097, -0.0038995687, -0.0038462454, -0.0038191094, -0.0037640182, -0.0037084594, -0.0036806082, -0.0036247887, -0.0035687725, -0.0035124603, -0.0034841737, -0.0034268976, -0.0033691535, -0.003340037, -0.0032814082, -0.003222688, -0.0031933277, -0.0031345463, -0.0030756588, -0.0030165769, -0.0029868947, -0.0029272789, -0.0028674346, -0.0028373785, -0.0027772635, -0.0027173406, -0.0026576472, -0.0026278715, -0.0025683222, -0.0025085881, -0.0024785164, -0.002417802, -0.0023560398, -0.0023247334, -0.0022613634, -0.0021968614, -0.0021311229, -0.0020976635, -0.0020293193, -0.0019583912, -0.001921651, -0.0018448138, -0.001762243, -0.0016724553, -0.0016244667, -0.0015220669, -0.001415156, -0.0013648145, -0.0012957975, -0.0013264283
0, 0, 0, -0.0023644033, -0.0022077863, -0.0020385443, -0.0021024398, -0.0021759684, -0.0023455222, -0.0025130524, -0.002667355, -0.0027393387, -0.0028739835, -0.0029971318, -0.0030545988, -0.0031616206, -0.003258308, -0.0033446848, -0.0033840206, -0.0034549052, -0.003515819, -0.0035429706, -0.0035925163, -0.003638018, -0.0036601436, -0.0037046815, -0.0037504337, -0.0037977968, -0.003821839, -0.0038698812, -0.003916673, -0.0039391946, -0.0039822506, -0.0040231925, -0.004063337, -0.0040836344, -0.004125386, -0.0041685016, -0.0041903276, -0.004233064, -0.004272377, -0.0042900573, -0.004320495, -0.004344312, -0.004363468, -0.0043722396, -0.004390758, -0.0044135796, -0.004427403, -0.0044601467, -0.0044987206, -0.0045402898, -0.0045609474, -0.0045999, -0.004633151, -0.0046471516, -0.004670342, -0.00468842, -0.004696349, -0.0047113528, -0.0047266977, -0.0047429563, -0.004751108, -0.004766385, -0.0047783502, -0.0047825114, -0.0047866823, -0.0047855317, -0.004780684, -0.0047775405, -0.004771083, -0.0047656973, -0.0047635417, -0.0047600865, -0.0047566066, -0.004751348, -0.0047474285, -0.004736328, -0.004720433, -0.0047107707, -0.004688734, -0.004664, -0.004650777, -0.004623186, -0.0045939796, -0.0045628548, -0.0045463406, -0.004511034, -0.0044724406, -0.0044519464, -0.00440898, -0.0043640914, -0.0043182485, -0.00429511, -0.004248553, -0.0042015547, -0.0041777436, -0.0041292463, -0.004079162, -0.0040533626, -0.00400029, -0.0039453567, -0.003889006, -0.003860534, -0.0038033484, -0.0037460783, -0.003717479, -0.0036603406, -0.0036032356, -0.003546206, -0.0035177455, -0.0034606473, -0.00340362, -0.003375098, -0.0033179722, -0.0032609925, -0.0032324272, -0.0031751622, -0.00311746, -0.0030594072, -0.0030302273, -0.0029718545, -0.0029135905, -0.0028845205, -0.002826466, -0.0027686039, -0.002710662, -0.0026815122, -0.0026226963, -0.0025630344, -0.002532806, -0.0024715003, -0.0024090789, -0.0023774868, -0.0023136295, -0.0022485766, -0.0021820324, -0.0021479786, -0.002077808, -0.0020042663, -0.0019659642, -0.0018859698, -0.0018005687, -0.0017088193, -0.0016601649, -0.001557061, -0.0014497003, -0.0013990417, -0.0013291645, -0.0013596312
0, 0, 0, -0.002818428, -0.0023689421, -0.0019658634, -0.0019827513, -0.0020516547, -0.0022204053, -0.002387173, -0.0025378885, -0.002607461, -0.0027370818, -0.0028570485, -0.002914046, -0.0030223867, -0.003123131, -0.0032152997, -0.0032577564, -0.0033347176, -0.0034010434, -0.0034306035, -0.0034843227, -0.0035339748, -0.0035583656, -0.0036078633, -0.0036592972, -0.0037124155, -0.003739214, -0.0037918834, -0.0038421664, -0.00386605, -0.0039115692, -0.0039554513, -0.004000527, -0.004024333, -0.004075711, -0.0041318126, -0.0041612014, -0.0042205844, -0.0042772144, -0.004303267, -0.004349412, -0.0043868497, -0.0044173184, -0.0044310773, -0.004458284, -0.004488357, -0.0045053116, -0.0045436337, -0.0045866226, -0.004631092, -0.0046527507, -0.004692418, -0.00472559, -0.0047395388, -0.0047629937, -0.004782862, -0.0047923615, -0.004812074, -0.004833709, -0.0048569404, -0.004868466, -0.0048898263, -0.0049060583, -0.0049115294, -0.004916871, -0.0049153566, -0.004909052, -0.004904952, -0.0048962994, -0.004888118, -0.0048842425, -0.004876479, -0.0048674247, -0.004855175, -0.004847323, -0.004827844, -0.0048036585, -0.004790119, -0.004761266, -0.004731265, -0.004716061, -0.0046854373, -0.004653788, -0.004620111, -0.004602128, -0.0045631216, -0.0045199553, -0.004496923, -0.0044483575, -0.004397751, -0.004346399, -0.004320687, -0.0042694006, -0.004218237, -0.004192514, -0.004140654, -0.0040876535, -0.004060595, -0.004005268, -0.003948648, -0.0038911698, -0.003862315, -0.0038047384, -0.003747459, -0.0037189664, -0.0036623352, -0.0036060666, -0.0035500922, -0.0035222943, -0.0034668976, -0.0034117626, -0.0033842723, -0.00332934, -0.0032743996, -0.0032468017, -0.0031913123, -0.003135516, -0.0030794956, -0.003051538, -0.0029959448, -0.0029408988, -0.002913595, -0.0028592483, -0.0028048174, -0.0027497562, -0.00272177, -0.0026647437, -0.0026062613, -0.0025765365, -0.0025161854, -0.0024549311, -0.0024240531, -0.002361495, -0.0022974026, -0.002231009, -0.0021966088, -0.002124689, -0.00204815, -0.0020080395, -0.0019241285, -0.0018351277, -0.001740685, -0.0016910828, -0.0015869265, -0.0014791004, -0.0014281938, -0.0013579119, -0.0013889165
0, 0, 0, 0, -0.001880418, -0.001807922, -0.0018988549, -0.00198112, -0.0021607445, -0.0023269164, -0.0024699152, -0.0025339073, -0.0026507308, -0.0027578396, -0.0028090563, -0.0029083714, -0.0030035602, -0.0030937612, -0.0031363918, -0.0032158871, -0.003287167, -0.003319912, -0.0033813557, -0.0034401119, -0.0034694166, -0.003529301, -0.0035912609, -0.0036542397, -0.0036856795, -0.0037460867, -0.0038017062, -0.0038273474, -0.003874639, -0.0039187623, -0.0039633843, -0.0039871903, -0.004039435, -0.0040988214, -0.004130775, -0.0041978457, -0.0042653433, -0.004297889, -0.004358276, -0.004411255, -0.004457133, -0.004478119, -0.004518336, -0.0045587784, -0.004579647, -0.0046231817, -0.004667889, -0.004711056, -0.0047311094, -0.0047663404, -0.0047945487, -0.0048061884, -0.0048260307, -0.0048441202, -0.004853491, -0.004874227, -0.0048980503, -0.004923763, -0.0049364404, -0.004959507, -0.004976765, -0.004982482, -0.0049878294, -0.00498613, -0.0049794777, -0.004975121, -0.004965601, -0.004955725, -0.004950495, -0.0049388874, -0.004924127, -0.0049045007, -0.0048925034, -0.004864223, -0.0048311222, -0.004813386, -0.0047770217, -0.004740963, -0.0047233724, -0.004688899, -0.0046544224, -0.0046185874, -0.0045995275, -0.0045585628, -0.0045132665, -0.004489104, -0.004438221, -0.0043853046, -0.004331666, -0.0043049054, -0.0042516966, -0.0041989805, -0.0041726567, -0.0041198544, -0.0040663616, -0.004039208, -0.0039840834, -0.003928132, -0.0038718747, -0.003843699, -0.0037876302, -0.0037321257, -0.003704553, -0.00364976, -0.0035956146, -0.0035418994, -0.0035152521, -0.003462339, -0.0034096043, -0.003383328, -0.0033306633, -0.0032777274, -0.0032510483, -0.0031972835, -0.003143211, -0.0030892512, -0.0030625253, -0.003009708, -0.0029578318, -0.0029321809, -0.0028811528, -0.0028298167, -0.0027773017, -0.0027503727, -0.002694979, -0.0026377211, -0.0026085898, -0.002549601, -0.0024900583, -0.0024601114, -0.00239958, -0.0023372695, -0.002271871, -0.0022375889, -0.002164952, -0.0020864413, -0.0020449634, -0.0019578277, -0.0018654746, -0.001767957, -0.0017171067, -0.0016107681, -0.0015013504, -0.0014497992, -0.0013785857, -0.00141028
0, 0, 0, 0, -0.0019948557, -0.0018753436, -0.0019356244, -0.0020084013, -0.0021754468, -0.0023315102, -0.0024631154, -0.0025205475, -0.0026231206, -0.0027153871, -0.00275946, -0.0028456098, -0.0029303408, -0.0030134863, -0.003053929, -0.003131777, -0.003204586, -0.0032392608, -0.00330613, -0.003371891, -0.0034051964, -0.003473735, -0.003544965, -0.0036177656, -0.0036539729, -0.0037238998, -0.0037878435, -0.0038170835, -0.003869865, -0.0039171246, -0.00396252, -0.0039858343, -0.0040360177, -0.0040926933, -0.004123516, -0.0041892524, -0.0042579127, -0.0042922418, -0.00435859, -0.0044201664, -0.0044764555, -0.0045029856, -0.004553786, -0.004603205, -0.0046277023, -0.0046760826, -0.0047226027, -0.0047652023, -0.004784257, -0.0048168837, -0.00484225, -0.0048527042, -0.0048707053, -0.0048874533, -0.004896245, -0.0049153506, -0.0049368152, -0.004958766, -0.0049692597, -0.004987161, -0.004999191, -0.0050024474, -0.0050036674, -0.0049989284, -0.004990413, -0.0049853837, -0.0049746726, -0.0049633007, -0.0049571274, -0.004942841, -0.0049243937, -0.0049001826, -0.004885652, -0.00485206, -0.0048137032, -0.0047933916, -0.004752073, -0.00471147, -0.0046917265, -0.004653313, -0.0046154615, -0.0045769108, -0.004556885, -0.0045145713, -0.004468841, -0.004444815, -0.004394966, -0.004343547, -0.004291807, -0.0042660795, -0.004215001, -0.0041644867, -0.004139306, -0.0040889787, -0.004038107, -0.004012375, -0.003960445, -0.0039079958, -0.0038554226, -0.0038291116, -0.0037767556, -0.003724734, -0.0036988345, -0.0036472857, -0.0035964171, -0.0035460885, -0.0035211493, -0.0034716004, -0.0034221516, -0.0033974536, -0.0033478693, -0.0032976149, -0.003272246, -0.003220898, -0.0031691142, -0.0031174794, -0.0030918985, -0.0030415214, -0.002992092, -0.0029676121, -0.002918723, -0.0028691737, -0.0028180482, -0.0027916734, -0.0027369808, -0.0026800511, -0.0026510207, -0.002592341, -0.0025332654, -0.002503619, -0.0024437534, -0.0023821648, -0.0023172474, -0.002283069, -0.002210275, -0.0021309706, -0.0020888161, -0.0019997002, -0.0019046431, -0.0018038187, -0.0017510762, -0.0016407669, -0.001527271, -0.0014738044, -0.0013995395, -0.0014306983
0, 0, 0, 0, -0.002425042, -0.0021178182, -0.002048034, -0.0020857544, -0.002214932, -0.0023538182, -0.0024761104, -0.0025301129, -0.0026269935, -0.002714063, -0.0027556876, -0.0028372612, -0.002918075, -0.0029981427, -0.003037572, -0.003114222, -0.0031871295, -0.0032221475, -0.0032903347, -0.0033579138, -0.0033923218, -0.0034633412, -0.0035379927, -0.0036152296, -0.003654224, -0.003730808, -0.0038027538, -0.0038362208, -0.0038977365, -0.0039529293, -0.004004491, -0.0040299343, -0.004081963, -0.0041370844, -0.0041660964, -0.004226608, -0.0042891707, -0.00432044, -0.0043817325, -0.0044401577, -0.004495397, -0.0045221085, -0.0045742807, -0.00462557, -0.0046509174, -0.0047005345, -0.0047476217, -0.004790261, -0.004809483, -0.0048427843, -0.0048693977, -0.0048805363, -0.0048998445, -0.00491689, -0.0049250834, -0.0049414425, -0.004957381, -0.004971468, -0.0049772756, -0.0049854564, -0.0049878326, -0.0049866764, -0.0049802028, -0.004969272, -0.004956029, -0.0049489955, -0.004934816, -0.0049202964, -0.0049127513, -0.004895819, -0.0048753144, -0.0048497207, -0.0048348554, -0.004801162, -0.0047632484, -0.004743166, -0.004702075, -0.0046607824, -0.0046402807, -0.00459979, -0.0045595816, -0.004518865, -0.0044980496, -0.004455299, -0.004410601, -0.0043876325, -0.0043409467, -0.004293783, -0.004246783, -0.0042234757, -0.004177349, -0.004131747, -0.0041090706, -0.004063671, -0.0040180185, -0.003995055, -0.003948849, -0.0039024034, -0.0038557136, -0.0038323645, -0.003785621, -0.0037389155, -0.003715544, -0.0036689525, -0.003622916, -0.0035774615, -0.003554894, -0.0035100835, -0.003465483, -0.00344309, -0.0033980228, -0.0033521918, -0.0033288952, -0.0032814587, -0.0032333357, -0.0031850422, -0.0031610318, -0.003113331, -0.003066181, -0.0030426397, -0.002995259, -0.0029467698, -0.0028962572, -0.002870015, -0.0028154824, -0.0027582448, -0.002728861, -0.0026690338, -0.0026083943, -0.0025778746, -0.0025161009, -0.0024525395, -0.0023859376, -0.0023510081, -0.0022770767, -0.002196836, -0.002154196, -0.002063629, -0.0019661435, -0.0018614711, -0.0018062398, -0.0016898413, -0.0015692385, -0.0015121343, -0.001431602, -0.0014599117
0, 0, 0, 0, -0.0030690173, -0.002321753, -0.0021063248, -0.0021117607, -0.0022093635, -0.0023380304, -0.0024606653, -0.0025173048, -0.002622976, -0.002721416, -0.0027690544, -0.0028622793, -0.002953317, -0.0030415135, -0.0030839497, -0.0031651037, -0.003240451, -0.0032762378, -0.0033449791, -0.003412259, -0.003446207, -0.0035159835, -0.003588987, -0.0036649527, -0.0037035174, -0.00378055, -0.0038551774, -0.0038910315, -0.003959177, -0.0040231673, -0.0040841876, -0.004114046, -0.0041730483, -0.00423144, -0.004260415, -0.0043172855, -0.004372108, -0.004398482, -0.0044484907, -0.0044951825, -0.004539658, -0.0045614834, -0.0046052495, -0.0046497076, -0.0046720873, -0.0047165942, -0.0047596702, -0.004799755, -0.0048181815, -0.004851091, -0.004878438, -0.0048901043, -0.004910059, -0.0049264, -0.0049333656, -0.004945463, -0.0049546263, -0.0049601793, -0.004961322, -0.00496023, -0.004953943, -0.0049488726, -0.0049354993, -0.004918755, -0.0049001905, -0.0048905304, -0.004871176, -0.004851507, -0.0048415083, -0.004820629, -0.004797756, -0.004771979, -0.0047578784, -0.004727137, -0.0046934593, -0.004675683, -0.004638841, -0.0046007596, -0.004581354, -0.0045419633, -0.004502016, -0.004461598, -0.004441185, -0.0043999003, -0.004358128, -0.0043371613, -0.0042951624, -0.004253358, -0.0042119855, -0.0041914745, -0.0041507557, -0.00411056, -0.0040906, -0.0040509272, -0.004011447, -0.0039918004, -0.0039524734, -0.0039131595, -0.0038736966, -0.0038538738, -0.0038141622, -0.0037740963, -0.0037540284, -0.0037140546, -0.003674428, -0.0036352382, -0.0036158653, -0.003577211, -0.0035386207, -0.003519194, -0.0034798696, -0.0034395843, -0.0034189983, -0.003376783, -0.003333571, -0.003289779, -0.0032677574, -0.0032235158, -0.0031789967, -0.003156555, -0.0031107673, -0.0030633393, -0.003013664, -0.0029877615, -0.0029335693, -0.0028762566, -0.002846474, -0.002785194, -0.0027219525, -0.00268963, -0.0026236186, -0.0025553557, -0.002484174, -0.0024472033, -0.002369805, -0.0022869348, -0.0022431556, -0.002150279, -0.002049805, -0.0019406087, -0.0018823877, -0.0017584844, -0.0016287382, -0.0015667942, -0.0014773825, -0.0015009386
0, 0, 0, 0, 0, -0.0022277487, -0.0020560026, -0.0020529383, -0.0021393446, -0.0022696862, -0.002404017, -0.0024693494, -0.0025965197, -0.0027196528, -0.0027799807, -0.0028975091, -0.0030098904, -0.0031147408, -0.0031639084, -0.00325504, -0.0033371488, -0.0033753912, -0.003448387, -0.003519012, -0.0035541824, -0.0036252576, -0.0036974268, -0.003770357, -0.0038067317, -0.0038787846, -0.0039491304, -0.003983584, -0.004051337, -0.0041184146, -0.004185347, -0.0042187166, -0.0042844582, -0.0043478995, -0.0043780385, -0.0044344515, -0.004484531, -0.0045070816, -0.004547378, -0.004582509, -0.004614632, -0.0046303454, -0.004662254, -0.00469538, -0.004712371, -0.004746703, -0.004780518, -0.0048125177, -0.0048273676, -0.004854177, -0.0048764274, -0.0048857103, -0.0049009714, -0.0049122483, -0.004916444, -0.0049222577, -0.00492466, -0.0049235057, -0.004921607, -0.0049151666, -0.00490491, -0.0048983917, -0.004882732, -0.0048640203, -0.0048429174, -0.00483163, -0.0048081367, -0.004783555, -0.004770943, -0.0047454266, -0.004719313, -0.0046928492, -0.0046792566, -0.0046512126, -0.004621846, -0.0046065496, -0.0045746965, -0.004541201, -0.0045238156, -0.004487995, -0.0044512837, -0.00441424, -0.00439578, -0.0043589757, -0.004322462, -0.0043042907, -0.0042681866, -0.0042322977, -0.0041963994, -0.00417847, -0.004142773, -0.004107444, -0.0040900675, -0.0040558903, -0.0040225834, -0.0040062377, -0.0039738477, -0.00394161, -0.0039093797, -0.0038931633, -0.0038606226, -0.0038277577, -0.0038112612, -0.0037784365, -0.003745964, -0.0037138432, -0.0036978084, -0.0036655667, -0.003632983, -0.00361644, -0.0035825297, -0.0035473832, -0.0035293193, -0.0034921574, -0.003453769, -0.0034145075, -0.0033945504, -0.003353912, -0.0033120238, -0.0032905564, -0.0032462962, -0.0031999294, -0.00315114, -0.0031256657, -0.0030722995, -0.0030155624, -0.0029858456, -0.0029238537, -0.0028583978, -0.0028243384, -0.0027535846, -0.0026792907, -0.0026016536, -0.002561484, -0.0024781213, -0.002390127, -0.0023440795, -0.0022470278, -0.0021421914, -0.002027704, -0.0019662282, -0.0018345393, -0.0016953294, -0.0016283456, -0.0015296121, -0.0015480085
0, 0, 0, 0, 0, -0.0023952746, -0.002013684, -0.0019772819, -0.002044602, -0.002183908, -0.0023388073, -0.0024167686, -0.0025715115, -0.0027233118, -0.0027974192, -0.0029404259, -0.0030735508, -0.003194236, -0.0032495982, -0.00335049, -0.003440811, -0.003483119, -0.0035646716, -0.003644622, -0.0036843438, -0.003763315, -0.0038400567, -0.003913298, -0.0039481632, -0.004014421, -0.0040766397, -0.004106859, -0.00416681, -0.004228209, -0.0042920816, -0.0043248483, -0.0043907505, -0.0044547273, -0.0044850786, -0.004540985, -0.0045890026, -0.004609993, -0.004645855, -0.0046753073, -0.00470079, -0.0047127753, -0.004736552, -0.0047605503, -0.004772582, -0.0047962926, -0.0048186528, -0.0048386366, -0.0048474013, -0.004862205, -0.004873073, -0.0048769615, -0.0048820665, -0.004884132, -0.0048841736, -0.004882571, -0.004878823, -0.0048731915, -0.0048697735, -0.0048616505, -0.0048514022, -0.004845471, -0.004831448, -0.0048144683, -0.004794358, -0.0047831307, -0.0047584777, -0.0047316565, -0.0047177137, -0.004689415, -0.004661405, -0.0046341983, -0.004620762, -0.0045942054, -0.00456741, -0.004553695, -0.0045253197, -0.0044955174, -0.004480117, -0.0044485442, -0.004416776, -0.004385496, -0.0043702526, -0.004340264, -0.0043108324, -0.004296244, -0.0042668916, -0.0042372067, -0.0042068963, -0.004191572, -0.004160933, -0.004130845, -0.004116218, -0.004088065, -0.004061371, -0.004048443, -0.004022859, -0.003997436, -0.0039717485, -0.003958712, -0.0039324034, -0.0039059194, -0.0038927356, -0.0038664073, -0.0038404965, -0.0038147303, -0.0038016932, -0.003774897, -0.0037468402, -0.003732242, -0.0037017604, -0.00366974, -0.003653193, -0.003619096, -0.0035838871, -0.0035477048, -0.0035291645, -0.003490876, -0.0034505394, -0.0034294454, -0.003385462, -0.003338863, -0.003289715, -0.0032640977, -0.003210791, -0.0031542983, -0.0031247374, -0.00306261, -0.0029959437, -0.0029606991, -0.0028863286, -0.0028067029, -0.0027224668, -0.0026786865, -0.0025880607, -0.0024929526, -0.0024435215, -0.0023402139, -0.0022293555, -0.0021085849, -0.0020437052, -0.0019044786, -0.0017566939, -0.0016852473, -0.0015784275, -0.0015927533
0, 0, 0, 0, 0, -0.0021554674, -0.0019390667, -0.0019019102, -0.0019716972, -0.0021329299, -0.002316972, -0.0024096214, -0.0025916349, -0.002766585, -0.002850544, -0.0030091405, -0.0031525989, -0.003279388, -0.0033366687, -0.0034412928, -0.0035362674, -0.0035820114, -0.0036726738, -0.003764234, -0.0038102928, -0.0039014018, -0.003987889, -0.0040664743, -0.0041021323, -0.0041661225, -0.004221764, -0.0042474177, -0.0042969547, -0.004347316, -0.0044007795, -0.004428816, -0.004486599, -0.004544067, -0.004571649, -0.0046231174, -0.0046679606, -0.0046875905, -0.0047215708, -0.004749924, -0.0047744163, -0.0047858153, -0.0048074657, -0.0048276414, -0.0048369826, -0.0048536095, -0.0048665646, -0.0048752786, -0.0048778034, -0.0048797308, -0.0048777163, -0.0048756124, -0.004869664, -0.0048624324, -0.004858567, -0.004850382, -0.0048419316, -0.004833237, -0.0048288023, -0.0048197946, -0.0048098057, -0.0048043923, -0.004791921, -0.00477683, -0.0047586514, -0.004748361, -0.0047253114, -0.004699789, -0.004686491, -0.004659399, -0.0046327747, -0.004607075, -0.004594553, -0.0045696776, -0.0045447666, -0.004532067, -0.004506137, -0.0044792877, -0.0044657015, -0.0044387234, -0.0044126334, -0.004388237, -0.0043766797, -0.004354567, -0.004332945, -0.0043220804, -0.004299879, -0.004276528, -0.0042521977, -0.004239723, -0.0042151175, -0.0041915504, -0.0041803857, -0.004159652, -0.0041404865, -0.004131245, -0.004112864, -0.0040939082, -0.0040739635, -0.0040635765, -0.0040422785, -0.0040206197, -0.0040098443, -0.0039885347, -0.0039677965, -0.003946903, -0.003936047, -0.0039130016, -0.0038875788, -0.0038738535, -0.003844526, -0.0038130737, -0.0037967772, -0.0037632522, -0.0037288426, -0.00369355, -0.003675409, -0.0036375145, -0.0035967927, -0.003575137, -0.0035292772, -0.0034800835, -0.0034279579, -0.003400935, -0.0033450727, -0.0032866346, -0.003256371, -0.0031930876, -0.0031251297, -0.0030890454, -0.0030120467, -0.0029285864, -0.002838878, -0.0027919617, -0.002694221, -0.0025913522, -0.0025379802, -0.0024267843, -0.0023082683, -0.0021800275, -0.0021114072, -0.001964583, -0.0018091031, -0.0017338468, -0.0016204246, -0.0016320274
0, 0, 0, 0, 0, -0.00256241, -0.0019761226, -0.0018919611, -0.0019612408, -0.0021558916, -0.0023725883, -0.0024786706, -0.0026808367, -0.002868498, -0.0029561452, -0.0031179546, -0.0032603198, -0.0033835776, -0.0034388986, -0.0035402365, -0.0036347373, -0.0036813996, -0.0037768928, -0.0038761864, -0.0039269687, -0.004028018, -0.0041238265, -0.004209555, -0.004247566, -0.004313724, -0.0043676705, -0.0043911324, -0.004434104, -0.004475486, -0.004518551, -0.0045411093, -0.0045876806, -0.004634391, -0.004656969, -0.004699164, -0.004736313, -0.0047528665, -0.004782225, -0.004808018, -0.0048316205, -0.0048428313, -0.004864143, -0.0048832763, -0.004891602, -0.004904819, -0.0049124854, -0.00491418, -0.0049127843, -0.0049065, -0.004896395, -0.0048905467, -0.004878155, -0.004865845, -0.0048598344, -0.0048481133, -0.0048367158, -0.004825421, -0.004819674, -0.0048081195, -0.0047958414, -0.00478932, -0.0047751726, -0.0047593196, -0.0047417185, -0.0047321897, -0.0047117798, -0.0046901465, -0.004679112, -0.0046570827, -0.004635637, -0.0046146507, -0.004604231, -0.0045831287, -0.0045614527, -0.0045503383, -0.0045275497, -0.0045045414, -0.0044931653, -0.004471447, -0.0044518136, -0.00443453, -0.004426725, -0.004412285, -0.0043982468, -0.0043909336, -0.004375354, -0.004358294, -0.004340201, -0.004330963, -0.0043131146, -0.0042969347, -0.004289701, -0.0042768596, -0.0042655864, -0.0042601055, -0.004248527, -0.004235368, -0.0042202384, -0.004211963, -0.004194322, -0.0041758874, -0.004166722, -0.0041488186, -0.0041314117, -0.0041137654, -0.004104381, -0.004083818, -0.0040597944, -0.004046415, -0.004017048, -0.003984959, -0.0039681285, -0.003933527, -0.0038982276, -0.0038619745, -0.003843317, -0.0038042187, -0.0037615574, -0.0037385926, -0.0036892476, -0.0036356421, -0.0035782997, -0.0035485062, -0.0034870624, -0.0034235592, -0.0033909997, -0.0033237485, -0.0032526113, -0.00321508, -0.0031351934, -0.0030483848, -0.0029544565, -0.0029049302, -0.0028010132, -0.0026908896, -0.002633562, -0.0025139165, -0.0023867034, -0.0022498795, -0.0021770662, -0.002022152, -0.0018589367, -0.0017800314, -0.0016604939, -0.0016698196
0, 0, 0, 0, 0, 0, -0.0019005864, -0.0019011335, -0.002040659, -0.0022672834, -0.002501502, -0.0026125403, -0.0028196392, -0.0030071835, -0.00309357, -0.0032515086, -0.0033887941, -0.0035071261, -0.0035603098, -0.0036581778, -0.0037506039, -0.003796704, -0.0038918103, -0.003991793, -0.0040431414, -0.0041463342, -0.004245083, -0.0043344568, -0.0043743565, -0.004444017, -0.004500886, -0.004525347, -0.0045689074, -0.0046090204, -0.0046484782, -0.00466831, -0.0047078244, -0.004745726, -0.0047634025, -0.0047951993, -0.0048218635, -0.00483341, -0.004853756, -0.0048718085, -0.0048893043, -0.0048981085, -0.004915409, -0.004931202, -0.004938043, -0.004948475, -0.0049534184, -0.0049526067, -0.0049500954, -0.0049418476, -0.0049305423, -0.0049243784, -0.0049118632, -0.0048996992, -0.0048937215, -0.0048818956, -0.004869479, -0.004856132, -0.0048489748, -0.0048336624, -0.0048170425, -0.004808292, -0.0047900933, -0.0047715358, -0.0047531147, -0.0047441605, -0.0047267037, -0.004710058, -0.004702053, -0.0046869023, -0.004672504, -0.0046582273, -0.004650915, -0.0046354732, -0.004618934, -0.0046103317, -0.0045928243, -0.004575392, -0.0045669926, -0.0045515737, -0.0045384746, -0.004527989, -0.004523564, -0.0045155757, -0.004507779, -0.004503479, -0.0044937003, -0.0044824956, -0.0044704755, -0.0044644275, -0.0044531594, -0.004443662, -0.004439769, -0.004433527, -0.004428363, -0.00442571, -0.0044192034, -0.0044103106, -0.0043985695, -0.0043917648, -0.004376494, -0.0043600895, -0.0043517924, -0.004335581, -0.004319794, -0.004303773, -0.00429517, -0.0042758672, -0.0042528207, -0.0042397464, -0.0042105205, -0.0041778884, -0.00416064, -0.004124721, -0.0040876777, -0.0040495666, -0.00402987, -0.003988557, -0.003943363, -0.0039189653, -0.003866144, -0.0038080753, -0.0037453128, -0.0037124453, -0.003644327, -0.0035736733, -0.0035375555, -0.0034635577, -0.003386475, -0.0033463496, -0.0032618262, -0.0031708742, -0.0030728455, -0.003021031, -0.0029118743, -0.0027953708, -0.002734393, -0.0026068185, -0.0024709704, -0.0023253078, -0.0022481983, -0.0020847297, -0.0019134082, -0.0018307234, -0.0017046643, -0.0017111237
0, 0, 0, 0, 0, 0, -0.002236219, -0.0021902316, -0.0022612466, -0.002447327, -0.0026562135, -0.0027577835, -0.0029502462, -0.003127687, -0.003210724, -0.0033650885, -0.0035026278, -0.003623884, -0.0036791004, -0.003780962, -0.0038759368, -0.003922403, -0.0040159076, -0.004111924, -0.0041608033, -0.0042582317, -0.004352452, -0.004439133, -0.0044788434, -0.0045500537, -0.004610952, -0.004638202, -0.0046877717, -0.004733392, -0.0047767707, -0.004797629, -0.004837133, -0.0048721554, -0.0048873974, -0.0049128835, -0.0049315076, -0.0049385694, -0.0049493005, -0.0049572173, -0.004964787, -0.004968776, -0.0049772603, -0.0049858475, -0.0049895686, -0.004995285, -0.0049977005, -0.0049961195, -0.004993959, -0.004987421, -0.004978863, -0.004974306, -0.0049650595, -0.0049558277, -0.00495121, -0.004941238, -0.004929709, -0.004916028, -0.004908286, -0.004891029, -0.004871699, -0.004861605, -0.004840963, -0.004821181, -0.004803215, -0.0047951206, -0.0047809444, -0.0047691856, -0.004764024, -0.004754934, -0.0047467244, -0.004738615, -0.004734296, -0.0047248784, -0.004714414, -0.004708989, -0.004697928, -0.0046872445, -0.004682208, -0.0046732556, -0.004666174, -0.00466108, -0.0046590907, -0.004655609, -0.004652035, -0.004649957, -0.0046448703, -0.0046387943, -0.0046319994, -0.0046286373, -0.0046224054, -0.0046174326, -0.004615515, -0.004612545, -0.004609926, -0.0046084034, -0.004603982, -0.004596935, -0.0045869714, -0.004580897, -0.0045669638, -0.004551407, -0.0045433016, -0.004527008, -0.0045107836, -0.004494103, -0.0044851815, -0.0044655344, -0.004442569, -0.0044296295, -0.004400731, -0.0043679746, -0.004350379, -0.0043131523, -0.004273783, -0.0042327885, -0.0042115455, -0.0041669966, -0.004119003, -0.0040932163, -0.0040378096, -0.003976952, -0.0039106887, -0.0038756598, -0.0038022343, -0.0037250055, -0.003685207, -0.0036035725, -0.0035189318, -0.0034752155, -0.0033844719, -0.0032881082, -0.0031853637, -0.0031313247, -0.00301759, -0.0028957603, -0.002831777, -0.0026975758, -0.0025543643, -0.0024010085, -0.002319959, -0.0021487724, -0.0019698283, -0.0018834983, -0.0017510062, -0.0017542414
0, 0, 0, 0, 0, 0, -0.0028871137, -0.00268962, -0.002535166, -0.0026044922, -0.002755893, -0.0028400891, -0.0030105596, -0.0031776214, -0.0032590986, -0.0034159292, -0.003562396, -0.0036963474, -0.003758598, -0.0038736586, -0.0039786743, -0.0040282146, -0.004123926, -0.004217288, -0.0042632073, -0.0043534962, -0.004440358, -0.0045214696, -0.0045593893, -0.0046297037, -0.0046927677, -0.0047220765, -0.004777116, -0.0048287995, -0.004877646, -0.0049008722, -0.004944209, -0.0049816635, -0.004997653, -0.0050235926, -0.0050410293, -0.005046764, -0.005053281, -0.0050550746, -0.005054797, -0.005054549, -0.0050545163, -0.0050553153, -0.005055887, -0.005056696, -0.0050564073, -0.0050541093, -0.0050523877, -0.0050472775, -0.005040708, -0.005037179, -0.00502995, -0.005022792, -0.0050191185, -0.0050114053, -0.0050023426, -0.0049911686, -0.004984741, -0.004970216, -0.004953657, -0.0049448814, -0.0049272147, -0.004910653, -0.004896233, -0.00489001, -0.004879673, -0.004871695, -0.0048684073, -0.0048628137, -0.0048580607, -0.0048534013, -0.0048510325, -0.0048460206, -0.0048408643, -0.0048382403, -0.0048333975, -0.0048291855, -0.0048272707, -0.0048240446, -0.004821563, -0.0048199105, -0.0048193247, -0.004818185, -0.0048169517, -0.004816162, -0.004814358, -0.0048120483, -0.004809367, -0.004807809, -0.0048045544, -0.0048012123, -0.0047995304, -0.004795996, -0.004792153, -0.004789874, -0.004784364, -0.00477686, -0.0047670444, -0.004761221, -0.004747664, -0.004731915, -0.0047232807, -0.0047050784, -0.0046859863, -0.00466579, -0.0046551563, -0.0046325424, -0.0046074847, -0.0045939106, -0.0045640664, -0.0045304024, -0.004512017, -0.0044723605, -0.0044293357, -0.0043836264, -0.0043598292, -0.0043104943, -0.0042583332, -0.00423097, -0.004173241, -0.004110869, -0.0040432797, -0.0040073204, -0.003931172, -0.0038496552, -0.0038071289, -0.0037190772, -0.0036273948, -0.0035801677, -0.0034827346, -0.0033806744, -0.003273212, -0.0032171013, -0.0030993246, -0.002973522, -0.0029073812, -0.0027683517, -0.002619884, -0.0024609542, -0.0023771108, -0.0022003849, -0.0020160105, -0.0019269706, -0.0017896743, -0.0017907048
0, 0, 0, 0, 0, 0, -0.0034511962, -0.002970457, -0.0025027322, -0.002475728, -0.0026091307, -0.0026953164, -0.0028779437, -0.0030626548, -0.0031544846, -0.0033352692, -0.003509408, -0.0036730433, -0.0037499282, -0.0038925381, -0.0040204977, -0.0040797177, -0.004190198, -0.0042932993, -0.004342919, -0.0044383067, -0.004528963, -0.004613522, -0.004653092, -0.004725554, -0.0047891517, -0.0048175775, -0.004868975, -0.0049151406, -0.0049589025, -0.0049804114, -0.005023223, -0.0050649117, -0.0050850296, -0.0051220865, -0.005153086, -0.005165771, -0.0051849126, -0.0051965215, -0.005202453, -0.005204195, -0.0052067544, -0.0052094874, -0.00521114, -0.0052148825, -0.0052182516, -0.005219792, -0.0052194414, -0.005216058, -0.0052090185, -0.005204512, -0.0051947227, -0.005185541, -0.0051817144, -0.00517618, -0.0051735174, -0.005173216, -0.0051736296, -0.0051748743, -0.0051760394, -0.0051762736, -0.0051759295, -0.005174748, -0.0051731644, -0.0051723034, -0.00517029, -0.005168035, -0.0051667057, -0.005163725, -0.005160457, -0.0051571815, -0.005155764, -0.005153551, -0.0051529254, -0.005153287, -0.005155263, -0.0051582283, -0.0051597385, -0.005162461, -0.0051642326, -0.0051647834, -0.0051646736, -0.005164199, -0.0051638973, -0.0051640356, -0.00516493, -0.0051662517, -0.005167082, -0.005166815, -0.0051641706, -0.0051584113, -0.005154292, -0.0051439805, -0.0051317494, -0.0051252833, -0.0051121623, -0.005099125, -0.005085932, -0.0050788824, -0.0050628996, -0.005043326, -0.0050318753, -0.0050055617, -0.004975271, -0.004942143, -0.0049248957, -0.004889529, -0.004853402, -0.0048349956, -0.0047966973, -0.0047551347, -0.004732694, -0.0046836464, -0.0046289754, -0.004569495, -0.0045383596, -0.0044741686, -0.0044085765, -0.0043754824, -0.0043086084, -0.004240222, -0.004168763, -0.0041312184, -0.004051686, -0.0039656535, -0.0039202357, -0.0038250287, -0.0037249709, -0.0036734126, -0.0035677813, -0.0034585837, -0.0033452606, -0.0032866322, -0.0031644935, -0.0030344457, -0.0029661546, -0.0028226334, -0.0026693789, -0.002505913, -0.0024200077, -0.0022397162, -0.002052368, -0.001962067, -0.0018228606, -0.0018244586
0, 0, 0, 0, 0, 0, 0, -0.00250661, -0.0022863445, -0.0022919625, -0.002454954, -0.002557637, -0.00277119, -0.0029807605, -0.0030822577, -0.0032777956, -0.0034612308, -0.003630472, -0.003709131, -0.0038545737, -0.0039852816, -0.004046352, -0.004161965, -0.0042723445, -0.004326379, -0.0044319304, -0.0045334706, -0.0046285423, -0.004672653, -0.0047522984, -0.0048190546, -0.0048476392, -0.004896428, -0.0049374057, -0.004974878, -0.004993448, -0.0050317054, -0.005071706, -0.0050920704, -0.005132016, -0.0051685805, -0.0051848725, -0.00521206, -0.0052322806, -0.005246685, -0.0052525243, -0.005262919, -0.005273305, -0.0052787336, -0.0052899974, -0.0053007845, -0.0053092213, -0.0053119436, -0.0053138062, -0.005310777, -0.0053078113, -0.0053002518, -0.005292899, -0.0052900743, -0.005286944, -0.005287836, -0.0052920063, -0.0052950587, -0.0053019812, -0.0053087687, -0.005311667, -0.0053161997, -0.0053191255, -0.0053210594, -0.005321849, -0.0053233355, -0.005324567, -0.005325045, -0.005325755, -0.005325889, -0.005325343, -0.005324988, -0.0053244475, -0.0053248056, -0.0053254073, -0.005327721, -0.005330808, -0.0053323507, -0.0053349813, -0.0053364057, -0.005336236, -0.0053357095, -0.0053340504, -0.0053324797, -0.005331919, -0.005331477, -0.0053315917, -0.005331133, -0.0053302567, -0.005326152, -0.005318362, -0.005312951, -0.005299549, -0.005283583, -0.0052750204, -0.0052576433, -0.005240427, -0.0052232505, -0.0052143387, -0.0051947217, -0.005171154, -0.0051575904, -0.0051264325, -0.0050904406, -0.0050510042, -0.0050304253, -0.0049883723, -0.0049457788, -0.004924288, -0.0048802574, -0.0048335153, -0.0048087006, -0.0047550085, -0.004695522, -0.004630729, -0.004596702, -0.004526408, -0.004454445, -0.004418158, -0.004345159, -0.0042711063, -0.0041946275, -0.0041548545, -0.0040715165, -0.0039823586, -0.0039355992, -0.0038381605, -0.003736374, -0.0036841542, -0.0035774023, -0.0034676096, -0.003353786, -0.0032949238, -0.0031722598, -0.0030417477, -0.0029731495, -0.0028289286, -0.0026750264, -0.0025110191, -0.0024249482, -0.002244435, -0.0020571724, -0.0019669852, -0.0018283612, -0.0018309962
0, 0, 0, 0, 0, 0, 0, -0.0029130476, -0.002242649, -0.002164788, -0.002338834, -0.0024551963, -0.0026968492, -0.002928872, -0.0030387866, -0.0032455307, -0.0034341458, -0.0036043578, -0.003682634, -0.0038263516, -0.0039561326, -0.004017124, -0.004134144, -0.004248004, -0.004304346, -0.004415969, -0.004524886, -0.004627825, -0.004675936, -0.004763123, -0.004836278, -0.004867421, -0.0049198954, -0.0049626487, -0.005000281, -0.0050183763, -0.005055485, -0.0050944695, -0.00511455, -0.0051549557, -0.005193698, -0.005211591, -0.005242952, -0.0052681444, -0.0052879825, -0.005296433, -0.005312342, -0.005328424, -0.0053368974, -0.0053548417, -0.0053730235, -0.0053896187, -0.005396656, -0.0054072435, -0.0054127625, -0.0054137935, -0.005413842, -0.0054130876, -0.005413135, -0.005415248, -0.005420357, -0.005428103, -0.0054324954, -0.005441297, -0.0054488783, -0.0054518897, -0.0054559107, -0.005458202, -0.005459976, -0.0054611405, -0.005464597, -0.00546962, -0.0054726056, -0.0054788687, -0.0054847454, -0.005489405, -0.0054911566, -0.005493638, -0.0054951953, -0.005495902, -0.0054973895, -0.0054990626, -0.0054998025, -0.005500912, -0.0055009364, -0.0054994267, -0.0054980814, -0.005494417, -0.0054898886, -0.005487518, -0.0054830047, -0.005478632, -0.0054738056, -0.0054709003, -0.0054633426, -0.005452603, -0.005445948, -0.00542989, -0.005410915, -0.005400573, -0.0053787963, -0.005356432, -0.0053334204, -0.0053215255, -0.005296155, -0.005267254, -0.005251216, -0.005215503, -0.005175243, -0.005131442, -0.0051085134, -0.0050614853, -0.0050135762, -0.004989329, -0.0049399766, -0.004888414, -0.0048614712, -0.0048042536, -0.004742116, -0.004674964, -0.004639805, -0.0045670005, -0.004491665, -0.0044533634, -0.004375753, -0.004296346, -0.004214277, -0.0041719046, -0.004083856, -0.003991153, -0.003943042, -0.0038438863, -0.0037413056, -0.003688955, -0.0035823283, -0.0034728714, -0.003359418, -0.0033006917, -0.0031782603, -0.0030479303, -0.0029794138, -0.0028354786, -0.0026819182, -0.0025181717, -0.0024322073, -0.0022517536, -0.0020643333, -0.001973983, -0.0018351666, -0.0018379642
0, 0, 0, 0, 0, 0, 0, 0, -0.0020723117, -0.0020956816, -0.0022869285, -0.0024094346, -0.0026632065, -0.002905551, -0.0030194048, -0.0032311012, -0.0034221003, -0.0035931407, -0.0036717926, -0.00381626, -0.003947002, -0.0040084133, -0.0041258004, -0.004238699, -0.004294102, -0.004403429, -0.004510293, -0.004612659, -0.004661403, -0.004752239, -0.004832142, -0.004867583, -0.0049298164, -0.0049821367, -0.0050280667, -0.005049434, -0.0050911848, -0.005132758, -0.0051536104, -0.0051951823, -0.0052351854, -0.005253789, -0.005287181, -0.0053146156, -0.005336662, -0.0053462414, -0.0053641554, -0.0053824703, -0.0053922576, -0.005413617, -0.0054366267, -0.0054598385, -0.0054707928, -0.005490277, -0.005505598, -0.005511651, -0.0055213845, -0.005529358, -0.0055333744, -0.0055420697, -0.005552154, -0.0055631725, -0.005568623, -0.005578414, -0.005585546, -0.005587866, -0.0055903383, -0.0055909567, -0.0055916347, -0.0055927313, -0.005597061, -0.005604711, -0.0056096204, -0.0056207227, -0.005631877, -0.0056413896, -0.0056450833, -0.005650167, -0.00565228, -0.0056525134, -0.0056520714, -0.0056512323, -0.005650791, -0.0056495727, -0.005647967, -0.005644929, -0.0056427685, -0.005636722, -0.0056284396, -0.0056235893, -0.0056128507, -0.00560125, -0.005589065, -0.005582715, -0.0055691455, -0.005553844, -0.005545303, -0.0055261725, -0.005503963, -0.005491772, -0.005465381, -0.0054369452, -0.0054067, -0.0053909402, -0.005358047, -0.00532293, -0.0053042257, -0.0052645057, -0.005221465, -0.005175274, -0.0051511163, -0.0051009366, -0.0050489716, -0.0050223335, -0.0049678623, -0.004911459, -0.0048823087, -0.004821867, -0.004758044, -0.00469065, -0.004655689, -0.0045833257, -0.004507935, -0.00446914, -0.004389529, -0.0043069213, -0.0042209798, -0.004176643, -0.0040851776, -0.0039900537, -0.00394123, -0.0038413983, -0.003738887, -0.0036867645, -0.0035806657, -0.003471544, -0.0033583364, -0.0032997306, -0.003177746, -0.0030481252, -0.0029802062, -0.0028377818, -0.0026860402, -0.0025239957, -0.0024386817, -0.0022590528, -0.0020717578, -0.001981255, -0.0018418004, -0.0018441812
0, 0, 0, 0, 0, 0, 0, 0, -0.0023291945, -0.0021927883, -0.0023115638, -0.002417758, -0.0026566868, -0.002893397, -0.003005552, -0.0032151758, -0.0034059065, -0.0035795844, -0.0036605115, -0.0038111815, -0.0039482457, -0.0040121125, -0.004131585, -0.004241849, -0.0042942194, -0.0043947967, -0.004491625, -0.0045856577, -0.004631664, -0.0047209566, -0.004804983, -0.004844275, -0.004917089, -0.004981583, -0.005038805, -0.0050652, -0.005114893, -0.005162063, -0.005185096, -0.005230296, -0.00527359, -0.0052938927, -0.005330973, -0.0053622345, -0.0053877584, -0.0053987564, -0.0054189633, -0.005438733, -0.0054491847, -0.005471846, -0.0054971124, -0.0055240737, -0.0055376436, -0.005563323, -0.005586074, -0.0055960333, -0.0056132814, -0.0056281164, -0.0056350552, -0.005648705, -0.0056627127, -0.0056770025, -0.0056839203, -0.005696562, -0.005706495, -0.0057101646, -0.0057149725, -0.0057174833, -0.0057195444, -0.005721069, -0.0057262382, -0.0057346094, -0.005739987, -0.0057524065, -0.0057652756, -0.005776447, -0.0057806866, -0.005785913, -0.005786879, -0.0057858643, -0.0057822387, -0.005777719, -0.0057755494, -0.00577149, -0.005767816, -0.005763488, -0.0057606, -0.0057527516, -0.0057413434, -0.0057341806, -0.0057173814, -0.005698126, -0.005677498, -0.0056670806, -0.005646084, -0.005624784, -0.005613832, -0.005590709, -0.005564972, -0.0055508534, -0.0055199564, -0.005485303, -0.0054476107, -0.0054278946, -0.005387294, -0.005345478, -0.005324205, -0.005280752, -0.0052356683, -0.005188243, -0.005163466, -0.0051113945, -0.005056055, -0.005027244, -0.0049675535, -0.0049056313, -0.0048739756, -0.0048094383, -0.00474331, -0.0046755564, -0.004640913, -0.0045697405, -0.0044954675, -0.004457036, -0.004377323, -0.004293754, -0.004206439, -0.004161452, -0.004069166, -0.0039740307, -0.003925518, -0.0038266154, -0.0037252314, -0.0036735479, -0.0035679047, -0.0034586044, -0.003344969, -0.0032861868, -0.0031643112, -0.0030357835, -0.002968883, -0.0028291452, -0.0026807159, -0.0025218436, -0.0024378735, -0.0022603031, -0.0020740107, -0.0019836838, -0.0018441236, -0.0018463808
0, 0, 0, 0, 0, 0, 0, 0, -0.0027536375, -0.0023339158, -0.0023562345, -0.0024405865, -0.0026567935, -0.0028808683, -0.0029880735, -0.003190283, -0.0033781654, -0.003554395, -0.0036383565, -0.003797678, -0.0039437474, -0.0040112217, -0.0041344394, -0.0042430623, -0.0042924355, -0.004384237, -0.0044705165, -0.0045551388, -0.004597727, -0.0046833055, -0.00476842, -0.0048098373, -0.004889001, -0.0049614497, -0.005026185, -0.0050559375, -0.005111264, -0.00516309, -0.005188226, -0.0052381833, -0.005287199, -0.0053109145, -0.005355576, -0.0053951032, -0.0054287505, -0.0054434123, -0.0054696132, -0.005493452, -0.005505189, -0.0055297357, -0.0055565126, -0.005585534, -0.005600499, -0.0056298138, -0.00565686, -0.0056690183, -0.0056901923, -0.0057078796, -0.005715801, -0.0057309987, -0.005746458, -0.005763021, -0.005771736, -0.005789243, -0.005805791, -0.0058131446, -0.005825369, -0.005834239, -0.00584071, -0.0058434526, -0.005849128, -0.005856205, -0.005860483, -0.0058704275, -0.005881028, -0.005890427, -0.0058938283, -0.005897333, -0.005895932, -0.0058935652, -0.005886527, -0.005877922, -0.005873637, -0.0058658575, -0.005859225, -0.0058529517, -0.0058494825, -0.0058404324, -0.0058272528, -0.005818832, -0.0057982113, -0.005773487, -0.0057462673, -0.0057323365, -0.0057045957, -0.0056774127, -0.0056639826, -0.005636837, -0.005607878, -0.0055921935, -0.0055575916, -0.0055183745, -0.0054749222, -0.005451963, -0.0054049473, -0.0053574056, -0.005333718, -0.0052867685, -0.005239518, -0.0051908577, -0.005165448, -0.0051117274, -0.0050536203, -0.005022842, -0.0049584284, -0.0048911576, -0.004856883, -0.0047877156, -0.0047183274, -0.0046487567, -0.0046136673, -0.0045422297, -0.0044680475, -0.004429621, -0.0043497602, -0.004265996, -0.0041788244, -0.0041341833, -0.004043064, -0.0039498983, -0.0039025685, -0.0038060462, -0.0037065293, -0.0036553796, -0.0035500007, -0.0034400157, -0.0033252286, -0.0032659918, -0.0031437462, -0.0030162348, -0.0029503724, -0.0028136494, -0.0026688902, -0.0025136687, -0.0024312988, -0.0022561245, -0.0020712514, -0.0019812572, -0.0018421143, -0.0018448102
0, 0, 0, 0, 0, 0, 0, 0, -0.002613044, -0.0023748546, -0.0023774211, -0.0024529018, -0.0026590752, -0.0028746757, -0.0029772583, -0.0031705329, -0.0033525801, -0.003527642, -0.0036127092, -0.003776579, -0.003928247, -0.003998175, -0.0041244086, -0.004232795, -0.004281233, -0.0043696617, -0.0044521233, -0.004533638, -0.0045751217, -0.0046597198, -0.004745392, -0.0047874884, -0.004868259, -0.004942044, -0.0050073145, -0.005037185, -0.0050924513, -0.0051447675, -0.0051707057, -0.005223579, -0.005278167, -0.005305669, -0.0053598247, -0.005410484, -0.0054554474, -0.0054754848, -0.0055107195, -0.0055409987, -0.005555034, -0.0055828895, -0.0056120213, -0.005643251, -0.0056595127, -0.0056918818, -0.0057220627, -0.0057356046, -0.0057588737, -0.0057771923, -0.0057848915, -0.0057991324, -0.005813733, -0.0058309585, -0.0058408566, -0.005862993, -0.0058865817, -0.005898101, -0.0059189983, -0.0059353095, -0.0059464793, -0.0059503336, -0.0059556076, -0.00595949, -0.005961515, -0.0059667584, -0.005973149, -0.0059795957, -0.005982073, -0.005984482, -0.005982356, -0.0059794807, -0.005970608, -0.005959097, -0.005952916, -0.005941042, -0.0059304787, -0.005921185, -0.0059166304, -0.0059064594, -0.0058928686, -0.005884204, -0.0058626477, -0.005835786, -0.0058052274, -0.0057891887, -0.0057568722, -0.0057252264, -0.0057098344, -0.0056793783, -0.005648092, -0.0056313956, -0.0055950237, -0.0055536735, -0.0055074985, -0.0054829125, -0.005432098, -0.00538063, -0.005355066, -0.0053048106, -0.005255126, -0.0052046543, -0.0051785177, -0.0051232814, -0.0050632246, -0.0050312798, -0.0049640485, -0.0048934426, -0.0048574335, -0.004784919, -0.004712716, -0.0046407394, -0.004604559, -0.0045312224, -0.0044553606, -0.0044161743, -0.0043349327, -0.004250295, -0.004163042, -0.004118723, -0.0040290337, -0.003938035, -0.003891932, -0.0037977952, -0.0037000722, -0.003649467, -0.003544245, -0.0034334252, -0.0033172288, -0.003257408, -0.0031343962, -0.003007324, -0.0029420785, -0.002807354, -0.0026649719, -0.0025119185, -0.0024304204, -0.0022562696, -0.0020715594, -0.0019814528, -0.0018420274, -0.001844976
0, 0, 0, 0, 0, 0, 0, 0, -0.0031859549, -0.0024982775, -0.0024070707, -0.0024741762, -0.0026768188, -0.0028883591, -0.002987257, -0.0031723985, -0.0033468846, -0.0035159127, -0.003598742, -0.0037591036, -0.003908403, -0.003977599, -0.004103479, -0.0042132097, -0.004262997, -0.0043554506, -0.0044430387, -0.004529954, -0.0045736986, -0.004662328, -0.0047501707, -0.004792702, -0.0048730853, -0.004944919, -0.0050071673, -0.00503519, -0.0050872006, -0.005137037, -0.0051624253, -0.0052156057, -0.0052728965, -0.005302899, -0.005363821, -0.005423025, -0.0054770196, -0.005501406, -0.0055443505, -0.005580418, -0.0055967406, -0.0056281085, -0.005660073, -0.005694308, -0.0057122004, -0.0057482873, -0.0057824487, -0.0057978556, -0.0058240914, -0.005843952, -0.005851898, -0.005865244, -0.005878522, -0.005894791, -0.0059048254, -0.0059285644, -0.005955708, -0.005969663, -0.0059956927, -0.0060163904, -0.0060299668, -0.0060339733, -0.006037591, -0.0060375845, -0.006037343, -0.006037815, -0.006040652, -0.006045444, -0.006048029, -0.006051812, -0.006051955, -0.0060501215, -0.006042277, -0.006029906, -0.006022582, -0.006007129, -0.0059924508, -0.005979435, -0.0059735086, -0.005961761, -0.0059482, -0.005939889, -0.0059193405, -0.0058930847, -0.0058620283, -0.005845222, -0.005810636, -0.0057761017, -0.00575927, -0.0057262448, -0.0056933146, -0.0056762546, -0.0056396406, -0.0055985455, -0.0055525443, -0.0055278894, -0.005476251, -0.005422973, -0.0053963074, -0.0053434633, -0.005291323, -0.0052389284, -0.0052120774, -0.005155893, -0.0050955415, -0.0050635445, -0.0049964148, -0.004925857, -0.0048897928, -0.0048170746, -0.004744152, -0.0046710633, -0.004634167, -0.004559094, -0.0044812784, -0.004441085, -0.00435793, -0.004271737, -0.004183485, -0.0041389363, -0.004049301, -0.003958901, -0.0039132107, -0.0038200002, -0.0037229648, -0.0036725732, -0.0035672605, -0.0034558214, -0.0033386732, -0.0032782669, -0.0031544885, -0.0030269425, -0.002961595, -0.0028267594, -0.0026840821, -0.0025303096, -0.0024481833, -0.002272278, -0.002085195, -0.0019938399, -0.0018522766, -0.0018544071
0, 0, 0, 0, 0, 0, 0, 0, 0, -0.0024643857, -0.002460281, -0.0025260858, -0.0027152053, -0.0029159524, -0.0030111936, -0.0031905277, -0.0033590475, -0.0035206354, -0.0035990304, -0.0037500015, -0.0038909696, -0.0039569954, -0.0040802886, -0.004192677, -0.0042454884, -0.0043469514, -0.0044448683, -0.0045413137, -0.0045892596, -0.0046838955, -0.004775209, -0.0048187557, -0.004899893, -0.0049714074, -0.0050332085, -0.0050609545, -0.0051124413, -0.0051617166, -0.0051868004, -0.0052394397, -0.0052965283, -0.0053267623, -0.0053886552, -0.005449653, -0.005506166, -0.005531763, -0.0055772415, -0.0056156917, -0.005633116, -0.0056664567, -0.005700425, -0.0057371072, -0.0057565533, -0.0057963342, -0.0058351527, -0.005853088, -0.0058844266, -0.0059084226, -0.005917879, -0.005933022, -0.0059461393, -0.0059610335, -0.0059700133, -0.005991847, -0.0060176654, -0.0060312157, -0.006057086, -0.006078063, -0.0060914983, -0.0060951808, -0.0060972883, -0.0060949475, -0.006093323, -0.0060912287, -0.006092563, -0.0060976227, -0.006101074, -0.006107941, -0.006111917, -0.006111901, -0.006106964, -0.0060955477, -0.006087858, -0.0060702213, -0.00605214, -0.006035671, -0.0060283015, -0.0060147494, -0.006000925, -0.0059931, -0.0059741917, -0.00594976, -0.005919723, -0.005903056, -0.0058676866, -0.005831378, -0.005813458, -0.0057783816, -0.0057441224, -0.005726819, -0.005690719, -0.0056511634, -0.0056071, -0.00558341, -0.005532979, -0.005479822, -0.0054527675, -0.005398585, -0.005344606, -0.0052906577, -0.005263369, -0.005207147, -0.0051479684, -0.005116973, -0.005052289, -0.004984742, -0.004950121, -0.004879812, -0.0048086923, -0.004736528, -0.004699873, -0.004624854, -0.0045466283, -0.004506152, -0.0044223107, -0.004335218, -0.0042458535, -0.004200625, -0.004109562, -0.0040177573, -0.0039714114, -0.0038770023, -0.0037790947, -0.0037283322, -0.0036225559, -0.003510744, -0.0033931592, -0.0033325185, -0.0032079208, -0.0030789492, -0.0030126385, -0.0028753045, -0.0027294909, -0.0025719802, -0.0024878012, -0.002307533, -0.002115855, -0.0020222715, -0.0018766862, -0.0018768609
0, 0, 0, 0, 0, 0, 0, 0, 0, -0.0029097982, -0.0026521748, -0.0026377162, -0.0027429147, -0.0029181936, -0.0030108225, -0.0031917938, -0.003362494, -0.0035217542, -0.0035972781, -0.0037408771, -0.0038751804, -0.0039392323, -0.004062032, -0.0041791974, -0.0042361016, -0.004346696, -0.0044536856, -0.0045571434, -0.0046075513, -0.004705375, -0.0047984747, -0.0048428415, -0.004926349, -0.005001953, -0.0050695157, -0.0051004807, -0.0051582926, -0.005212352, -0.0052390075, -0.0052928166, -0.005348635, -0.00537734, -0.005435497, -0.005492644, -0.0055460073, -0.0055705393, -0.0056145876, -0.0056526777, -0.005669995, -0.0057034404, -0.005737464, -0.005774419, -0.005794161, -0.0058357525, -0.0058780094, -0.0058983536, -0.005935407, -0.005965493, -0.0059777354, -0.005997379, -0.0060125776, -0.006026806, -0.006034558, -0.0060525145, -0.0060738036, -0.006085093, -0.006107541, -0.006126664, -0.0061397627, -0.006143596, -0.0061463546, -0.0061447937, -0.0061433883, -0.0061415844, -0.0061432184, -0.006149038, -0.006153109, -0.006161945, -0.0061684805, -0.0061698346, -0.0061674, -0.006157576, -0.006150177, -0.0061322423, -0.0061126817, -0.006094078, -0.0060855825, -0.00607032, -0.006055898, -0.0060482863, -0.006030694, -0.006008203, -0.005979947, -0.005963889, -0.005928843, -0.0058918195, -0.005873202, -0.005836824, -0.005801521, -0.005784051, -0.005748595, -0.005710845, -0.0056692744, -0.005646816, -0.0055986303, -0.005546915, -0.0055202227, -0.0054657958, -0.0054110773, -0.005356464, -0.005328988, -0.0052733626, -0.005215851, -0.005186104, -0.005124463, -0.005060279, -0.005027305, -0.0049598464, -0.004890874, -0.0048203636, -0.0047844728, -0.0047108503, -0.0046340427, -0.004594245, -0.0045116832, -0.0044253175, -0.00433574, -0.00429005, -0.004197277, -0.004102893, -0.0040550823, -0.0039578355, -0.0038575388, -0.003805937, -0.003699078, -0.0035869274, -0.0034691906, -0.003408285, -0.0032824352, -0.0031509441, -0.0030828638, -0.0029410913, -0.0027900888, -0.002626975, -0.0025400205, -0.0023543164, -0.002157483, -0.0020613838, -0.0019114222, -0.0019095492
0, 0, 0, 0, 0, 0, 0, 0, 0, -0.0035316779, -0.002787741, -0.0026614629, -0.002679052, -0.0028466387, -0.0029459514, -0.003144413, -0.0033289995, -0.0034962364, -0.003573917, -0.0037200255, -0.0038571653, -0.003923557, -0.00405306, -0.004178519, -0.004239313, -0.004356761, -0.0044671074, -0.0045704176, -0.0046198294, -0.0047147525, -0.004805783, -0.004850141, -0.0049364073, -0.005018802, -0.005096371, -0.0051330635, -0.005201715, -0.005264628, -0.005294246, -0.0053508347, -0.005405607, -0.0054327263, -0.005486584, -0.005539511, -0.005589885, -0.005613591, -0.005657292, -0.005695822, -0.005713587, -0.005746872, -0.005779671, -0.0058142906, -0.005832836, -0.005872814, -0.0059150984, -0.0059363907, -0.005976988, -0.006012562, -0.006027761, -0.006052934, -0.0060719755, -0.0060873963, -0.006094708, -0.0061098235, -0.0061268737, -0.0061361133, -0.0061553027, -0.0061732675, -0.006187543, -0.0061927284, -0.006199175, -0.006201335, -0.006201502, -0.006201682, -0.006203622, -0.0062085656, -0.0062119644, -0.006219382, -0.0062253163, -0.006226835, -0.0062254085, -0.0062174, -0.0062110745, -0.006194954, -0.0061764433, -0.0061580194, -0.006149305, -0.006133337, -0.0061183292, -0.006110782, -0.006094051, -0.006073312, -0.0060472977, -0.006032303, -0.005999044, -0.0059630326, -0.0059446357, -0.0059082094, -0.0058728145, -0.005855421, -0.005820672, -0.0057846606, -0.005745436, -0.0057243537, -0.00567897, -0.005629559, -0.0056036767, -0.0055503207, -0.0054960386, -0.0054416573, -0.005414399, -0.005359345, -0.005303017, -0.005274107, -0.005214367, -0.005151689, -0.0051192637, -0.0050525414, -0.004983696, -0.0049132365, -0.0048774118, -0.0048043886, -0.0047291284, -0.004690326, -0.0046099303, -0.004525405, -0.0044367276, -0.0043909587, -0.0042969356, -0.0041998858, -0.004150387, -0.004049456, -0.0039458773, -0.003892894, -0.0037841306, -0.0036709106, -0.0035523123, -0.0034907172, -0.0033625902, -0.0032273047, -0.0031567472, -0.0030091729, -0.0028517516, -0.0026825303, -0.0025926994, -0.0024019172, -0.002200616, -0.0021024793, -0.0019490634, -0.0019458748
0, 0, 0, 0, 0, 0, 0, 0, 0, -0.0033534411, -0.00260306, -0.0024749076, -0.0025101446, -0.002710251, -0.0028265, -0.003054637, -0.0032612188, -0.003444779, -0.0035295917, -0.0036894702, -0.0038409831, -0.003914572, -0.0040579145, -0.004194494, -0.0042591128, -0.004380056, -0.0044888663, -0.0045868703, -0.0046328343, -0.0047212676, -0.004808062, -0.004851559, -0.0049397023, -0.005028119, -0.0051146466, -0.0051560276, -0.0052338876, -0.0053037326, -0.0053357636, -0.0053944574, -0.00544868, -0.005475043, -0.0055273944, -0.0055798916, -0.0056317896, -0.005657186, -0.005705186, -0.0057482244, -0.0057677655, -0.0058031846, -0.005835416, -0.0058670556, -0.0058835973, -0.0059188977, -0.0059575466, -0.005977694, -0.0060178377, -0.0060555376, -0.0060725827, -0.006102104, -0.006125523, -0.0061438372, -0.006151859, -0.0061669354, -0.0061827456, -0.006191323, -0.0062095895, -0.006228554, -0.00624573, -0.006253066, -0.006264623, -0.006271639, -0.00627372, -0.006275884, -0.006277122, -0.0062789335, -0.0062802667, -0.006283431, -0.006286106, -0.0062867124, -0.0062854355, -0.0062798406, -0.0062752557, -0.006263135, -0.006248226, -0.0062322887, -0.006224414, -0.006209137, -0.006194472, -0.0061870757, -0.0061711995, -0.0061524305, -0.0061294297, -0.0061161434, -0.0060864557, -0.006053587, -0.006036487, -0.006001957, -0.005967838, -0.0059509203, -0.0059173335, -0.00588293, -0.005846077, -0.005826408, -0.0057840627, -0.0057375454, -0.0057129385, -0.005661808, -0.0056091193, -0.0055557596, -0.0055288924, -0.005474625, -0.005419065, -0.0053904923, -0.00533117, -0.0052681467, -0.005235234, -0.0051668272, -0.0050955988, -0.005022516, -0.004985512, -0.004910923, -0.0048351954, -0.004796664, -0.004717394, -0.0046343287, -0.0045466498, -0.0045009097, -0.0044057947, -0.0043061385, -0.004254918, -0.004150118, -0.004042524, -0.003987753, -0.003875936, -0.0037601206, -0.0036390063, -0.0035759583, -0.0034440153, -0.0033035509, -0.0032299291, -0.0030755901, -0.0029112217, -0.00273559, -0.0026429133, -0.0024472587, -0.0022419663, -0.0021420678, -0.00198579, -0.001981988
0, 0, 0, 0, 0, 0, 0, 0, 0, 0, -0.0023686881, -0.002296732, -0.0023619798, -0.0025891443, -0.0027193066, -0.0029715898, -0.003197035, -0.0033975171, -0.0034909814, -0.0036693974, -0.003839934, -0.003922491, -0.0040812264, -0.004227958, -0.0042955936, -0.004418315, -0.00452504, -0.0046190214, -0.0046629114, -0.004747607, -0.0048326133, -0.004876025, -0.0049655405, -0.00505687, -0.005146457, -0.0051894328, -0.0052693933, -0.005340054, -0.005372022, -0.0054303096, -0.005484505, -0.005510918, -0.0055645956, -0.005620331, -0.005677582, -0.00570609, -0.0057612387, -0.0058112834, -0.005833869, -0.0058739176, -0.005907932, -0.0059385058, -0.005953598, -0.0059844553, -0.0060179294, -0.0060356497, -0.0060721296, -0.006108277, -0.006125559, -0.0061569163, -0.006183364, -0.006204907, -0.0062142937, -0.0062315054, -0.0062485407, -0.006257519, -0.0062768687, -0.006297569, -0.0063178106, -0.0063271844, -0.0063430145, -0.006354035, -0.0063576023, -0.0063611716, -0.006361277, -0.0063596545, -0.0063588135, -0.0063575865, -0.006357173, -0.00635705, -0.006356249, -0.006353681, -0.0063513066, -0.006344228, -0.006334175, -0.006321866, -0.006315176, -0.006301566, -0.006287747, -0.0062808553, -0.006266379, -0.006250072, -0.006230804, -0.0062198415, -0.006195186, -0.0061670444, -0.006152141, -0.0061209355, -0.0060891355, -0.006073148, -0.006041034, -0.0060083, -0.005973772, -0.005955416, -0.005916055, -0.005872725, -0.005849619, -0.005801049, -0.005750356, -0.005698351, -0.005672133, -0.0056188987, -0.0055643446, -0.005536121, -0.0054771965, -0.005413949, -0.0053805425, -0.0053102835, -0.0052361703, -0.005159425, -0.0051206406, -0.0050426014, -0.004964275, -0.0049248086, -0.0048445542, -0.004761268, -0.004673296, -0.0046271686, -0.004530395, -0.004428002, -0.004374979, -0.0042660586, -0.004153971, -0.0040969243, -0.0039807884, -0.0038608233, -0.003735368, -0.003669976, -0.003532783, -0.0033861317, -0.0033090848, -0.0031474752, -0.0029756813, -0.002793092, -0.002697254, -0.002495833, -0.0022856263, -0.0021834665, -0.0020233917, -0.0020184612
0, 0, 0, 0, 0, 0, 0, 0, 0, 0, -0.0025894674, -0.0023679587, -0.0023385913, -0.0025563345, -0.002688552, -0.0029466422, -0.003179538, -0.003390209, -0.0034900636, -0.0036825172, -0.003866596, -0.0039550145, -0.0041221976, -0.0042733545, -0.0043421243, -0.0044663474, -0.0045747687, -0.004671879, -0.0047177793, -0.0048074457, -0.0048972084, -0.004942614, -0.0050343843, -0.005125513, -0.005212457, -0.005253456, -0.0053289714, -0.005395792, -0.0054263202, -0.005483392, -0.0055379462, -0.005565318, -0.0056214887, -0.0056804274, -0.0057412283, -0.0057717864, -0.005831182, -0.0058859657, -0.005910842, -0.005955467, -0.00599315, -0.0060258755, -0.006041147, -0.0060709217, -0.0061014225, -0.0061172973, -0.0061499774, -0.0061832834, -0.0061997217, -0.006230762, -0.006258393, -0.0062820464, -0.0062925783, -0.006311827, -0.006330263, -0.006339673, -0.0063594203, -0.006380503, -0.0064016744, -0.006411725, -0.006429524, -0.00644272, -0.0064472724, -0.006452333, -0.0064528543, -0.006450607, -0.006449183, -0.006446783, -0.006446037, -0.006446222, -0.0064471876, -0.006447713, -0.006447331, -0.006444316, -0.0064378157, -0.0064282725, -0.0064225323, -0.0064099743, -0.006396867, -0.0063903397, -0.006377272, -0.0063635525, -0.0063482663, -0.00633969, -0.0063199257, -0.006296708, -0.006283832, -0.006256084, -0.006226541, -0.0062113986, -0.0061807265, -0.0061494038, -0.0061168, -0.0060995906, -0.006062772, -0.0060221166, -0.0060002566, -0.0059537115, -0.005904376, -0.005853234, -0.005827335, -0.0057749376, -0.005721529, -0.0056939963, -0.0056366003, -0.0055748518, -0.005541988, -0.0054720407, -0.005397133, -0.005318317, -0.0052780593, -0.005196664, -0.0051148133, -0.0050737583, -0.0049907533, -0.0049052285, -0.004815301, -0.0047681215, -0.0046689645, -0.00456342, -0.004508514, -0.0043953266, -0.0042784577, -0.0042189434, -0.0040976335, -0.0039724787, -0.0038417235, -0.0037736287, -0.0036307264, -0.0034778751, -0.003397519, -0.0032288078, -0.0030497226, -0.0028596746, -0.002760185, -0.002551646, -0.002334544, -0.0022291404, -0.0020634441, -0.0020559337
0, 0, 0, 0, 0, 0, 0, 0, 0, 0, -0.0024829851, -0.0024241596, -0.002443599, -0.0026315935, -0.0027501325, -0.0029912293, -0.003219451, -0.0034330427, -0.0035354714, -0.0037327542, -0.003918872, -0.004006854, -0.004171334, -0.004319336, -0.004387328, -0.0045129904, -0.0046280227, -0.004736176, -0.004788614, -0.004891515, -0.004992065, -0.0050414046, -0.0051369024, -0.0052264933, -0.005308658, -0.0053465734, -0.005416836, -0.0054807635, -0.0055110087, -0.005569685, -0.0056272303, -0.0056561837, -0.0057146377, -0.0057739317, -0.005833312, -0.005862554, -0.005919403, -0.005972663, -0.0059976154, -0.0060437857, -0.006085003, -0.0061220224, -0.006139327, -0.0061720996, -0.0062038098, -0.0062195743, -0.0062512998, -0.006283012, -0.0062985546, -0.006328665, -0.006356142, -0.0063805925, -0.0063916724, -0.006411882, -0.006430618, -0.006439745, -0.0064581954, -0.0064771683, -0.006496182, -0.006505398, -0.00652238, -0.0065360256, -0.006541224, -0.006548457, -0.0065518357, -0.0065527987, -0.006552959, -0.006553642, -0.006555523, -0.0065570315, -0.006560388, -0.00656325, -0.0065639014, -0.0065627345, -0.006557514, -0.0065484666, -0.0065428116, -0.006529999, -0.006516759, -0.00651029, -0.0064979685, -0.0064860666, -0.006473562, -0.006466557, -0.0064501544, -0.0064299065, -0.0064182673, -0.0063921637, -0.006363552, -0.0063486216, -0.006318408, -0.006287822, -0.0062563894, -0.0062399986, -0.0062049595, -0.00616592, -0.006144687, -0.0060990206, -0.0060495776, -0.005997854, -0.005971584, -0.0059187165, -0.0058654887, -0.0058384934, -0.0057829446, -0.0057236957, -0.0056922194, -0.0056248275, -0.0055514574, -0.0054729935, -0.00543226, -0.005348962, -0.0052641467, -0.0052214502, -0.0051349904, -0.005046202, -0.0049533504, -0.0049047708, -0.004802751, -0.004694073, -0.004637409, -0.004520103, -0.0043986896, -0.0043366896, -0.0042101475, -0.0040797438, -0.003943971, -0.0038733762, -0.003725598, -0.003567768, -0.0034848256, -0.0033105812, -0.003125207, -0.0029282996, -0.0028251843, -0.0026090078, -0.0023839965, -0.002274691, -0.0021021387, -0.0020911458
0, 0, 0, 0, 0, 0, 0, 0, 0, 0, -0.0032133006, -0.003008149, -0.0027425135, -0.0027751054, -0.0028543584, -0.0030604817, -0.003282339, -0.0034981272, -0.0036017152, -0.0037977095, -0.0039770165, -0.004060339, -0.004214879, -0.0043560485, -0.0044226507, -0.004551185, -0.004676276, -0.0047991127, -0.004859765, -0.0049780156, -0.005090077, -0.0051432233, -0.0052419356, -0.0053303274, -0.0054095294, -0.0054463623, -0.0055161463, -0.005583222, -0.0056162416, -0.005681916, -0.005746387, -0.0057778507, -0.005838701, -0.005896081, -0.005950003, -0.0059756846, -0.00602499, -0.006072066, -0.00609498, -0.0061399164, -0.0061832494, -0.0062247682, -0.006244697, -0.006282649, -0.0063182334, -0.0063352236, -0.006368117, -0.0063997284, -0.0064149806, -0.0064444738, -0.0064718476, -0.0064967554, -0.0065083303, -0.006529384, -0.006548069, -0.0065568015, -0.006573385, -0.0065892763, -0.0066049187, -0.0066126063, -0.0066272696, -0.006640353, -0.006646105, -0.006655705, -0.006662927, -0.006668561, -0.006671036, -0.0066760094, -0.006681044, -0.006683652, -0.0066885203, -0.0066920435, -0.006692751, -0.006691232, -0.006685475, -0.0066755884, -0.006669476, -0.0066559617, -0.0066421386, -0.0066355555, -0.006623345, -0.006612067, -0.006600335, -0.006593729, -0.0065779933, -0.006557875, -0.0065460396, -0.006519208, -0.0064895637, -0.0064740893, -0.006442992, -0.0064118938, -0.006380591, -0.0063644876, -0.00633015, -0.006291737, -0.006270659, -0.0062246295, -0.006173906, -0.0061201104, -0.0060925474, -0.0060373177, -0.005982348, -0.005954891, -0.005899194, -0.0058410335, -0.0058103595, -0.0057449397, -0.005673357, -0.005595919, -0.005555299, -0.0054711294, -0.005384334, -0.0053402754, -0.005250786, -0.005158831, -0.0050630285, -0.0050131367, -0.0049085002, -0.004797133, -0.0047390386, -0.004618456, -0.004493069, -0.004428947, -0.0042978637, -0.0041629495, -0.004022993, -0.0039505623, -0.0037995034, -0.0036386596, -0.0035541672, -0.0033765857, -0.0031872191, -0.0029853778, -0.002879432, -0.0026570037, -0.0024249956, -0.002312099, -0.0021333229, -0.002119091
0, 0, 0, 0, 0, 0, 0, 0, 0, 0, -0.0043732706, -0.003774054, -0.0029917036, -0.0028394286, -0.0028879528, -0.0030828228, -0.0033157798, -0.003542374, -0.0036485842, -0.0038442567, -0.004017966, -0.004097601, -0.0042459266, -0.004384885, -0.0044525964, -0.004587798, -0.0047238576, -0.0048594, -0.0049261916, -0.005054565, -0.005172928, -0.0052274535, -0.0053270175, -0.0054150666, -0.0054952605, -0.0055336696, -0.005609527, -0.0056858785, -0.005724279, -0.0058005704, -0.005873906, -0.005908389, -0.00597219, -0.006028254, -0.0060775983, -0.0061003063, -0.0061431928, -0.006185324, -0.0062065334, -0.006250363, -0.0062952614, -0.0063401917, -0.0063620647, -0.00640397, -0.0064424304, -0.0064604185, -0.0064941514, -0.0065254443, -0.006540478, -0.0065694936, -0.0065972116, -0.0066233585, -0.006635633, -0.00665847, -0.0066783344, -0.006687297, -0.006703472, -0.006717845, -0.0067315516, -0.0067382916, -0.006751506, -0.0067643323, -0.006770353, -0.006781289, -0.0067908727, -0.0067990283, -0.006802556, -0.006808981, -0.0068145236, -0.006816938, -0.0068208165, -0.0068227965, -0.0068227923, -0.0068199825, -0.0068133925, -0.006803042, -0.006796879, -0.006783326, -0.0067694983, -0.0067628925, -0.006750483, -0.0067385384, -0.006725837, -0.006718572, -0.00670119, -0.00667913, -0.006666225, -0.0066372515, -0.0066052186, -0.006588727, -0.006555624, -0.0065229754, -0.00649049, -0.0064739217, -0.0064389743, -0.0064001866, -0.0063788434, -0.0063318512, -0.0062795156, -0.0062231636, -0.006194053, -0.0061352067, -0.0060763834, -0.0060470924, -0.0059881546, -0.005927552, -0.0058959783, -0.00582925, -0.005756927, -0.005678863, -0.0056378776, -0.0055526043, -0.005464147, -0.005418988, -0.005327061, -0.0052325833, -0.0051343716, -0.005083365, -0.004976764, -0.0048635923, -0.004804477, -0.0046816915, -0.0045534926, -0.004487786, -0.0043533915, -0.004215019, -0.0040719123, -0.003998168, -0.0038448772, -0.0036824262, -0.0035972376, -0.0034183448, -0.0032274448, -0.0030233054, -0.0029157838, -0.0026894824, -0.0024529055, -0.0023376462, -0.0021545195, -0.0021382417
0, 0, 0, 0, 0, 0, 0, 0, 0, 0, 0, -0.0036758156, -0.0028911333, -0.0027469702, -0.002809275, -0.0030368373, -0.0032973944, -0.0035409166, -0.0036522755, -0.0038543127, -0.0040323897, -0.0041146944, -0.0042701764, -0.004419169, -0.004492745, -0.0046397317, -0.0047864094, -0.0049294126, -0.0049982755, -0.0051282737, -0.0052454793, -0.0052991426, -0.0053976076, -0.0054870625, -0.005572082, -0.0056141787, -0.005699518, -0.005786305, -0.00582984, -0.0059150863, -0.0059946966, -0.0060315067, -0.006098008, -0.006155113, -0.006204526, -0.0062271566, -0.006270621, -0.0063139424, -0.0063360343, -0.006381894, -0.006429085, -0.006475755, -0.006498282, -0.0065407027, -0.0065786666, -0.0065962803, -0.006628952, -0.006659112, -0.0066737165, -0.006702503, -0.0067309123, -0.006758513, -0.0067717116, -0.006796307, -0.0068178484, -0.006827474, -0.006844851, -0.00686011, -0.0068742908, -0.006881205, -0.0068948613, -0.0069078654, -0.0069139786, -0.00692493, -0.006933892, -0.006940671, -0.0069432626, -0.0069471584, -0.0069495384, -0.0069502387, -0.0069509875, -0.006950202, -0.006949183, -0.006945234, -0.0069384323, -0.006928768, -0.0069230553, -0.0069103376, -0.006896883, -0.0068901577, -0.0068767364, -0.006862966, -0.0068478314, -0.0068392204, -0.0068191653, -0.006794666, -0.006780632, -0.006749532, -0.006715517, -0.0066979215, -0.006662435, -0.006627206, -0.0065920325, -0.006574267, -0.006537155, -0.0064965603, -0.0064744954, -0.00642619, -0.006372606, -0.0063144173, -0.00628408, -0.006222018, -0.006158882, -0.0061270893, -0.006062819, -0.005996688, -0.0059625036, -0.0058911475, -0.0058149695, -0.0057338495, -0.0056916093, -0.005604201, -0.005513686, -0.005467494, -0.0053733313, -0.005276657, -0.0051763263, -0.0051244, -0.0050163227, -0.004901941, -0.0048422604, -0.0047183414, -0.004588827, -0.004522254, -0.004385884, -0.004245183, -0.0040997635, -0.0040248367, -0.0038696376, -0.003705949, -0.0036204192, -0.0034411366, -0.0032499614, -0.0030453682, -0.0029373898, -0.0027095745, -0.0024708116, -0.0023543488, -0.0021690072, -0.0021518865
0, 0, 0, 0, 0, 0, 0, 0, 0, 0, 0, 0, -0.0027441997, -0.0026676122, -0.0027343913, -0.002972623, -0.0032457614, -0.0035011612, -0.0036186061, -0.0038346178, -0.0040310523, -0.004123836, -0.004301839, -0.004472767, -0.0045561097, -0.004718647, -0.0048736003, -0.005018649, -0.005086596, -0.0052128504, -0.0053264094, -0.00537907, -0.0054783677, -0.005572625, -0.0056655183, -0.005711964, -0.005805533, -0.0058983453, -0.00594384, -0.0060310178, -0.0061110924, -0.0061480654, -0.006215586, -0.0062757395, -0.0063305185, -0.006356508, -0.0064076264, -0.00645855, -0.0064839763, -0.006535014, -0.006584567, -0.0066309483, -0.006652542, -0.0066922563, -0.0067275297, -0.0067438, -0.0067746295, -0.0068043503, -0.0068189465, -0.0068482277, -0.0068775574, -0.006905809, -0.006919212, -0.006944046, -0.0069658905, -0.0069757397, -0.0069938605, -0.007010387, -0.007025957, -0.0070335213, -0.007047968, -0.0070612105, -0.0070670047, -0.0070765335, -0.007082832, -0.00708579, -0.007086215, -0.0070854127, -0.00708323, -0.0070819072, -0.007079167, -0.0070760697, -0.0070742364, -0.0070697116, -0.007063048, -0.0070539964, -0.0070485403, -0.007036017, -0.007021719, -0.0070140096, -0.0069978153, -0.006980593, -0.0069616544, -0.0069512897, -0.0069282097, -0.006901615, -0.006886801, -0.006854497, -0.0068191816, -0.0068007284, -0.006762814, -0.0067241606, -0.006684904, -0.00666491, -0.0066237077, -0.0065796725, -0.0065562087, -0.0065060155, -0.0064512715, -0.0063923765, -0.0063615367, -0.006297782, -0.0062316344, -0.006197787, -0.0061285235, -0.0060567176, -0.0060196538, -0.005942729, -0.0058618085, -0.00577682, -0.0057329424, -0.0056428956, -0.005550158, -0.0055028605, -0.005406542, -0.005307455, -0.0052047856, -0.00515186, -0.005042219, -0.004926799, -0.0048669167, -0.0047427327, -0.0046132025, -0.00454654, -0.004409633, -0.0042678094, -0.004120626, -0.0040447423, -0.0038875765, -0.0037223366, -0.0036362498, -0.0034564312, -0.0032651748, -0.0030606273, -0.0029526853, -0.0027245875, -0.0024851265, -0.0023681729, -0.002181761, -0.0021643406
0, 0, 0, 0, 0, 0, 0, 0, 0, 0, 0, 0, -0.003119966, -0.0027468859, -0.00275144, -0.0029300428, -0.0031854534, -0.0034449168, -0.0035698744, -0.003808322, -0.0040335096, -0.0041417186, -0.0043494785, -0.0045456346, -0.0046390803, -0.0048145615, -0.0049744444, -0.00511868, -0.005185269, -0.0053090584, -0.005423277, -0.005477978, -0.005584381, -0.005688483, -0.0057910387, -0.005841602, -0.005939739, -0.006032317, -0.0060761473, -0.006158101, -0.006233023, -0.0062681944, -0.006335342, -0.006399434, -0.006462209, -0.0064932937, -0.006555, -0.0066154045, -0.0066446676, -0.006700129, -0.006750335, -0.00679435, -0.0068142517, -0.0068504363, -0.006883351, -0.0068991454, -0.0069301855, -0.006961323, -0.0069770743, -0.0070082345, -0.007038301, -0.007065876, -0.00707849, -0.007101157, -0.0071208067, -0.00712975, -0.007146607, -0.007162672, -0.0071783825, -0.007185913, -0.00720013, -0.0072122994, -0.0072173597, -0.007224508, -0.0072275456, -0.0072268117, -0.007225265, -0.0072207255, -0.0072153467, -0.0072126794, -0.0072078407, -0.007203354, -0.007201034, -0.0071955984, -0.007188183, -0.007178066, -0.0071718222, -0.007156863, -0.00713891, -0.0071290755, -0.0071078897, -0.007085364, -0.0070614773, -0.0070489477, -0.0070225056, -0.0069937045, -0.006978134, -0.0069447304, -0.0069082407, -0.0068888925, -0.006848177, -0.0068054744, -0.0067609902, -0.0067381067, -0.006691071, -0.0066419085, -0.0066163205, -0.0065630157, -0.006506686, -0.0064472193, -0.006416293, -0.006352041, -0.006284653, -0.0062497365, -0.0061776005, -0.00610226, -0.0060633514, -0.005983041, -0.0058991616, -0.005811914, -0.005767113, -0.0056753955, -0.005580931, -0.0055327504, -0.0054342547, -0.0053325985, -0.005227397, -0.0051732906, -0.0050617578, -0.0049454737, -0.0048854267, -0.0047615427, -0.0046327785, -0.004566545, -0.0044302195, -0.0042883307, -0.0041403095, -0.004063769, -0.0039050726, -0.0037383342, -0.0036516702, -0.0034711242, -0.0032795921, -0.003074984, -0.0029670096, -0.0027389436, -0.0024991054, -0.0023817515, -0.0021944921, -0.0021766627
0, 0, 0, 0, 0, 0, 0, 0, 0, 0, 0, 0, -0.0031525467, -0.0028683671, -0.002811214, -0.0028965396, -0.0031238273, -0.003393656, -0.0035306786, -0.003798867, -0.004054696, -0.004177094, -0.0044087647, -0.0046215057, -0.0047200704, -0.0049012494, -0.005062169, -0.005205956, -0.005272961, -0.0054005105, -0.005523147, -0.0055836416, -0.0057035913, -0.005821118, -0.0059339814, -0.0059876028, -0.006087608, -0.006177111, -0.006217947, -0.0062932502, -0.0063628815, -0.00639656, -0.006463951, -0.006532528, -0.006602548, -0.0066378466, -0.006707585, -0.0067738285, -0.006804841, -0.006861146, -0.0069095506, -0.006950792, -0.0069693914, -0.007004468, -0.0070382026, -0.0070551476, -0.007089562, -0.007124593, -0.0071418504, -0.007175123, -0.007205266, -0.007231031, -0.0072421706, -0.007261316, -0.0072773523, -0.0072846054, -0.0072986674, -0.0073125716, -0.0073261834, -0.007332896, -0.0073450343, -0.0073548816, -0.0073585976, -0.007363091, -0.007363764, -0.007360867, -0.0073584253, -0.0073524625, -0.0073459744, -0.007342905, -0.0073368144, -0.0073307958, -0.0073274793, -0.007319566, -0.007308945, -0.0072949966, -0.007286498, -0.007266533, -0.007242941, -0.0072300606, -0.007202863, -0.007174283, -0.007145036, -0.007130117, -0.0070995465, -0.007067586, -0.0070507745, -0.007015188, -0.0069764894, -0.0069558057, -0.006911851, -0.0068645733, -0.0068145734, -0.0067886664, -0.006735453, -0.0066805, -0.006652339, -0.006594905, -0.006535796, -0.0064745857, -0.0064430805, -0.006377914, -0.0063095903, -0.0062742126, -0.006200879, -0.006124359, -0.0060849385, -0.0060038446, -0.005919655, -0.0058325077, -0.0057878373, -0.0056960713, -0.0056011155, -0.0055523235, -0.005452061, -0.0053480696, -0.0052403687, -0.0051851054, -0.005071856, -0.0049547115, -0.0048946347, -0.004771317, -0.0046435874, -0.0045779473, -0.0044425917, -0.0043013236, -0.004153357, -0.004076668, -0.003917497, -0.0037502737, -0.0036634933, -0.0034828067, -0.003291307, -0.0030869308, -0.0029790676, -0.0027509555, -0.0025106152, -0.0023928657, -0.0022045935, -0.0021861887
0, 0, 0, 0, 0, 0, 0, 0, 0, 0, 0, 0, -0.0040938677, -0.0031313454, -0.0028968307, -0.0028441634, -0.0030668895, -0.0033690047, -0.0035235258, -0.0038215027, -0.0040973607, -0.004226086, -0.00446506, -0.004679026, -0.0047769314, -0.0049556424, -0.0051152194, -0.005261589, -0.0053317924, -0.005469244, -0.0056054853, -0.005673322, -0.005807605, -0.0059370976, -0.006057758, -0.006113655, -0.0062156385, -0.006304587, -0.0063448963, -0.0064196344, -0.006490431, -0.006525535, -0.006596781, -0.0066704117, -0.006745225, -0.006782389, -0.0068543307, -0.0069204187, -0.0069506965, -0.007004627, -0.0070507913, -0.007091511, -0.0071106427, -0.007148484, -0.007186763, -0.007206262, -0.0072455243, -0.0072841356, -0.00730268, -0.0073368535, -0.0073659467, -0.0073892702, -0.0073989984, -0.0074151913, -0.007428614, -0.0074346317, -0.0074461647, -0.007457439, -0.0074682683, -0.0074733333, -0.0074824104, -0.00748922, -0.0074915, -0.0074935965, -0.007492547, -0.007488964, -0.007486475, -0.007480492, -0.0074736373, -0.0074699637, -0.0074619125, -0.007452534, -0.0074470947, -0.0074341604, -0.007417941, -0.0073980647, -0.007386668, -0.007360986, -0.0073320908, -0.0073166206, -0.007284398, -0.0072510424, -0.0072169565, -0.007199721, -0.0071646534, -0.0071283784, -0.007109547, -0.0070702117, -0.0070278933, -0.0070054918, -0.0069578444, -0.006906543, -0.0068519856, -0.0068237167, -0.006765587, -0.0067058564, -0.0066754613, -0.00661382, -0.0065509537, -0.0064864787, -0.006453432, -0.006385671, -0.006314994, -0.0062786043, -0.006203761, -0.0061262576, -0.006086613, -0.006005666, -0.005922148, -0.0058359783, -0.0057917302, -0.005700728, -0.0056056757, -0.0055565718, -0.005454995, -0.005349189, -0.0052395933, -0.005183526, -0.005069016, -0.0049513853, -0.0048913653, -0.004768556, -0.0046416367, -0.0045763743, -0.0044416646, -0.004300937, -0.0041533336, -0.004076806, -0.003918202, -0.003751856, -0.0036655609, -0.0034859437, -0.0032956363, -0.0030922054, -0.002984675, -0.0027568075, -0.0025160643, -0.0023979223, -0.0022087675, -0.0021900646
0, 0, 0, 0, 0, 0, 0, 0, 0, 0, 0, 0, 0, -0.0030393626, -0.0027931945, -0.0027749303, -0.0030538638, -0.0033979868, -0.0035657946, -0.003876088, -0.004150592, -0.0042756377, -0.0045042043, -0.0047075967, -0.004801239, -0.0049755108, -0.005136349, -0.0052898657, -0.005365218, -0.0055148276, -0.0056631705, -0.005736346, -0.0058789346, -0.0060134493, -0.006137258, -0.0061945557, -0.0062997984, -0.006394158, -0.006438182, -0.0065219495, -0.006602961, -0.006643003, -0.006722966, -0.0068023005, -0.0068792733, -0.0069162757, -0.0069857626, -0.0070482674, -0.0070767202, -0.0071285344, -0.0071753287, -0.007219582, -0.0072412835, -0.0072849374, -0.007328836, -0.0073506865, -0.0073931245, -0.007432727, -0.0074508586, -0.0074834423, -0.0075104344, -0.007532078, -0.0075411927, -0.007556927, -0.0075702034, -0.007576264, -0.0075873774, -0.0075972243, -0.007605698, -0.007609339, -0.007615061, -0.007618431, -0.007619085, -0.007618819, -0.0076163127, -0.007612072, -0.007609439, -0.0076028667, -0.0075944, -0.0075893113, -0.00757736, -0.007562556, -0.007554021, -0.0075347177, -0.007512238, -0.007486766, -0.0074730227, -0.0074437177, -0.00741206, -0.007395399, -0.0073609194, -0.007324886, -0.0072875703, -0.0072683846, -0.0072288834, -0.0071877255, -0.007166522, -0.007122541, -0.007076, -0.0070516933, -0.0070006195, -0.0069464245, -0.0068891896, -0.0068596774, -0.0067991675, -0.006736935, -0.006705222, -0.0066406275, -0.006574442, -0.00650615, -0.006471221, -0.0063993228, -0.0063247713, -0.0062865424, -0.006208464, -0.0061284727, -0.0060878955, -0.0060055926, -0.0059214924, -0.0058349804, -0.005790627, -0.005699225, -0.0056034396, -0.0055538327, -0.0054509635, -0.005343815, -0.0052331095, -0.005176631, -0.005061596, -0.0049439226, -0.0048839357, -0.004761295, -0.0046345093, -0.004569223, -0.004434176, -0.004292962, -0.004145062, -0.0040686, -0.0039105937, -0.0037454856, -0.003660045, -0.0034823953, -0.0032940528, -0.0030920792, -0.0029850197, -0.002757492, -0.0025164855, -0.002398055, -0.002208393, -0.0021896511
0, 0, 0, 0, 0, 0, 0, 0, 0, 0, 0, 0, 0, -0.0028302136, -0.002784507, -0.002874585, -0.0031596692, -0.0034910112, -0.0036493556, -0.0039376523, -0.0041896426, -0.00430438, -0.004515976, -0.0047095055, -0.004801076, -0.004977249, -0.0051468047, -0.005312448, -0.0053939675, -0.0055539496, -0.005708424, -0.0057827877, -0.005924912, -0.006056923, -0.0061793183, -0.0062371665, -0.0063474565, -0.0064521716, -0.006502938, -0.006602032, -0.006698129, -0.00674492, -0.0068350937, -0.006919387, -0.0069970065, -0.0070330277, -0.0070997155, -0.0071600173, -0.0071882093, -0.0072420673, -0.007293833, -0.007344844, -0.007369971, -0.0074194814, -0.00746663, -0.007488858, -0.0075302576, -0.0075669084, -0.007583182, -0.0076122168, -0.007636851, -0.007658164, -0.0076679615, -0.0076859454, -0.0077020405, -0.0077093802, -0.007722223, -0.007732209, -0.0077392575, -0.0077416063, -0.0077442937, -0.007744257, -0.007743433, -0.007740296, -0.0077358657, -0.007729991, -0.007726382, -0.0077174935, -0.0077055283, -0.0076982817, -0.0076811174, -0.0076604444, -0.007648978, -0.0076241596, -0.00759736, -0.0075690355, -0.0075544775, -0.007524497, -0.007493174, -0.0074767745, -0.0074421796, -0.007405196, -0.0073656854, -0.007344994, -0.007301807, -0.007256441, -0.0072330716, -0.0071848137, -0.0071345246, -0.0071085696, -0.007054857, -0.0069988635, -0.00694063, -0.006910769, -0.00684979, -0.0067872186, -0.00675519, -0.006689721, -0.0066218977, -0.0065512084, -0.0065147583, -0.006439407, -0.006361012, -0.0063207475, -0.0062386515, -0.0061549284, -0.0061126053, -0.0060272384, -0.0059405626, -0.0058518024, -0.005806403, -0.005712913, -0.005615246, -0.005564704, -0.005460266, -0.0053519225, -0.0052404674, -0.0051837624, -0.0050686314, -0.0049509765, -0.004890994, -0.0047680754, -0.0046404907, -0.0045745852, -0.0044380464, -0.0042949636, -0.0041454597, -0.0040684184, -0.0039099143, -0.0037451857, -0.003660261, -0.0034839709, -0.0032970393, -0.0030960161, -0.0029891604, -0.0027614126, -0.0025195794, -0.0024006923, -0.0022102217, -0.0021913454
0, 0, 0, 0, 0, 0, 0, 0, 0, 0, 0, 0, 0, -0.0037571054, -0.0035381345, -0.0032836595, -0.0033609737, -0.0035830215, -0.003707791, -0.0039524697, -0.004180126, -0.0042875167, -0.004493142, -0.0046904823, -0.0047870344, -0.0049773357, -0.0051638405, -0.0053448007, -0.005432352, -0.0055997516, -0.0057550333, -0.0058279675, -0.005964826, -0.006091937, -0.006212785, -0.0062719136, -0.0063888445, -0.006504994, -0.0065626167, -0.006675796, -0.006784369, -0.0068360595, -0.006932677, -0.0070197564, -0.0070973723, -0.0071332776, -0.0072004, -0.0072635245, -0.0072942823, -0.0073551307, -0.0074150804, -0.007473251, -0.0075011356, -0.0075533716, -0.007599567, -0.0076201796, -0.0076567302, -0.0076878923, -0.007701805, -0.0077273184, -0.0077509526, -0.007773537, -0.0077847806, -0.007806494, -0.007826401, -0.007835218, -0.00785001, -0.007860276, -0.007866104, -0.007867477, -0.007867649, -0.007865116, -0.007863023, -0.007857868, -0.007851375, -0.007843195, -0.00783822, -0.007825803, -0.0078094704, -0.007799838, -0.0077778483, -0.0077528977, -0.0077397013, -0.0077123577, -0.007684453, -0.0076563703, -0.007642234, -0.007613458, -0.007583296, -0.007567227, -0.0075325733, -0.0074945088, -0.007453082, -0.00743118, -0.007385488, -0.0073375567, -0.0073130014, -0.0072623063, -0.0072097383, -0.0071828025, -0.0071274303, -0.007069965, -0.0070106965, -0.0069804825, -0.00691911, -0.006856497, -0.0068246173, -0.006759444, -0.006691838, -0.0066210455, -0.0065842783, -0.006507767, -0.006427413, -0.0063859336, -0.006300957, -0.006214007, -0.0061701005, -0.006081602, -0.005991801, -0.005900237, -0.0058534667, -0.00575732, -0.0056572533, -0.005605624, -0.0054993485, -0.0053895963, -0.0052771913, -0.0052201855, -0.005104584, -0.0049865353, -0.0049262415, -0.0048025274, -0.004673456, -0.004606573, -0.004467758, -0.004321956, -0.004169784, -0.0040915255, -0.0039309924, -0.0037650545, -0.0036797242, -0.0035029822, -0.003315635, -0.0031140265, -0.0030066464, -0.0027774167, -0.0025336763, -0.0024137304, -0.002221363, -0.0022016992
0, 0, 0, 0, 0, 0, 0, 0, 0, 0, 0, 0, 0, -0.0052581397, -0.004597083, -0.0036833766, -0.0034485802, -0.0035467625, -0.0036444932, -0.0038689151, -0.004098667, -0.00421175, -0.004434248, -0.004653258, -0.0047618514, -0.0049758167, -0.0051830257, -0.005379189, -0.0054717623, -0.005644547, -0.0058001345, -0.005872221, -0.006007451, -0.0061349976, -0.006259773, -0.006322273, -0.006447698, -0.0065734684, -0.006635525, -0.0067562945, -0.0068693687, -0.006922009, -0.0070190965, -0.0071057538, -0.007184128, -0.007221248, -0.0072931787, -0.007363927, -0.0073991786, -0.0074690967, -0.0075367517, -0.007599489, -0.007628371, -0.00767971, -0.0077223047, -0.0077405525, -0.0077722073, -0.0077995197, -0.007812268, -0.007836991, -0.007861884, -0.007887211, -0.007899883, -0.007924015, -0.007945525, -0.007954634, -0.007968818, -0.007977705, -0.007981804, -0.007982435, -0.007981261, -0.007978018, -0.007975828, -0.007970438, -0.007963424, -0.007953902, -0.007947814, -0.007932465, -0.007912872, -0.007901653, -0.007877068, -0.007850721, -0.007837307, -0.007810385, -0.0077838046, -0.0077571743, -0.007743672, -0.007715462, -0.0076845633, -0.0076677627, -0.0076309033, -0.0075901514, -0.0075462023, -0.0075233225, -0.007476404, -0.007428048, -0.0074033737, -0.0073528267, -0.007300188, -0.007273027, -0.0072166706, -0.007157463, -0.0070960117, -0.0070647034, -0.007001133, -0.0069369874, -0.006904714, -0.0068393988, -0.006772507, -0.0067028487, -0.0066667106, -0.00659105, -0.006510908, -0.0064693694, -0.0063834353, -0.00629511, -0.0062503396, -0.0061600204, -0.006068478, -0.005975153, -0.005927482, -0.0058296705, -0.005727817, -0.005675285, -0.005567158, -0.0054555913, -0.0053414106, -0.005283564, -0.005166438, -0.005046957, -0.0049859877, -0.0048608794, -0.0047302004, -0.0046623596, -0.004521397, -0.004373093, -0.00421815, -0.0041384716, -0.0039750435, -0.0038063508, -0.0037196283, -0.0035404388, -0.0033508257, -0.0031468968, -0.0030382462, -0.0028063606, -0.0025596041, -0.0024380854, -0.002242857, -0.0022217282
0, 0, 0, 0, 0, 0, 0, 0, 0, 0, 0, 0, 0, 0, -0.0047243093, -0.0036434673, -0.0032609499, -0.0033312805, -0.003437173, -0.0036931105, -0.0039604483, -0.0040922198, -0.0043503665, -0.0046012737, -0.0047238837, -0.0049613426, -0.0051855594, -0.0053925086, -0.0054886336, -0.0056662178, -0.0058263787, -0.0059011583, -0.00604399, -0.0061819344, -0.006318608, -0.0063868905, -0.006522622, -0.0066551873, -0.006719228, -0.0068404214, -0.0069508124, -0.007001741, -0.0070956023, -0.007181511, -0.00726274, -0.007302639, -0.007382198, -0.0074618487, -0.007501308, -0.007578082, -0.0076493174, -0.007712375, -0.0077403435, -0.007788906, -0.007828553, -0.007845694, -0.007876781, -0.007905364, -0.007919501, -0.007948029, -0.007976766, -0.0080048265, -0.008018145, -0.008042081, -0.008061135, -0.008068512, -0.008078977, -0.00808453, -0.0080864, -0.008086489, -0.008085647, -0.0080839675, -0.008082859, -0.008079508, -0.0080738915, -0.008064693, -0.00805846, -0.008042272, -0.008021828, -0.008010359, -0.007985973, -0.007960755, -0.007948253, -0.007923415, -0.007898686, -0.007872972, -0.007859365, -0.007829562, -0.0077954778, -0.0077765943, -0.007735468, -0.0076908018, -0.0076441565, -0.00762058, -0.0075733033, -0.007526226, -0.007502517, -0.0074540027, -0.007403059, -0.007376259, -0.0073195286, -0.0072585014, -0.007193924, -0.007160723, -0.007093412, -0.0070259543, -0.006992422, -0.0069255875, -0.0068582767, -0.0067890906, -0.006753335, -0.0066786064, -0.006599085, -0.0065576485, -0.0064717447, -0.0063830763, -0.0063380618, -0.006247179, -0.0061551738, -0.0060615167, -0.0060137114, -0.005915413, -0.005812695, -0.0057595237, -0.005649618, -0.0055356333, -0.0054185544, -0.005359197, -0.005239066, -0.0051168706, -0.0050547323, -0.004927647, -0.0047953506, -0.004726824, -0.004584325, -0.0044344408, -0.0042774985, -0.0041965945, -0.004030293, -0.0038581174, -0.003769631, -0.003586701, -0.0033935057, -0.003186184, -0.0030759894, -0.0028409185, -0.002590886, -0.002467693, -0.0022693595, -0.0022467293
0, 0, 0, 0, 0, 0, 0, 0, 0, 0, 0, 0, 0, 0, 0, -0.0033235638, -0.002942901, -0.003056146, -0.0031890215, -0.0035007405, -0.0038189564, -0.003973088, -0.0042687487, -0.0045471652, -0.004679828, -0.0049315128, -0.005163462, -0.0053747557, -0.0054728906, -0.005655946, -0.005825616, -0.005906982, -0.0060656094, -0.0062210285, -0.006374161, -0.0064492803, -0.00659502, -0.0067318287, -0.0067960513, -0.0069149714, -0.0070217024, -0.0070711714, -0.0071643135, -0.0072530513, -0.0073405583, -0.007384352, -0.0074719074, -0.0075579514, -0.007599489, -0.007677801, -0.0077473517, -0.0078070285, -0.007833301, -0.007879505, -0.007919527, -0.007938033, -0.007973838, -0.008009108, -0.008026727, -0.008061874, -0.008095367, -0.008125261, -0.008138224, -0.008159303, -0.00817387, -0.008178667, -0.008184612, -0.008187097, -0.008187976, -0.0081883455, -0.00818924, -0.0081903115, -0.008190674, -0.008190076, -0.008186398, -0.008178296, -0.008172481, -0.008157158, -0.008137956, -0.008127241, -0.008104879, -0.00808201, -0.008070636, -0.0080479365, -0.008024483, -0.007998725, -0.007984422, -0.007952276, -0.007914622, -0.00789382, -0.007848957, -0.0078013414, -0.0077530025, -0.007729119, -0.0076824515, -0.0076369727, -0.0076143583, -0.0075682392, -0.0075191045, -0.0074928273, -0.007436149, -0.007373715, -0.0073065963, -0.0072718007, -0.0072011976, -0.0071305176, -0.007095598, -0.0070263795, -0.006957266, -0.006886686, -0.006850286, -0.0067744125, -0.006693853, -0.0066518164, -0.0065648765, -0.006475078, -0.006429582, -0.006337787, -0.00624526, -0.0061513027, -0.006103367, -0.0060047875, -0.005901356, -0.0058475723, -0.005735768, -0.005618951, -0.0054983124, -0.005436918, -0.0053127515, -0.005186785, -0.005123027, -0.004993191, -0.0048589157, -0.004789603, -0.004645907, -0.0044948747, -0.0043365643, -0.0042547532, -0.0040859836, -0.003910486, -0.0038200757, -0.003633128, -0.00343588, -0.003224939, -0.0031130412, -0.0028746894, -0.0026215676, -0.002496826, -0.0022957, -0.0022720697
0, 0, 0, 0, 0, 0, 0, 0, 0, 0, 0, 0, 0, 0, 0, -0.002963883, -0.0027834105, -0.0028960968, -0.0030361041, -0.003378798, -0.0037329192, -0.003902838, -0.0042221486, -0.004513974, -0.0046501565, -0.0049038334, -0.0051346687, -0.005345339, -0.0054447586, -0.0056342576, -0.0058158115, -0.005904839, -0.006080508, -0.006252882, -0.0064197998, -0.006500122, -0.006652479, -0.0067917057, -0.006856093, -0.006974846, -0.0070826844, -0.007133747, -0.0072324416, -0.007329421, -0.0074258437, -0.007473532, -0.0075669787, -0.0076552196, -0.0076962933, -0.0077715167, -0.007836397, -0.007892238, -0.007917297, -0.00796384, -0.00800768, -0.008029329, -0.0080724545, -0.008115508, -0.008136567, -0.008176822, -0.008212764, -0.008242244, -0.0082541425, -0.008272395, -0.008283743, -0.008287499, -0.008292338, -0.008295333, -0.008298044, -0.008299628, -0.0083030565, -0.008306232, -0.008307504, -0.008308162, -0.008305122, -0.008297546, -0.008292014, -0.008277843, -0.008260235, -0.008250569, -0.008230212, -0.008209243, -0.00819858, -0.008176985, -0.008153893, -0.008128089, -0.008113464, -0.008080394, -0.008041915, -0.008020774, -0.007975776, -0.007928389, -0.007880753, -0.007857245, -0.0078114173, -0.00776679, -0.007744527, -0.0076990295, -0.007650245, -0.007623996, -0.007567125, -0.0075043486, -0.007436731, -0.0074016135, -0.0073301606, -0.007258331, -0.007222681, -0.007151643, -0.007080244, -0.007006911, -0.006969014, -0.0068899808, -0.006806286, -0.006762712, -0.0066727223, -0.0065801432, -0.006533378, -0.006439241, -0.006344633, -0.006248953, -0.0062001944, -0.0061000283, -0.0059949444, -0.005940248, -0.005826323, -0.0057068057, -0.005582803, -0.0055196, -0.005391536, -0.005261497, -0.0051957644, -0.0050623906, -0.004925106, -0.004854539, -0.0047088023, -0.004556134, -0.004396141, -0.004313329, -0.004142194, -0.0039636963, -0.0038715191, -0.0036806962, -0.003479412, -0.0032644854, -0.003150667, -0.0029086855, -0.0026521534, -0.00252574, -0.0023218445, -0.0022973926
0, 0, 0, 0, 0, 0, 0, 0, 0, 0, 0, 0, 0, 0, 0, -0.003688667, -0.002967026, -0.0029118513, -0.0030269779, -0.0033636587, -0.0037292538, -0.0039044581, -0.00422883, -0.0045194095, -0.0046534133, -0.0049017966, -0.005128687, -0.005339727, -0.005440761, -0.005637714, -0.005830028, -0.0059250947, -0.0061121015, -0.006293746, -0.0064666425, -0.0065488215, -0.006703201, -0.0068441355, -0.006909724, -0.0070327558, -0.007148195, -0.007203961, -0.007313352, -0.007420631, -0.0075247833, -0.0075749555, -0.007670045, -0.0077561047, -0.0077954186, -0.007866363, -0.007928154, -0.007983477, -0.008009474, -0.008059893, -0.008109511, -0.008134242, -0.008183013, -0.008229567, -0.008251553, -0.008291704, -0.008325723, -0.008352841, -0.008363821, -0.008381299, -0.008394108, -0.008399304, -0.0084082475, -0.008415953, -0.008422732, -0.008425876, -0.008431239, -0.008434991, -0.008436032, -0.008435802, -0.008431945, -0.008424045, -0.008418603, -0.00840522, -0.008388872, -0.008379818, -0.008360395, -0.008339855, -0.008329288, -0.008307474, -0.008284253, -0.008258759, -0.008244691, -0.008213359, -0.008177509, -0.008158164, -0.008116612, -0.008072766, -0.008027697, -0.00800498, -0.007959554, -0.007914001, -0.007890875, -0.007843426, -0.0077927327, -0.007765719, -0.0077080755, -0.0076457197, -0.0075794244, -0.007545206, -0.0074754395, -0.007404768, -0.007369196, -0.007297496, -0.0072242226, -0.007148068, -0.0071085244, -0.007025904, -0.006938473, -0.0068931133, -0.0067996853, -0.006703747, -0.0066552204, -0.0065576523, -0.0064595593, -0.006360274, -0.0063098795, -0.0062063453, -0.006098407, -0.0060424213, -0.005926246, -0.005804738, -0.005678654, -0.005614276, -0.00548336, -0.0053499183, -0.005282239, -0.005144814, -0.005003676, -0.004931261, -0.0047820034, -0.0046263165, -0.0044635637, -0.0043794424, -0.0042056837, -0.004024181, -0.00393029, -0.0037356978, -0.0035301384, -0.0033106967, -0.0031945652, -0.0029480415, -0.0026870004, -0.0025584702, -0.0023509215, -0.0023250608
0, 0, 0, 0, 0, 0, 0, 0, 0, 0, 0, 0, 0, 0, 0, 0, -0.0031128344, -0.0030405184, -0.003130619, -0.0034396343, -0.0037922591, -0.0039617056, -0.0042749937, -0.004555627, -0.0046857186, -0.0049303556, -0.0051585576, -0.005375436, -0.005480802, -0.0056870976, -0.0058879764, -0.0059864176, -0.006177628, -0.006360084, -0.0065317615, -0.0066133295, -0.006767323, -0.006910907, -0.006979246, -0.0071106437, -0.0072365804, -0.007298035, -0.007417566, -0.0075315177, -0.0076379883, -0.007687698, -0.0077795573, -0.007861256, -0.007898764, -0.007967927, -0.008031494, -0.008091451, -0.008120559, -0.008177663, -0.008232526, -0.008258908, -0.008308411, -0.008352519, -0.008372235, -0.008407167, -0.008436534, -0.008461276, -0.008472493, -0.008492936, -0.008511468, -0.008520057, -0.0085357865, -0.008549228, -0.008559527, -0.008563529, -0.0085689435, -0.008571298, -0.008571446, -0.008569626, -0.008564845, -0.008557162, -0.00855226, -0.008540051, -0.00852505, -0.008516447, -0.0084972195, -0.008476191, -0.008465152, -0.008442392, -0.008418598, -0.008393494, -0.008380206, -0.0083516, -0.008319863, -0.008302712, -0.008265924, -0.008225897, -0.008183122, -0.008160828, -0.008114639, -0.008066574, -0.008041777, -0.007990468, -0.007936334, -0.007908016, -0.0078489045, -0.0077867685, -0.0077220225, -0.0076887924, -0.007621052, -0.007551641, -0.007516322, -0.0074441447, -0.007369323, -0.0072909854, -0.007250289, -0.007165297, -0.0070757135, -0.0070293876, -0.006934127, -0.0068361335, -0.006786441, -0.006685922, -0.006584152, -0.0064806966, -0.006428049, -0.006320428, -0.0062088906, -0.006151454, -0.0060332417, -0.0059105237, -0.0057837567, -0.005718945, -0.005586582, -0.005450808, -0.0053816116, -0.005240404, -0.005095029, -0.005020432, -0.004866951, -0.0047072885, -0.004541007, -0.004455252, -0.004278438, -0.00409377, -0.003998214, -0.003799696, -0.0035895929, -0.00336501, -0.0032462152, -0.0029941814, -0.0027275453, -0.0025963075, -0.0023841625, -0.002356222
0, 0, 0, 0, 0, 0, 0, 0, 0, 0, 0, 0, 0, 0, 0, 0, -0.0037420623, -0.0033242358, -0.003337889, -0.0035619212, -0.0038681803, -0.004021498, -0.004313305, -0.0045847823, -0.004714495, -0.0049648685, -0.0052054217, -0.005437293, -0.00555025, -0.0057694614, -0.0059792204, -0.006079904, -0.0062722135, -0.0064526433, -0.006621974, -0.00670287, -0.006858442, -0.0070072636, -0.00707952, -0.0072201155, -0.0073551387, -0.0074202586, -0.007543944, -0.0076572974, -0.0077591143, -0.007805794, -0.007891611, -0.007969536, -0.0080066705, -0.008078454, -0.008148279, -0.008216565, -0.008249786, -0.00831314, -0.008370554, -0.008396491, -0.008442192, -0.008479942, -0.00849631, -0.00852518, -0.008551638, -0.008577254, -0.008590277, -0.008616425, -0.008641825, -0.008653746, -0.008674696, -0.008690856, -0.008701454, -0.008704813, -0.0087082125, -0.0087084845, -0.008707801, -0.008705508, -0.008701591, -0.008695929, -0.008692084, -0.008682259, -0.008668871, -0.008660793, -0.0086419135, -0.0086202575, -0.0086087035, -0.008584841, -0.008560186, -0.00853481, -0.008521785, -0.008494318, -0.00846443, -0.00844827, -0.00841332, -0.0083744, -0.008331569, -0.00830877, -0.008260614, -0.00820967, -0.008183176, -0.00812831, -0.008070928, -0.008041337, -0.007980453, -0.007917477, -0.007852486, -0.007819257, -0.007751232, -0.0076808846, -0.007644801, -0.0075707748, -0.0074938973, -0.0074136155, -0.007372228, -0.007286315, -0.007196649, -0.0071504987, -0.0070557236, -0.006957922, -0.0069080526, -0.006806226, -0.0067019365, -0.006594913, -0.0065404098, -0.0064290357, -0.0063142185, -0.0062556225, -0.0061357166, -0.0060123974, -0.0058854646, -0.005820504, -0.0056875143, -0.0055501955, -0.005479831, -0.0053356425, -0.005186564, -0.005110055, -0.0049528084, -0.0047896714, -0.004620225, -0.004533034, -0.004353227, -0.00416533, -0.0040679434, -0.0038654385, -0.003650707, -0.0034208787, -0.0032993935, -0.0030417657, -0.0027694097, -0.0026354368, -0.0024184554, -0.0023882934
0, 0, 0, 0, 0, 0, 0, 0, 0, 0, 0, 0, 0, 0, 0, 0, -0.0039747255, -0.0036452173, -0.003574876, -0.0036518115, -0.0038782554, -0.004011643, -0.004288285, -0.0045657326, -0.004703111, -0.0049743853, -0.005239113, -0.005494836, -0.005618323, -0.005855016, -0.0060758614, -0.006180119, -0.006376433, -0.00655873, -0.006730159, -0.006812806, -0.0069737257, -0.007130153, -0.0072064553, -0.007354434, -0.0074936654, -0.0075591044, -0.0076799938, -0.0077867266, -0.007880554, -0.007923592, -0.0080045415, -0.008082054, -0.00812077, -0.008198503, -0.008276681, -0.008352651, -0.008388892, -0.008455151, -0.008511239, -0.008535211, -0.008575482, -0.008607803, -0.00862211, -0.008649622, -0.008677963, -0.008708644, -0.008724774, -0.008756973, -0.008786751, -0.008799934, -0.008821241, -0.008835277, -0.008842654, -0.008844396, -0.008845354, -0.008844754, -0.008844313, -0.008843721, -0.008842715, -0.008840104, -0.008837756, -0.008829995, -0.0088176895, -0.0088098105, -0.008790961, -0.008768964, -0.0087570725, -0.008732414, -0.008706825, -0.00868025, -0.008666385, -0.008637162, -0.008605012, -0.008587642, -0.0085498905, -0.008508161, -0.008462597, -0.0084385965, -0.008388403, -0.008335634, -0.008308405, -0.008251984, -0.008193172, -0.008162829, -0.008100341, -0.0080353655, -0.007967974, -0.007933333, -0.007861984, -0.0077880435, -0.0077501265, -0.007672375, -0.0075923526, -0.0075096353, -0.007467374, -0.007380915, -0.0072916467, -0.0072460095, -0.0071524605, -0.0070558144, -0.007006187, -0.006904152, -0.0067984774, -0.0066893077, -0.0066335388, -0.006519617, -0.006402711, -0.0063432204, -0.0062220823, -0.0060980204, -0.0059705237, -0.005905189, -0.0057711746, -0.0056322687, -0.005560907, -0.0054143104, -0.005262631, -0.005184864, -0.0050253617, -0.0048601404, -0.0046888655, -0.004600699, -0.0044185827, -0.004227759, -0.004128653, -0.0039221863, -0.0037030266, -0.003468618, -0.003344786, -0.0030825909, -0.0028057748, -0.002669616, -0.0024488454, -0.0024171486
0, 0, 0, 0, 0, 0, 0, 0, 0, 0, 0, 0, 0, 0, 0, 0, -0.005325012, -0.004142156, -0.003809482, -0.0036137959, -0.003759154, -0.00388689, -0.004182768, -0.004494842, -0.004650783, -0.004957925, -0.0052549746, -0.005538276, -0.0056733442, -0.005929188, -0.006163807, -0.0062733074, -0.0064782705, -0.0066678054, -0.0068465946, -0.006933133, -0.007102187, -0.0072659645, -0.00734507, -0.007496296, -0.007634914, -0.0076983306, -0.0078130085, -0.007912456, -0.008000567, -0.008041973, -0.00812274, -0.0082041, -0.008245723, -0.008330395, -0.008414714, -0.008494435, -0.0085310675, -0.008595565, -0.008647771, -0.00866959, -0.008706474, -0.008738225, -0.008753653, -0.008785902, -0.008821115, -0.008858985, -0.0088779405, -0.008913434, -0.008942915, -0.00895452, -0.008971226, -0.008979812, -0.008982863, -0.008983265, -0.008983482, -0.008984596, -0.0089857085, -0.0089885425, -0.008990891, -0.008990216, -0.008988278, -0.008980218, -0.008966565, -0.008957928, -0.008937568, -0.0089146895, -0.008902538, -0.008877612, -0.008851406, -0.0088231275, -0.008807867, -0.008774588, -0.0087370975, -0.008716697, -0.008672967, -0.008625958, -0.008576608, -0.008551285, -0.0084999, -0.008447139, -0.008420131, -0.008364451, -0.008305853, -0.008275338, -0.008211542, -0.008144065, -0.008073094, -0.00803633, -0.00796045, -0.0078819925, -0.007841892, -0.007760073, -0.0076764743, -0.00759102, -0.007547656, -0.007459503, -0.0073693185, -0.0073234495, -0.0072295456, -0.007132577, -0.0070826835, -0.006979868, -0.0068731327, -0.0067626596, -0.0067061903, -0.0065910514, -0.00647312, -0.0064131096, -0.00629095, -0.0061656036, -0.006036393, -0.0059700916, -0.00583395, -0.0056927954, -0.0056202863, -0.0054716044, -0.005318173, -0.005239766, -0.005079305, -0.0049134693, -0.0047414415, -0.0046527623, -0.0044689807, -0.004275555, -0.0041748695, -0.003964731, -0.003741712, -0.0035036108, -0.0033780925, -0.0031127923, -0.0028332598, -0.0026957882, -0.0024728973, -0.0024408142
0, 0, 0, 0, 0, 0, 0, 0, 0, 0, 0, 0, 0, 0, 0, 0, 0, -0.0041739647, -0.0037092562, -0.0033751412, -0.0035318492, -0.0036893599, -0.0040535936, -0.0044262093, -0.0046078386, -0.004956942, -0.005286012, -0.005593133, -0.005738118, -0.006009409, -0.0062560653, -0.006370815, -0.0065850304, -0.0067831255, -0.006969808, -0.0070600915, -0.0072351173, -0.007402498, -0.007482509, -0.0076331343, -0.007768402, -0.007829741, -0.007940157, -0.008037309, -0.008126019, -0.0081688715, -0.00825477, -0.008342689, -0.008387396, -0.008476806, -0.008562866, -0.008640875, -0.008675758, -0.008735999, -0.008784424, -0.008805267, -0.008843071, -0.008879597, -0.008898764, -0.008939431, -0.008982843, -0.009025939, -0.009045986, -0.009080613, -0.009105417, -0.009113859, -0.009123725, -0.009126882, -0.009127308, -0.009127634, -0.009129811, -0.009134588, -0.009137623, -0.0091436375, -0.009146886, -0.009144755, -0.009141171, -0.009128632, -0.009110116, -0.009099167, -0.009075557, -0.009050952, -0.0090385275, -0.00901348, -0.008986899, -0.008957072, -0.008940376, -0.008902842, -0.008859573, -0.008836043, -0.008786107, -0.008734061, -0.00868149, -0.008655354, -0.008603317, -0.008551118, -0.008524597, -0.008469774, -0.008411386, -0.008380502, -0.008315114, -0.008245025, -0.008170916, -0.008132444, -0.008053454, -0.007972193, -0.007930772, -0.007846653, -0.0077608624, -0.0076732845, -0.0076287696, -0.0075381487, -0.0074452558, -0.0073979245, -0.007301227, -0.0072013536, -0.007150264, -0.0070453133, -0.006937012, -0.00682558, -0.0067687635, -0.006653181, -0.006534836, -0.006474541, -0.006351371, -0.0062242374, -0.0060925423, -0.0060248887, -0.005885769, -0.005741693, -0.0056679486, -0.0055171777, -0.005362395, -0.0052835555, -0.0051226243, -0.004956515, -0.004783917, -0.0046946257, -0.004509127, -0.0043131886, -0.0042109783, -0.0039975173, -0.0037711812, -0.0035302867, -0.0034034671, -0.003136156, -0.0028550045, -0.0027168442, -0.0024928958, -0.0024611417
0, 0, 0, 0, 0, 0, 0, 0, 0, 0, 0, 0, 0, 0, 0, 0, 0, -0.003852886, -0.0034002045, -0.0031069987, -0.0033596097, -0.0035644702, -0.0040084906, -0.0044390634, -0.0046422114, -0.0050237193, -0.0053741513, -0.0056951777, -0.0058450922, -0.0061238273, -0.006375741, -0.0064927484, -0.0067111873, -0.00691311, -0.0071026455, -0.007193552, -0.007368975, -0.007534862, -0.007613794, -0.0077614305, -0.007894529, -0.00795545, -0.008067221, -0.008168715, -0.008264478, -0.008311314, -0.008405254, -0.00849944, -0.0085461065, -0.00863666, -0.008720467, -0.008794305, -0.0088268025, -0.008883291, -0.008930904, -0.00895264, -0.008995279, -0.009039475, -0.009062674, -0.009110709, -0.009158739, -0.00920254, -0.009221446, -0.009251526, -0.009270541, -0.009275984, -0.009281186, -0.009282243, -0.009283405, -0.009284991, -0.009290489, -0.00929827, -0.009302212, -0.009307904, -0.009307845, -0.009299768, -0.009292493, -0.009272163, -0.009246572, -0.009232624, -0.009204675, -0.009177688, -0.009164664, -0.009138746, -0.009111159, -0.0090797, -0.009061724, -0.009020768, -0.008973495, -0.008947844, -0.008894142, -0.008839129, -0.008784436, -0.008757521, -0.008704385, -0.008651023, -0.008623783, -0.008567143, -0.008506516, -0.008474407, -0.008406401, -0.0083338525, -0.008257742, -0.0082186675, -0.008138949, -0.008057718, -0.008016508, -0.007932647, -0.007846832, -0.0077585247, -0.007713354, -0.0076205693, -0.007524672, -0.0074755633, -0.0073749395, -0.007271327, -0.0072185635, -0.0071109766, -0.0070009334, -0.00688861, -0.0068315985, -0.0067158593, -0.0065973126, -0.0065368274, -0.0064128106, -0.0062840697, -0.006150105, -0.0060811914, -0.0059393384, -0.00579257, -0.005717604, -0.005564888, -0.0054087406, -0.0053294254, -0.0051675574, -0.0050005163, -0.004826479, -0.0047362717, -0.0045484398, -0.004349812, -0.004246161, -0.0040297764, -0.0038007356, -0.0035574173, -0.0034295674, -0.0031604646, -0.0028777204, -0.0027387831, -0.002513573, -0.0024817744
0, 0, 0, 0, 0, 0, 0, 0, 0, 0, 0, 0, 0, 0, 0, 0, 0, 0, -0.003160904, -0.0031526836, -0.0034449024, -0.0036577715, -0.004119002, -0.0045671887, -0.0047779055, -0.005169838, -0.005524969, -0.0058470033, -0.0059962347, -0.0062724804, -0.0065216143, -0.006636996, -0.006852482, -0.0070512258, -0.007237045, -0.007325945, -0.007496702, -0.007658225, -0.007735175, -0.007881241, -0.008015741, -0.008078693, -0.0081973225, -0.008308056, -0.008413851, -0.008465487, -0.008566786, -0.00866482, -0.008712148, -0.008801862, -0.008882852, -0.008953948, -0.008985791, -0.009043049, -0.009094341, -0.0091189165, -0.009168079, -0.009218502, -0.00924391, -0.009294095, -0.009340754, -0.009380351, -0.009396669, -0.009421571, -0.009436751, -0.009441343, -0.009446583, -0.009449984, -0.00945442, -0.009457552, -0.009465064, -0.009472091, -0.009474569, -0.009475022, -0.009467416, -0.009450829, -0.009439383, -0.009411595, -0.009379903, -0.009363692, -0.009331989, -0.009302031, -0.009287611, -0.00925862, -0.00922768, -0.009192624, -0.009173037, -0.009129107, -0.009079704, -0.009053252, -0.008998262, -0.008942178, -0.008886043, -0.008858067, -0.0088017825, -0.008744255, -0.008714545, -0.008652636, -0.0085868845, -0.008552432, -0.008480642, -0.0084056845, -0.008328573, -0.008289522, -0.0082106395, -0.008130684, -0.0080902325, -0.008007748, -0.00792279, -0.0078347055, -0.007789376, -0.007695821, -0.0075982893, -0.007548172, -0.0074453414, -0.007339497, -0.0072856736, -0.007176474, -0.0070653376, -0.0069524166, -0.0068952143, -0.0067790984, -0.006660291, -0.006599629, -0.006475074, -0.006345438, -0.0062103015, -0.006140694, -0.0059973025, -0.005849046, -0.005773343, -0.005619237, -0.005461722, -0.005381592, -0.0052181007, -0.005049078, -0.0048726276, -0.0047812015, -0.004590837, -0.004389694, -0.004284879, -0.004066413, -0.0038353521, -0.003590107, -0.0034612592, -0.0031899414, -0.0029047069, -0.0027644604, -0.002536886, -0.002504152
0, 0, 0, 0, 0, 0, 0, 0, 0, 0, 0, 0, 0, 0, 0, 0, 0, 0, -0.004253471, -0.0038212556, -0.003814645, -0.0039477893, -0.004332885, -0.004756371, -0.004961123, -0.005343862, -0.0056899386, -0.00600204, -0.0061462256, -0.0064136405, -0.00665494, -0.0067670513, -0.0069761975, -0.007169264, -0.00734985, -0.0074363593, -0.0076031378, -0.0077624656, -0.007839523, -0.007987988, -0.00812867, -0.008195973, -0.008324759, -0.008446188, -0.008561099, -0.0086163, -0.008722464, -0.008822471, -0.0088698985, -0.00895954, -0.009041312, -0.00911554, -0.009149912, -0.00921418, -0.009273597, -0.009302055, -0.009357286, -0.0094100665, -0.009435123, -0.009481694, -0.0095221335, -0.009555147, -0.009568698, -0.00959035, -0.0096056, -0.009611499, -0.009620923, -0.009628955, -0.00963642, -0.009639863, -0.0096450085, -0.009646182, -0.009644589, -0.009636121, -0.009619759, -0.009596108, -0.009582058, -0.009550738, -0.009517049, -0.009499963, -0.009466107, -0.00943242, -0.009415368, -0.009379911, -0.009341947, -0.009300309, -0.009278029, -0.009230226, -0.009178849, -0.009152064, -0.009096985, -0.009040159, -0.008982062, -0.008952338, -0.008891255, -0.00882732, -0.008794178, -0.008725517, -0.008653838, -0.008616948, -0.008541621, -0.008464766, -0.00838697, -0.008347865, -0.008269063, -0.008189145, -0.008148556, -0.008065643, -0.007980086, -0.007891609, -0.007846198, -0.007752875, -0.0076557957, -0.0076059257, -0.0075036474, -0.0073983385, -0.0073447055, -0.007235602, -0.0071242237, -0.007010716, -0.0069530876, -0.0068361782, -0.006716622, -0.0066555636, -0.0065304777, -0.0064005814, -0.006265479, -0.006195757, -0.006052366, -0.005904003, -0.005828133, -0.005673293, -0.0055144452, -0.0054334607, -0.005267849, -0.0050963173, -0.004917379, -0.0048247124, -0.004632279, -0.004429529, -0.004324093, -0.0041045095, -0.0038724195, -0.0036256416, -0.0034958029, -0.0032218462, -0.002933318, -0.002791246, -0.002560191, -0.0025258702
0, 0, 0, 0, 0, 0, 0, 0, 0, 0, 0, 0, 0, 0, 0, 0, 0, 0, -0.0059908084, -0.004626565, -0.0041660606, -0.0042011067, -0.004503584, -0.004899701, -0.005095804, -0.005462694, -0.005792905, -0.006091275, -0.006229758, -0.0064878697, -0.0067234975, -0.006833619, -0.0070406822, -0.007233325, -0.007414848, -0.007502371, -0.0076722326, -0.007836962, -0.007917516, -0.008074918, -0.008226382, -0.008299356, -0.008439415, -0.008570418, -0.008692391, -0.008750192, -0.008859551, -0.00896167, -0.009010276, -0.009103401, -0.00919148, -0.0092749, -0.009314718, -0.009390326, -0.009460187, -0.009492619, -0.009552246, -0.009604269, -0.009627266, -0.009667793, -0.009701273, -0.0097290175, -0.009741099, -0.009762496, -0.009780956, -0.009789248, -0.009803537, -0.009814472, -0.009820951, -0.009822217, -0.009820009, -0.009811101, -0.009804287, -0.00978621, -0.009763261, -0.009736999, -0.009722922, -0.009693231, -0.009661476, -0.0096448185, -0.009609586, -0.009570842, -0.009550002, -0.009505619, -0.0094576385, -0.009407246, -0.009381358, -0.00932858, -0.009274607, -0.009247131, -0.009190947, -0.009132667, -0.009071425, -0.009039483, -0.008972938, -0.008902869, -0.008866763, -0.008793002, -0.008717724, -0.008679744, -0.00860303, -0.008525663, -0.008447232, -0.008407561, -0.008326847, -0.008244031, -0.008201645, -0.008115207, -0.008026622, -0.007936173, -0.007890317, -0.007797159, -0.00770162, -0.007652817, -0.0075529744, -0.007449801, -0.0073969495, -0.0072887796, -0.007177174, -0.0070625953, -0.0070043583, -0.0068859407, -0.006764915, -0.0067032604, -0.0065772934, -0.006447137, -0.006312167, -0.006242749, -0.006099976, -0.0059521585, -0.0058763316, -0.0057211868, -0.0055611804, -0.005479346, -0.0053116824, -0.0051378272, -0.0049568675, -0.0048633255, -0.004669515, -0.0044660377, -0.0043603485, -0.0041403356, -0.0039075217, -0.0036593413, -0.003528451, -0.003251617, -0.0029592975, -0.00281525, -0.0025805992, -0.0025446517
0, 0, 0, 0, 0, 0, 0, 0, 0, 0, 0, 0, 0, 0, 0, 0, 0, 0, 0, -0.004774723, -0.0042556273, -0.004273176, -0.004551426, -0.004928099, -0.0051150382, -0.0054646237, -0.005780845, -0.0060695293, -0.0062051974, -0.0064617777, -0.0067000617, -0.006813243, -0.0070280074, -0.007230517, -0.007423269, -0.007516944, -0.0077000917, -0.007878962, -0.007966852, -0.00813908, -0.008304767, -0.008384423, -0.008536127, -0.008676482, -0.008805486, -0.008865994, -0.008980327, -0.009087571, -0.0091393795, -0.009240165, -0.009338239, -0.009433098, -0.009478937, -0.009565759, -0.009644102, -0.009679402, -0.00974148, -0.009792012, -0.009813412, -0.009849666, -0.009879801, -0.009906344, -0.009918874, -0.0099429, -0.009965247, -0.009975252, -0.009991386, -0.010000728, -0.0100015225, -0.009998448, -0.0099858325, -0.009966137, -0.00995453, -0.009929459, -0.009903828, -0.009878553, -0.00986604, -0.009839846, -0.009810558, -0.009794027, -0.009756184, -0.009711365, -0.009686374, -0.009632602, -0.009575304, -0.009516933, -0.009487912, -0.009430552, -0.009373934, -0.009345319, -0.009286996, -0.009225803, -0.009160374, -0.0091261715, -0.009054704, -0.00898056, -0.008942932, -0.008867394, -0.008792243, -0.008754841, -0.008679776, -0.0086034825, -0.008524817, -0.00848418, -0.008400149, -0.008312522, -0.008267464, -0.008175846, -0.008083106, -0.00799001, -0.00794352, -0.00785016, -0.0077558737, -0.007707971, -0.0076099797, -0.0075082495, -0.0074557345, -0.0073473523, -0.0072347475, -0.0071186647, -0.007059547, -0.0069394717, -0.006816891, -0.006754556, -0.006627347, -0.006496424, -0.006361068, -0.006291592, -0.0061488072, -0.006000791, -0.0059247976, -0.0057689096, -0.005607828, -0.0055253226, -0.0053559286, -0.005180276, -0.004997754, -0.0049035545, -0.0047085495, -0.004504052, -0.004397951, -0.0041769906, -0.0039427006, -0.0036924612, -0.003560199, -0.0032801519, -0.0029839254, -0.0028378682, -0.002599817, -0.002562601
0, 0, 0, 0, 0, 0, 0, 0, 0, 0, 0, 0, 0, 0, 0, 0, 0, 0, 0, -0.004736792, -0.004409587, -0.004365051, -0.0045222156, -0.004833193, -0.0050029233, -0.005335698, -0.0056484793, -0.00594085, -0.006080556, -0.0063480795, -0.006601362, -0.006722838, -0.0069563976, -0.0071788044, -0.0073922803, -0.007496216, -0.0077000293, -0.007898776, -0.007996041, -0.0081859175, -0.008367373, -0.008454069, -0.00861868, -0.008770411, -0.0089096865, -0.008975201, -0.009099066, -0.009216214, -0.009272973, -0.009384011, -0.009491706, -0.009595357, -0.009644958, -0.009737856, -0.009820029, -0.0098564, -0.009919262, -0.009969822, -0.009991077, -0.010027857, -0.010059601, -0.010088937, -0.010103151, -0.010130298, -0.010154318, -0.010164372, -0.010178409, -0.010182416, -0.010175383, -0.010167981, -0.010146661, -0.010119774, -0.010105517, -0.010077396, -0.010051378, -0.010027216, -0.010015247, -0.009989521, -0.009958738, -0.009940502, -0.00989758, -0.009846168, -0.009817763, -0.009757298, -0.009694738, -0.009632651, -0.009602263, -0.009542916, -0.009484572, -0.009455016, -0.009393896, -0.009328903, -0.009259164, -0.009222726, -0.009147647, -0.009071412, -0.00903345, -0.008958765, -0.008885868, -0.008849781, -0.008777361, -0.00870258, -0.008623596, -0.008582113, -0.008495073, -0.008403489, -0.008356457, -0.008261266, -0.008166017, -0.008071725, -0.008024928, -0.007931563, -0.007837364, -0.0077894423, -0.0076910113, -0.0075881192, -0.0075347964, -0.007424579, -0.0073101358, -0.0071925423, -0.007132748, -0.0070117367, -0.0068883966, -0.00682568, -0.0066977134, -0.006565723, -0.0064290483, -0.006358856, -0.0062144864, -0.006064794, -0.005988013, -0.0058305906, -0.0056682015, -0.0055849967, -0.005414261, -0.005237186, -0.0050528385, -0.004957711, -0.004760764, -0.0045540053, -0.004446612, -0.004222795, -0.003985433, -0.0037317213, -0.0035976546, -0.0033136483, -0.0030133263, -0.0028652346, -0.002623697, -0.0025852292
0, 0, 0, 0, 0, 0, 0, 0, 0, 0, 0, 0, 0, 0, 0, 0, 0, 0, 0, -0.0062641446, -0.0049265847, -0.004571267, -0.004404281, -0.0046099983, -0.004765191, -0.005100349, -0.005431137, -0.0057461704, -0.0058976575, -0.006189846, -0.006468772, -0.006603282, -0.006863167, -0.0071115443, -0.007350492, -0.007466906, -0.0076938635, -0.007913318, -0.0080200555, -0.008226982, -0.008423705, -0.008517666, -0.008696511, -0.008862632, -0.009016625, -0.009089399, -0.009227822, -0.009358241, -0.00942096, -0.009541629, -0.009655827, -0.009762661, -0.009812947, -0.009905758, -0.009987276, -0.010023547, -0.010087085, -0.0101399375, -0.010163043, -0.010204332, -0.010240874, -0.010274098, -0.010289476, -0.010317258, -0.010339328, -0.010347506, -0.010356501, -0.010354882, -0.0103425225, -0.010332918, -0.010308842, -0.010281023, -0.010266723, -0.010238827, -0.010212426, -0.010186053, -0.010172166, -0.010141209, -0.010103725, -0.010081939, -0.0100321965, -0.00997542, -0.009945105, -0.009882505, -0.00981985, -0.0097588375, -0.009729036, -0.009670511, -0.0096115805, -0.009581168, -0.009517315, -0.009448434, -0.009374786, -0.009336546, -0.009258957, -0.009181722, -0.009143873, -0.00906996, -0.008998369, -0.008962873, -0.008891061, -0.008816026, -0.008735876, -0.008693586, -0.008605017, -0.008512256, -0.008465013, -0.008370038, -0.008275783, -0.00818272, -0.00813637, -0.008043267, -0.007948071, -0.007899206, -0.0077980515, -0.007691706, -0.007636684, -0.0075234724, -0.0074070636, -0.0072887195, -0.0072290055, -0.007108248, -0.006985543, -0.00692303, -0.006794947, -0.0066619148, -0.006523365, -0.006451869, -0.006304522, -0.006151787, -0.0060735666, -0.0059137894, -0.005749508, -0.005665605, -0.0054935003, -0.005314853, -0.00512836, -0.0050318264, -0.0048315213, -0.004620702, -0.004511003, -0.0042824172, -0.004040183, -0.0037816812, -0.003645272, -0.0033566954, -0.0030519234, -0.002901656, -0.0026562517, -0.002616183
0, 0, 0, 0, 0, 0, 0, 0, 0, 0, 0, 0, 0, 0, 0, 0, 0, 0, 0, 0, -0.0047248565, -0.0041881, -0.0037767123, -0.003953592, -0.0041311826, -0.004536556, -0.0049457075, -0.005336021, -0.005523133, -0.005883254, -0.006226134, -0.0063916137, -0.0067111547, -0.007016456, -0.007308277, -0.007448908, -0.007719679, -0.007975965, -0.008098608, -0.008333575, -0.008556052, -0.008662942, -0.008868827, -0.009064193, -0.0092489775, -0.009336791, -0.009503482, -0.009656427, -0.009727499, -0.009858803, -0.0099755665, -0.0100797, -0.010127546, -0.010216485, -0.010297262, -0.010335067, -0.010405621, -0.010469314, -0.010498404, -0.010550211, -0.010593031, -0.010626098, -0.010639039, -0.010658054, -0.010669029, -0.010671785, -0.010672708, -0.010668482, -0.010660013, -0.01065434, -0.010640345, -0.010622375, -0.0106116915, -0.0105860615, -0.010554495, -0.010516549, -0.01049534, -0.010448811, -0.010397508, -0.0103704585, -0.010314457, -0.010257566, -0.010229186, -0.010173042, -0.010117501, -0.01006184, -0.0100334715, -0.009974908, -0.009912552, -0.009879583, -0.009810248, -0.00973651, -0.009659674, -0.009620587, -0.009542187, -0.009464346, -0.0094257, -0.0093487445, -0.009271243, -0.009231983, -0.009151717, -0.009068461, -0.008982157, -0.008938174, -0.008848935, -0.008759018, -0.008714109, -0.008624692, -0.008535465, -0.00844537, -0.008399383, -0.008304627, -0.008204887, -0.008152938, -0.0080448445, -0.0079320725, -0.007874367, -0.007757112, -0.007638962, -0.0075204177, -0.007461053, -0.0073411167, -0.0072185216, -0.007155719, -0.0070259837, -0.0068895435, -0.006745913, -0.00667139, -0.0065175327, -0.0063581755, -0.0062768175, -0.0061113145, -0.005942212, -0.005855964, -0.0056793652, -0.0054957876, -0.0053032744, -0.0052031414, -0.0049943086, -0.004773465, -0.004658399, -0.0044186795, -0.0041652853, -0.003896326, -0.0037550118, -0.0034569292, -0.0031426805, -0.0029876158, -0.0027334967, -0.002689275
0, 0, 0, 0, 0, 0, 0, 0, 0, 0, 0, 0, 0, 0, 0, 0, 0, 0, 0, 0, 0, -0.0039597284, -0.003700916, -0.0037770572, -0.003924767, -0.0043185777, -0.004750315, -0.005173208, -0.0053774635, -0.005770285, -0.0061439155, -0.006324241, -0.0066724797, -0.007005019, -0.007321606, -0.0074734604, -0.0077638184, -0.008035772, -0.008165042, -0.008411294, -0.008643332, -0.008754897, -0.008969757, -0.009173902, -0.009366856, -0.009458549, -0.009631377, -0.009788503, -0.009860838, -0.009993067, -0.01011026, -0.010214552, -0.010263064, -0.010354521, -0.010439562, -0.010479879, -0.010555893, -0.01062434, -0.010655093, -0.010708629, -0.010750312, -0.010780181, -0.010790994, -0.01080582, -0.010813932, -0.0108160935, -0.010818049, -0.0108174095, -0.010814329, -0.010811527, -0.0108024115, -0.010787492, -0.010777289, -0.010750898, -0.010716785, -0.010676047, -0.010653739, -0.01060653, -0.010556987, -0.010531722, -0.01048073, -0.010429341, -0.010403503, -0.010350925, -0.010296449, -0.010239126, -0.0102091385, -0.010146282, -0.010079857, -0.010045442, -0.009974652, -0.009901695, -0.009827237, -0.009789646, -0.009713864, -0.009636994, -0.0095980875, -0.009518921, -0.009437467, -0.009395818, -0.00931069, -0.009223304, -0.009134299, -0.009089435, -0.008999362, -0.008909154, -0.00886408, -0.00877338, -0.008681609, -0.008587876, -0.008539846, -0.008440822, -0.0083374055, -0.008283963, -0.008173794, -0.0080598425, -0.00800177, -0.00788396, -0.0077647683, -0.0076441905, -0.0075834026, -0.0074600196, -0.0073334724, -0.007268567, -0.0071346876, -0.0069945226, -0.006847612, -0.006771642, -0.006615142, -0.0064533902, -0.00637076, -0.006202319, -0.006029842, -0.005941824, -0.005761455, -0.00557408, -0.005377933, -0.005276008, -0.005063597, -0.0048389737, -0.004721956, -0.004478129, -0.0042206426, -0.0039473674, -0.0038037763, -0.0035010315, -0.0031818964, -0.003024396, -0.0027658127, -0.0027195774
0, 0, 0, 0, 0, 0, 0, 0, 0, 0, 0, 0, 0, 0, 0, 0, 0, 0, 0, 0, 0, -0.0051566525, -0.0040271142, -0.0037228207, -0.0037996909, -0.004158519, -0.004611063, -0.005066866, -0.0052873357, -0.0057104593, -0.0061117816, -0.0063052955, -0.0066787507, -0.0070346, -0.0073714284, -0.00753233, -0.0078375535, -0.008121268, -0.00825534, -0.008509483, -0.008747709, -0.008861759, -0.009080866, -0.00928796, -0.009482726, -0.009575003, -0.009748359, -0.009905365, -0.009977628, -0.0101099955, -0.010228468, -0.010335974, -0.010386685, -0.010483007, -0.010573326, -0.01061619, -0.010695863, -0.0107659185, -0.010796782, -0.010849265, -0.010888898, -0.010916689, -0.010926866, -0.010941942, -0.010952078, -0.010956091, -0.01096252, -0.010966909, -0.010968093, -0.010966616, -0.0109589, -0.010943277, -0.010932401, -0.010904606, -0.010870406, -0.010831898, -0.010811698, -0.010770438, -0.010728822, -0.010707933, -0.01066525, -0.010620322, -0.010596559, -0.010545454, -0.010489, -0.01042725, -0.010394726, -0.010327081, -0.010257681, -0.0102226855, -0.010152839, -0.010083155, -0.010013109, -0.009977712, -0.009905217, -0.009829828, -0.009790864, -0.0097102905, -0.009626651, -0.009583869, -0.009496716, -0.009408122, -0.0093184365, -0.009273203, -0.009181905, -0.009088973, -0.0090418, -0.008945658, -0.008846817, -0.008745312, -0.008693552, -0.00858811, -0.008480204, -0.008425284, -0.008313489, -0.008198852, -0.008140453, -0.008021311, -0.007899106, -0.007773641, -0.0077096983, -0.0075794393, -0.007445597, -0.007377239, -0.007237141, -0.0070920964, -0.0069416827, -0.006864343, -0.00670542, -0.006541106, -0.006457001, -0.0062851817, -0.0061082947, -0.006017859, -0.005832618, -0.0056407233, -0.0054406016, -0.0053370055, -0.005121725, -0.004894513, -0.004776178, -0.0045296554, -0.004269029, -0.0039919238, -0.0038461757, -0.0035386507, -0.003214291, -0.003054172, -0.002791124, -0.0027429666
0, 0, 0, 0, 0, 0, 0, 0, 0, 0, 0, 0, 0, 0, 0, 0, 0, 0, 0, 0, 0, 0, -0.0040251855, -0.0036330977, -0.0036983048, -0.0040715737, -0.0045581423, -0.005047516, -0.0052828346, -0.0057318723, -0.0061552026, -0.0063585793, -0.006749771, -0.007120021, -0.0074680825, -0.0076331543, -0.007945007, -0.008232972, -0.008368717, -0.008625439, -0.008865254, -0.0089796595, -0.009198537, -0.009404211, -0.009596659, -0.009687372, -0.0098576415, -0.0100122355, -0.010083728, -0.01021623, -0.010337163, -0.010448694, -0.010501711, -0.01060263, -0.010696355, -0.010740097, -0.010820565, -0.010889595, -0.010919602, -0.010970257, -0.011009375, -0.011038783, -0.011050866, -0.011071127, -0.01108801, -0.011095474, -0.011108282, -0.011117454, -0.01112068, -0.011119564, -0.011110907, -0.011093619, -0.011082055, -0.011054689, -0.011023646, -0.0109914215, -0.010975319, -0.010943554, -0.010911993, -0.010895648, -0.010860583, -0.010820213, -0.010797315, -0.010745859, -0.010686825, -0.010621763, -0.010587902, -0.01051882, -0.010450051, -0.010416227, -0.010349718, -0.010284152, -0.010217885, -0.010183818, -0.010112815, -0.010037243, -0.009997783, -0.009915981, -0.009831319, -0.009788366, -0.0097016245, -0.009614041, -0.009525195, -0.009480001, -0.0093870545, -0.009290082, -0.009239838, -0.009136016, -0.009028254, -0.008917581, -0.008861743, -0.008749406, -0.008636658, -0.008580104, -0.0084660435, -0.008349645, -0.008290092, -0.00816757, -0.008039932, -0.007907203, -0.007839118, -0.0077000055, -0.0075576245, -0.0074853143, -0.0073386026, -0.007188581, -0.00703458, -0.0069557694, -0.0067941137, -0.0066265725, -0.006540564, -0.0063642077, -0.0061820257, -0.0060888072, -0.005898062, -0.005701167, -0.0054970793, -0.005391807, -0.005173897, -0.004944718, -0.0048254956, -0.004576995, -0.0043136203, -0.0040329336, -0.003885051, -0.0035726286, -0.0032428326, -0.0030801187, -0.002812635, -0.0027625829
0, 0, 0, 0, 0, 0, 0, 0, 0, 0, 0, 0, 0, 0, 0, 0, 0, 0, 0, 0, 0, 0, -0.0039130207, -0.003718732, -0.003769459, -0.0041255676, -0.0046232655, -0.005132325, -0.005377131, -0.0058426606, -0.00627868, -0.006486855, -0.0068840305, -0.0072563, -0.0076027433, -0.0077661457, -0.008073787, -0.008357364, -0.008491124, -0.008744822, -0.008982184, -0.009095352, -0.0093114255, -0.009513891, -0.009702514, -0.009791469, -0.00995812, -0.010110178, -0.010181121, -0.010313811, -0.010436784, -0.010551063, -0.010605353, -0.010708194, -0.01080232, -0.010845782, -0.010924873, -0.010992595, -0.011022173, -0.011073324, -0.011115611, -0.011151071, -0.011166952, -0.011196074, -0.011221802, -0.01123332, -0.011252589, -0.011265643, -0.011270685, -0.011269884, -0.011261531, -0.011245393, -0.011235019, -0.011211739, -0.011187088, -0.011162802, -0.0111509655, -0.0111274915, -0.0111027, -0.011089101, -0.011057621, -0.011018741, -0.010996019, -0.010944163, -0.010885243, -0.010821831, -0.010789333, -0.0107243145, -0.010660422, -0.010628906, -0.010566419, -0.010503283, -0.010437315, -0.01040261, -0.0103292605, -0.010250474, -0.010209381, -0.010124827, -0.010038631, -0.00999529, -0.0099085905, -0.009821419, -0.009732483, -0.009686628, -0.009591245, -0.009489861, -0.009436669, -0.009325983, -0.009210831, -0.009093027, -0.009033821, -0.008915847, -0.008798368, -0.008739761, -0.008621649, -0.008500858, -0.008438776, -0.008310391, -0.0081756925, -0.008035099, -0.007962896, -0.007815797, -0.0076661203, -0.0075905877, -0.0074383416, -0.007283916, -0.007126217, -0.007045671, -0.006880211, -0.006708356, -0.0066199466, -0.006438349, -0.006250704, -0.006154802, -0.0059589655, -0.00575756, -0.005549631, -0.0054427753, -0.0052222833, -0.0049910345, -0.0048709214, -0.004620481, -0.0043547084, -0.0040708305, -0.0039210655, -0.0036044812, -0.003270276, -0.0031053065, -0.0028339294, -0.0027821176
0, 0, 0, 0, 0, 0, 0, 0, 0, 0, 0, 0, 0, 0, 0, 0, 0, 0, 0, 0, 0, 0, -0.0051174774, -0.004223598, -0.004112975, -0.004325832, -0.004782975, -0.0052879225, -0.005535493, -0.0060071554, -0.006445552, -0.006652604, -0.0070443326, -0.007406486, -0.007740579, -0.007897601, -0.008193037, -0.008466712, -0.008596552, -0.008843705, -0.009076761, -0.00918823, -0.009401128, -0.009600942, -0.009787227, -0.009875061, -0.010039919, -0.010191272, -0.010262271, -0.010395965, -0.010520099, -0.010635456, -0.010689973, -0.010792461, -0.010885633, -0.0109285265, -0.011007232, -0.011076169, -0.011107164, -0.011163153, -0.011212507, -0.011256821, -0.011277503, -0.011315907, -0.011349921, -0.0113647515, -0.011389512, -0.011406595, -0.01141527, -0.011416452, -0.011413132, -0.01140344, -0.01139696, -0.011382154, -0.011366105, -0.011349217, -0.011340324, -0.011320877, -0.011297668, -0.011284068, -0.011251984, -0.011212557, -0.011190033, -0.011140222, -0.011085823, -0.011029044, -0.011000449, -0.010943131, -0.010885505, -0.010856284, -0.010795908, -0.010731662, -0.0106619885, -0.010624746, -0.010545809, -0.010461538, -0.010417986, -0.010329285, -0.010239806, -0.010195113, -0.010105777, -0.010015635, -0.009922964, -0.009875074, -0.009775125, -0.009668766, -0.009613189, -0.009497773, -0.009378181, -0.009256482, -0.009195314, -0.009073073, -0.008950532, -0.008888999, -0.008764322, -0.008635925, -0.008569943, -0.008433562, -0.00829129, -0.008143866, -0.008068628, -0.007916172, -0.0077618747, -0.007684236, -0.007527845, -0.00736918, -0.007206826, -0.0071238414, -0.0069532054, -0.0067760367, -0.0066850027, -0.006498302, -0.00630624, -0.006208348, -0.0060089314, -0.0058042547, -0.005593299, -0.0054850383, -0.0052619013, -0.005028375, -0.004907217, -0.0046547838, -0.0043870304, -0.004101263, -0.0039505064, -0.0036316966, -0.0032951136, -0.0031288702, -0.002855084, -0.0028020816
0, 0, 0, 0, 0, 0, 0, 0, 0, 0, 0, 0, 0, 0, 0, 0, 0, 0, 0, 0, 0, 0, 0, -0.0046923747, -0.0045338813, -0.0045753177, -0.0049494947, -0.0054349643, -0.0056816568, -0.0061537297, -0.006587813, -0.006790454, -0.007169325, -0.007516213, -0.007834949, -0.007984922, -0.008268133, -0.00853283, -0.0086590685, -0.008900985, -0.00913029, -0.009240466, -0.009451583, -0.009650516, -0.009836655, -0.009924698, -0.010090807, -0.010244257, -0.010316472, -0.010452581, -0.010578531, -0.010695239, -0.010750101, -0.010852914, -0.010946963, -0.010990909, -0.011072938, -0.011147776, -0.0111825075, -0.011247245, -0.011306151, -0.0113597065, -0.011384665, -0.011430331, -0.01146991, -0.01148708, -0.011516056, -0.011538078, -0.011553541, -0.011559005, -0.01156579, -0.011567728, -0.011567327, -0.01156371, -0.011556659, -0.011545484, -0.011538054, -0.011518992, -0.011494137, -0.011479352, -0.011445491, -0.011406333, -0.01138516, -0.0113402, -0.01129321, -0.0112449005, -0.011220366, -0.011169494, -0.011115262, -0.011086474, -0.011024453, -0.010956009, -0.010880709, -0.010840503, -0.0107560335, -0.010667161, -0.010621683, -0.010529379, -0.010436058, -0.010389026, -0.01029413, -0.010197059, -0.010096558, -0.010044724, -0.009937459, -0.0098251, -0.009767138, -0.009648221, -0.009526392, -0.009402424, -0.009339887, -0.009213451, -0.00908464, -0.009019081, -0.008885189, -0.008746796, -0.008675823, -0.008530341, -0.0083808405, -0.008228407, -0.008151324, -0.007995843, -0.007838776, -0.007759573, -0.0075991577, -0.0074351635, -0.00726655, -0.0071801906, -0.007003062, -0.0068201697, -0.00672671, -0.0065361834, -0.006341441, -0.0062425374, -0.006041355, -0.005834875, -0.005621837, -0.005512477, -0.0052868067, -0.0050509097, -0.0049286415, -0.004674451, -0.00440567, -0.0041195448, -0.0039688554, -0.0036503195, -0.0033137458, -0.0031473422, -0.0028729804, -0.002819942
0, 0, 0, 0, 0, 0, 0, 0, 0, 0, 0, 0, 0, 0, 0, 0, 0, 0, 0, 0, 0, 0, 0, -0.0057904315, -0.005179668, -0.004775507, -0.0050294693, -0.0054982956, -0.0057453606, -0.006216262, -0.0066425893, -0.0068397615, -0.0072066067, -0.0075427624, -0.0078533925, -0.008000324, -0.008279906, -0.008542865, -0.008668801, -0.008910264, -0.009138898, -0.009248745, -0.00945968, -0.0096592475, -0.009847184, -0.009936903, -0.010107111, -0.01026548, -0.010340305, -0.010481343, -0.010611615, -0.010731935, -0.010788514, -0.010895371, -0.01099487, -0.011042254, -0.011132831, -0.011217867, -0.011258212, -0.011334029, -0.011402893, -0.011464515, -0.011492555, -0.011542761, -0.011585533, -0.011604357, -0.0116373105, -0.011665685, -0.011690174, -0.0117011415, -0.011720285, -0.011735461, -0.011741178, -0.011748317, -0.011748811, -0.011741733, -0.011735139, -0.01171622, -0.011690653, -0.011675751, -0.011642856, -0.011607146, -0.011588498, -0.011549983, -0.011509814, -0.011466854, -0.011443987, -0.011394293, -0.011338049, -0.011307346, -0.011240285, -0.011166432, -0.011086608, -0.011044799, -0.010958119, -0.010868239, -0.0108223995, -0.010728935, -0.010632763, -0.010583405, -0.010481627, -0.010375497, -0.010264879, -0.010207982, -0.01009147, -0.00997205, -0.009911446, -0.0097886855, -0.009664252, -0.00953743, -0.009472822, -0.009340723, -0.009203855, -0.009133544, -0.008989021, -0.008840086, -0.0087641, -0.008610148, -0.008454596, -0.008298105, -0.008219602, -0.008061638, -0.007901456, -0.007820183, -0.0076543023, -0.0074833524, -0.007306997, -0.007216815, -0.007032941, -0.006844884, -0.0067496365, -0.00655691, -0.0063611018, -0.00626193, -0.006060201, -0.0058526625, -0.005637978, -0.005527488, -0.005299374, -0.005061021, -0.004937844, -0.0046824804, -0.004413585, -0.0041283313, -0.0039783195, -0.003661321, -0.003325969, -0.0031599302, -0.00288586, -0.002833416
0, 0, 0, 0, 0, 0, 0, 0, 0, 0, 0, 0, 0, 0, 0, 0, 0, 0, 0, 0, 0, 0, 0, -0.0059216633, -0.005298591, -0.004794652, -0.0050109085, -0.005464043, -0.005705327, -0.006165118, -0.006582092, -0.0067758034, -0.0071393573, -0.0074769813, -0.0077931653, -0.007944214, -0.008232626, -0.0085037835, -0.008633051, -0.008879857, -0.009111732, -0.009222567, -0.00943518, -0.009637185, -0.0098292325, -0.009921638, -0.010098773, -0.0102648195, -0.010343614, -0.010492353, -0.010629766, -0.010756926, -0.01081708, -0.010932075, -0.011041133, -0.011094, -0.011196421, -0.011293927, -0.011340343, -0.011427589, -0.011506054, -0.011574852, -0.011605526, -0.011659827, -0.011706226, -0.011727057, -0.011765728, -0.0118016265, -0.011835581, -0.011851591, -0.011881295, -0.011906148, -0.011916135, -0.011930229, -0.011935346, -0.011931149, -0.011925768, -0.011909256, -0.011886934, -0.011874239, -0.011846673, -0.011816972, -0.011801328, -0.011768214, -0.011731013, -0.011688078, -0.011663974, -0.0116097275, -0.011547104, -0.0115129845, -0.011440033, -0.011361912, -0.011280205, -0.0112383235, -0.011152855, -0.011065109, -0.011020161, -0.010927316, -0.010829156, -0.010777683, -0.0106695155, -0.010554759, -0.010434501, -0.0103729535, -0.010247844, -0.010121377, -0.010057958, -0.009930432, -0.009801587, -0.009669723, -0.0096020205, -0.009462313, -0.009316525, -0.009241375, -0.009087331, -0.0089296475, -0.00884989, -0.008689723, -0.008529552, -0.008369499, -0.008289338, -0.008127621, -0.007962416, -0.007878025, -0.007705052, -0.0075262366, -0.0073422887, -0.007248766, -0.007059542, -0.006868227, -0.0067720124, -0.0065784, -0.006382364, -0.0062829833, -0.0060804035, -0.0058712275, -0.0056541, -0.005542212, -0.0053114765, -0.0050711576, -0.0049472754, -0.004691318, -0.0044228085, -0.004138487, -0.003988916, -0.0036725295, -0.0033372825, -0.0031710288, -0.002896409, -0.0028441364
0, 0, 0, 0, 0, 0, 0, 0, 0, 0, 0, 0, 0, 0, 0, 0, 0, 0, 0, 0, 0, 0, 0, 0, -0.0053116223, -0.004975292, -0.005024404, -0.0053636846, -0.005573532, -0.006003242, -0.0064148717, -0.006610819, -0.0069857743, -0.007340338, -0.007676043, -0.00783682, -0.008143482, -0.00842975, -0.008565185, -0.008821505, -0.009059861, -0.009173377, -0.009391097, -0.009598746, -0.009798238, -0.009895017, -0.010081851, -0.010258384, -0.010342441, -0.0105015915, -0.010648761, -0.010785468, -0.010850462, -0.010975731, -0.011095995, -0.01115475, -0.011269025, -0.011378143, -0.011430062, -0.01152763, -0.011615064, -0.011691522, -0.011725765, -0.011787043, -0.011840692, -0.01186549, -0.011912393, -0.011956874, -0.01199893, -0.012018639, -0.012054391, -0.012083473, -0.012094973, -0.012111076, -0.012117821, -0.012115768, -0.012112099, -0.0121003585, -0.012084357, -0.0120752305, -0.012054603, -0.0120307105, -0.0120170945, -0.01198584, -0.01194738, -0.011900249, -0.011873153, -0.011812104, -0.011743041, -0.011706063, -0.011628752, -0.011548375, -0.011466493, -0.0114250695, -0.011341036, -0.011254556, -0.011209741, -0.011115915, -0.011014549, -0.010960771, -0.0108468635, -0.010725686, -0.010598899, -0.010534081, -0.010403075, -0.010271327, -0.010205261, -0.010072413, -0.0099375555, -0.009798722, -0.009727227, -0.0095796, -0.00942582, -0.009346894, -0.009186226, -0.009023448, -0.008941655, -0.008778305, -0.008615257, -0.008451879, -0.008369605, -0.008202672, -0.008030944, -0.007942956, -0.00776256, -0.0075770025, -0.007387787, -0.007292327, -0.007100629, -0.006908357, -0.0068119997, -0.0066182017, -0.006421393, -0.0063212155, -0.0061162016, -0.0059036943, -0.005682874, -0.0055693435, -0.005335956, -0.0050941478, -0.0049699857, -0.0047141546, -0.0044460245, -0.0041615525, -0.0040115407, -0.0036932689, -0.0033551767, -0.00318733, -0.0029099442, -0.0028566048
0, 0, 0, 0, 0, 0, 0, 0, 0, 0, 0, 0, 0, 0, 0, 0, 0, 0, 0, 0, 0, 0, 0, 0, -0.0070864693, -0.0055995975, -0.0050545004, -0.005166661, -0.0053341677, -0.0057434607, -0.0061708502, -0.0063796407, -0.0067827604, -0.007165912, -0.0075282543, -0.0077008815, -0.008028641, -0.008331602, -0.008473868, -0.008741525, -0.008989618, -0.009107959, -0.009335553, -0.009554197, -0.009765584, -0.009868705, -0.01006872, -0.010258412, -0.010349023, -0.010520471, -0.010679478, -0.010827546, -0.010898187, -0.0110344235, -0.011165566, -0.011229467, -0.011353667, -0.011471933, -0.011528408, -0.011634714, -0.0117307585, -0.011816421, -0.011855409, -0.011927107, -0.011991892, -0.012022296, -0.012079833, -0.012133261, -0.0121815195, -0.012203184, -0.012241032, -0.012270168, -0.012281329, -0.012296627, -0.012303572, -0.012303719, -0.012301814, -0.012294951, -0.012284665, -0.012278175, -0.012262062, -0.012240146, -0.012226516, -0.0121931005, -0.012150489, -0.012098151, -0.012068465, -0.012002814, -0.0119307, -0.011892757, -0.0118141435, -0.011733068, -0.0116502475, -0.011608176, -0.011521808, -0.0114315525, -0.011384343, -0.011284704, -0.01117712, -0.011120191, -0.011000911, -0.010875377, -0.010745376, -0.01067929, -0.010545659, -0.010410505, -0.010342445, -0.010204579, -0.010063422, -0.009917511, -0.009842441, -0.009688081, -0.00952887, -0.009447808, -0.0092842225, -0.009119782, -0.009037563, -0.008873371, -0.008708681, -0.008542203, -0.008457776, -0.008285313, -0.008107367, -0.00801628, -0.007830489, -0.0076411865, -0.007450145, -0.007354394, -0.007163124, -0.00697157, -0.006875413, -0.006681022, -0.0064820466, -0.0063801827, -0.0061708605, -0.005953595, -0.005728458, -0.0056131626, -0.0053774524, -0.0051348847, -0.0050107474, -0.0047554034, -0.0044872467, -0.0042012245, -0.004049781, -0.0037272228, -0.003383503, -0.0032127213, -0.0029303425, -0.0028746666
0, 0, 0, 0, 0, 0, 0, 0, 0, 0, 0, 0, 0, 0, 0, 0, 0, 0, 0, 0, 0, 0, 0, 0, 0, -0.005738184, -0.004843855, -0.0048284307, -0.004988032, -0.0054249694, -0.0058959485, -0.006126196, -0.006567592, -0.0069820043, -0.007369386, -0.007552661, -0.007898136, -0.0082158595, -0.008364808, -0.008645594, -0.008907474, -0.009032836, -0.009275688, -0.009510133, -0.009737962, -0.009849025, -0.010064588, -0.010269272, -0.010367051, -0.0105525395, -0.010724893, -0.010885736, -0.010962608, -0.011110789, -0.011252645, -0.011321308, -0.011454183, -0.011580221, -0.011640362, -0.011754121, -0.0118587315, -0.011953973, -0.011998402, -0.012081614, -0.012158272, -0.012194292, -0.012261753, -0.012322303, -0.012374699, -0.0123975, -0.012435784, -0.012464304, -0.012475227, -0.012490319, -0.012498204, -0.012500571, -0.012500139, -0.012496123, -0.01248762, -0.012481413, -0.012464172, -0.012439249, -0.012423618, -0.0123853255, -0.01233817, -0.012282628, -0.012251975, -0.012185935, -0.012114595, -0.012077257, -0.011999388, -0.011917486, -0.01183147, -0.011786737, -0.011693338, -0.011593945, -0.011541856, -0.0114323385, -0.011316212, -0.011255899, -0.011131496, -0.011003241, -0.01087208, -0.010805643, -0.0106711015, -0.010534153, -0.010464513, -0.010322412, -0.010175896, -0.010024273, -0.009946594, -0.00978798, -0.0096261855, -0.009544528, -0.009380518, -0.009216401, -0.009134401, -0.00897, -0.00880399, -0.008634809, -0.008548538, -0.00837183, -0.00818975, -0.0080969725, -0.007908979, -0.0077190907, -0.007528978, -0.0074340096, -0.007244307, -0.0070536537, -0.0069573014, -0.006761097, -0.0065585803, -0.006454397, -0.006239928, -0.006017613, -0.0057885307, -0.005671775, -0.0054343836, -0.0051912707, -0.0050671347, -0.004811619, -0.0045423326, -0.0042535355, -0.0040998994, -0.0037717544, -0.0034212386, -0.003247081, -0.0029587818, -0.0029003904
0, 0, 0, 0, 0, 0, 0, 0, 0, 0, 0, 0, 0, 0, 0, 0, 0, 0, 0, 0, 0, 0, 0, 0, 0, -0.0054748864, -0.004524777, -0.004493764, -0.0046628783, -0.005134517, -0.005646722, -0.0058962665, -0.006370559, -0.0068095834, -0.0072147986, -0.0074054073, -0.007764004, -0.00809476, -0.008251016, -0.008547711, -0.008827186, -0.008962138, -0.00922428, -0.009477953, -0.009723543, -0.009842956, -0.010074051, -0.010293583, -0.01039855, -0.010598726, -0.010785829, -0.010961222, -0.011045211, -0.011206636, -0.011360028, -0.011433758, -0.0115756225, -0.011709373, -0.011773215, -0.011894313, -0.012006796, -0.012110803, -0.012159823, -0.012252144, -0.0123371165, -0.012376821, -0.012449943, -0.012514023, -0.012568215, -0.012591509, -0.012630679, -0.012660636, -0.012672325, -0.0126899965, -0.012700774, -0.012705347, -0.012705477, -0.012701039, -0.012689829, -0.012681318, -0.012658136, -0.012626756, -0.01260809, -0.012564933, -0.012514731, -0.012458451, -0.0124283135, -0.012364133, -0.012294928, -0.0122583285, -0.012180598, -0.012096387, -0.012004947, -0.01195653, -0.011854279, -0.011744996, -0.011687929, -0.011569356, -0.011446156, -0.011383205, -0.011255289, -0.011125286, -0.010993222, -0.010926353, -0.010790574, -0.010651652, -0.010580785, -0.010435506, -0.010285282, -0.01013029, -0.010051329, -0.009890984, -0.009728678, -0.009647071, -0.009483523, -0.009319606, -0.009237444, -0.009072165, -0.008904549, -0.008733096, -0.008645614, -0.0084667895, -0.008283369, -0.008190391, -0.008002751, -0.007814088, -0.0076254667, -0.0075311502, -0.0073419777, -0.0071504507, -0.007053143, -0.0068539274, -0.006647263, -0.006540858, -0.0063219704, -0.006095843, -0.005863892, -0.0057460777, -0.005506957, -0.005262368, -0.00513732, -0.004879418, -0.004606894, -0.004313718, -0.004157506, -0.0038236824, -0.0034669444, -0.003289616, -0.002995852, -0.0029353523
0, 0, 0, 0, 0, 0, 0, 0, 0, 0, 0, 0, 0, 0, 0, 0, 0, 0, 0, 0, 0, 0, 0, 0, 0, 0, -0.00451911, -0.004409291, -0.004522257, -0.0049445997, -0.005461205, -0.005719821, -0.0062123197, -0.006664701, -0.007079813, -0.0072753276, -0.0076447697, -0.007989867, -0.008154529, -0.008470292, -0.008770897, -0.008916566, -0.009199312, -0.0094717145, -0.009733628, -0.009860392, -0.010105358, -0.010338646, -0.010450765, -0.010665404, -0.0108680595, -0.011059112, -0.011150622, -0.011325955, -0.011491403, -0.011570485, -0.0117215775, -0.011863404, -0.01193101, -0.0120593645, -0.01217893, -0.012289712, -0.012341802, -0.012438903, -0.012526775, -0.012567094, -0.0126403365, -0.012703687, -0.012757332, -0.01278082, -0.012821701, -0.012855058, -0.012868881, -0.012890923, -0.0129051255, -0.012911039, -0.012910723, -0.012903044, -0.012885717, -0.012873573, -0.012842916, -0.012805112, -0.012783893, -0.012737569, -0.012686337, -0.012630629, -0.012600991, -0.012537695, -0.012468188, -0.01243081, -0.012350166, -0.012261427, -0.012164447, -0.012113176, -0.012005323, -0.011891197, -0.0118321255, -0.011710666, -0.0115857115, -0.011522128, -0.011393207, -0.0112618795, -0.011127963, -0.011059957, -0.010921708, -0.010780213, -0.0107081365, -0.010560935, -0.010409408, -0.010253872, -0.010174862, -0.010014744, -0.009852766, -0.009771199, -0.009607458, -0.009442629, -0.00935976, -0.009192704, -0.009023222, -0.008850345, -0.008762446, -0.008583559, -0.008400989, -0.0083087105, -0.008122473, -0.007934904, -0.0077462518, -0.007651455, -0.0074601127, -0.0072654737, -0.0071663465, -0.0069633797, -0.0067531923, -0.006645265, -0.0064239316, -0.006195889, -0.00596204, -0.0058431257, -0.0056010513, -0.0053522615, -0.005224663, -0.004960826, -0.0046817986, -0.004382285, -0.004223094, -0.0038835856, -0.0035215009, -0.0033415782, -0.0030432902, -0.002981421
0, 0, 0, 0, 0, 0, 0, 0, 0, 0, 0, 0, 0, 0, 0, 0, 0, 0, 0, 0, 0, 0, 0, 0, 0, 0, -0.005437596, -0.004598834, -0.004547247, -0.004843869, -0.005342459, -0.0056028576, -0.0061011175, -0.006558106, -0.0069791893, -0.007178713, -0.007560255, -0.007922055, -0.008096647, -0.00843396, -0.008756435, -0.00891242, -0.009214046, -0.009502267, -0.009777373, -0.009910146, -0.010167408, -0.01041345, -0.010532328, -0.010761732, -0.010979779, -0.011185777, -0.01128439, -0.0114722755, -0.011648344, -0.011731898, -0.011890723, -0.012039522, -0.012110434, -0.012245301, -0.0123709105, -0.012486513, -0.012540194, -0.0126385745, -0.012725232, -0.01276414, -0.012833581, -0.012893193, -0.012944644, -0.012968043, -0.013010369, -0.013047126, -0.013062956, -0.01308851, -0.013104549, -0.013109796, -0.013107762, -0.013095015, -0.013071279, -0.0130558275, -0.013019459, -0.012977906, -0.012955723, -0.012908734, -0.012857892, -0.012802049, -0.012771758, -0.012705717, -0.012631387, -0.0125911515, -0.01250423, -0.012409731, -0.012309238, -0.012257157, -0.012149749, -0.012038653, -0.011981697, -0.011864647, -0.011743648, -0.011681416, -0.011553481, -0.011421085, -0.011284419, -0.011214781, -0.011073487, -0.010929777, -0.010857137, -0.0107098725, -0.010559647, -0.010406036, -0.010328, -0.010169731, -0.010008512, -0.0099269925, -0.009762228, -0.009595767, -0.009511965, -0.009343016, -0.0091723325, -0.008999183, -0.008911559, -0.008734051, -0.008553496, -0.008462106, -0.008277016, -0.008089131, -0.007898251, -0.0078017055, -0.007605967, -0.007406419, -0.007305022, -0.007098261, -0.0068856548, -0.0067769764, -0.0065548876, -0.0063261557, -0.006090493, -0.0059698857, -0.005722761, -0.005466537, -0.005334456, -0.005060921, -0.004772221, -0.0044640633, -0.004301158, -0.0039552334, -0.0035877225, -0.0034051954, -0.0031023836, -0.0030394432
0, 0, 0, 0, 0, 0, 0, 0, 0, 0, 0, 0, 0, 0, 0, 0, 0, 0, 0, 0, 0, 0, 0, 0, 0, 0, -0.005575965, -0.0046648183, -0.004564966, -0.0048079635, -0.0052828058, -0.005536403, -0.0060271015, -0.0064837644, -0.006911278, -0.0071168025, -0.007514498, -0.00789683, -0.008082331, -0.008441887, -0.008784791, -0.008949869, -0.009267233, -0.00956844, -0.009855116, -0.009993606, -0.01026231, -0.010521199, -0.010647132, -0.010890944, -0.011123054, -0.01134177, -0.011445734, -0.011642544, -0.011824885, -0.011911099, -0.012074579, -0.012227789, -0.0123010175, -0.012440969, -0.01257136, -0.012690359, -0.012745182, -0.012843949, -0.012928414, -0.012965484, -0.013030551, -0.013085996, -0.013134966, -0.013157683, -0.013200237, -0.013237964, -0.013254295, -0.0132802455, -0.013294855, -0.01329633, -0.013291982, -0.0132737905, -0.013245214, -0.013227844, -0.013189372, -0.013147846, -0.013126246, -0.013080534, -0.01303025, -0.012972744, -0.012940533, -0.012868576, -0.012786556, -0.012742242, -0.012648037, -0.012549017, -0.012447972, -0.012397211, -0.0122951055, -0.012191732, -0.012138891, -0.012029607, -0.011914258, -0.01185374, -0.011727311, -0.011593775, -0.011455001, -0.011384274, -0.011241454, -0.0110977795, -0.011025691, -0.010880722, -0.010733849, -0.010584057, -0.010507821, -0.010352186, -0.010192367, -0.010110964, -0.009945808, -0.009778317, -0.009693939, -0.0095243575, -0.009353635, -0.009181434, -0.009094583, -0.008918954, -0.008740217, -0.008649416, -0.008464623, -0.008275117, -0.008080879, -0.007982093, -0.007781433, -0.007576808, -0.007473108, -0.007262799, -0.0070480765, -0.0069388966, -0.0067160656, -0.0064860643, -0.006247325, -0.0061243004, -0.0058702063, -0.0056043654, -0.0054667867, -0.005181541, -0.0048811706, -0.0045625456, -0.004395036, -0.0040410995, -0.0036665166, -0.003480615, -0.003171838, -0.0031069263
0, 0, 0, 0, 0, 0, 0, 0, 0, 0, 0, 0, 0, 0, 0, 0, 0, 0, 0, 0, 0, 0, 0, 0, 0, 0, 0, -0.004972216, -0.004838135, -0.004903741, -0.005263012, -0.005486727, -0.0059533687, -0.0064124027, -0.006855335, -0.007071255, -0.007492299, -0.007898846, -0.008096355, -0.008478088, -0.008840084, -0.009013623, -0.009345682, -0.00965932, -0.009957972, -0.010102607, -0.010383953, -0.010656227, -0.010788837, -0.011045552, -0.0112890005, -0.0115163755, -0.011623469, -0.011824516, -0.012008863, -0.012095559, -0.012259904, -0.012414642, -0.012489049, -0.012632124, -0.0127661405, -0.012888482, -0.012944442, -0.013044434, -0.013128362, -0.013164577, -0.013227598, -0.013280727, -0.013327674, -0.013349483, -0.013390502, -0.013426391, -0.013441489, -0.0134642515, -0.013474371, -0.01347053, -0.013463559, -0.013440917, -0.013409599, -0.013391878, -0.013354267, -0.013314919, -0.013294518, -0.013250834, -0.013200542, -0.013140509, -0.013106225, -0.013028659, -0.012940316, -0.01289306, -0.012794691, -0.012694473, -0.012595691, -0.012547113, -0.012451013, -0.0123540545, -0.012304221, -0.012199758, -0.012087089, -0.012027271, -0.011900962, -0.011767078, -0.011628491, -0.011558278, -0.011417484, -0.011276984, -0.011206776, -0.0110661425, -0.0109236045, -0.010777814, -0.0107032675, -0.010550451, -0.010392449, -0.010311712, -0.010147488, -0.009980864, -0.0098969685, -0.009728394, -0.009558821, -0.0093878005, -0.009301606, -0.009127027, -0.008948839, -0.008857978, -0.008672337, -0.0084809065, -0.008283809, -0.0081833, -0.007978847, -0.007770227, -0.0076645166, -0.0074505066, -0.0072326944, -0.0071220538, -0.006896353, -0.0066627827, -0.0064191925, -0.0062929713, -0.0060310564, -0.0057556904, -0.0056128604, -0.0053165345, -0.005004868, -0.0046752566, -0.0045025046, -0.0041385368, -0.0037541506, -0.0035635156, -0.0032464205, -0.0031779595
0, 0, 0, 0, 0, 0, 0, 0, 0, 0, 0, 0, 0, 0, 0, 0, 0, 0, 0, 0, 0, 0, 0, 0, 0, 0, 0, -0.0062173214, -0.005572141, -0.0050481064, -0.0051866756, -0.0053721257, -0.0058277487, -0.0063110627, -0.0067869797, -0.0070192995, -0.007471866, -0.007906863, -0.008116987, -0.008521675, -0.008903447, -0.009085589, -0.009433585, -0.009761717, -0.010073882, -0.010225284, -0.0105198, -0.0108044585, -0.010942991, -0.0112098195, -0.011460931, -0.0116930045, -0.011801478, -0.012003069, -0.0121864285, -0.0122723365, -0.012435533, -0.012589939, -0.01266473, -0.012809153, -0.012945262, -0.013069983, -0.0131270625, -0.013229062, -0.013314423, -0.013351203, -0.013414677, -0.013467737, -0.013513906, -0.013535074, -0.013573859, -0.013606437, -0.0136195915, -0.013637711, -0.0136431, -0.013634873, -0.013626163, -0.013601025, -0.013569293, -0.013551986, -0.013515982, -0.013478611, -0.013458897, -0.013415958, -0.013365027, -0.013303424, -0.013268172, -0.013188915, -0.013100046, -0.01305302, -0.012956426, -0.0128597235, -0.012764904, -0.012718315, -0.012625088, -0.012529361, -0.012479621, -0.012374169, -0.012259926, -0.012199432, -0.012072719, -0.011940336, -0.011805359, -0.011737709, -0.011602636, -0.011468028, -0.0114005655, -0.011264361, -0.011125235, -0.010981716, -0.01090807, -0.010756651, -0.010600201, -0.010520445, -0.0103584975, -0.010194493, -0.010111865, -0.009945479, -0.009777215, -0.009606386, -0.009519861, -0.00934424, -0.009164322, -0.009072544, -0.008884919, -0.008691768, -0.008493045, -0.008391656, -0.008185105, -0.007973539, -0.007866008, -0.0076474925, -0.007424281, -0.007310755, -0.0070787733, -0.006838602, -0.0065880674, -0.006458324, -0.006189107, -0.0059061726, -0.005759369, -0.0054546893, -0.0051337755, -0.00479401, -0.0046157665, -0.004240168, -0.0038435094, -0.0036467738, -0.003318917, -0.0032455288
0, 0, 0, 0, 0, 0, 0, 0, 0, 0, 0, 0, 0, 0, 0, 0, 0, 0, 0, 0, 0, 0, 0, 0, 0, 0, 0, -0.0065813526, -0.005820425, -0.0049472316, -0.004965956, -0.005149339, -0.0056443713, -0.006181544, -0.006706105, -0.006959778, -0.0074487915, -0.007913811, -0.008137075, -0.00856505, -0.008967233, -0.009158872, -0.0095237, -0.009867237, -0.010193075, -0.010350559, -0.010656291, -0.010950045, -0.011092095, -0.011364972, -0.011620135, -0.011854367, -0.01196332, -0.0121654915, -0.012348468, -0.012434157, -0.012596631, -0.012750499, -0.012824971, -0.012969082, -0.013105196, -0.013230262, -0.013287636, -0.013390683, -0.013477689, -0.013515311, -0.013580488, -0.013634833, -0.013681191, -0.013702063, -0.013739423, -0.013769692, -0.013781488, -0.013797154, -0.013800562, -0.013791695, -0.013783068, -0.013759023, -0.013728636, -0.013712025, -0.013677111, -0.013639686, -0.013619713, -0.013575619, -0.013523859, -0.013462731, -0.013428452, -0.013352859, -0.013269719, -0.0132263545, -0.013137558, -0.01304793, -0.01295782, -0.012912328, -0.012818843, -0.01272021, -0.012668398, -0.0125588, -0.01244172, -0.012380749, -0.012255404, -0.012127473, -0.011999296, -0.011935351, -0.011807794, -0.0116793895, -0.011614198, -0.011480875, -0.011342357, -0.011198337, -0.011124263, -0.0109724775, -0.010816775, -0.010737872, -0.010578642, -0.010417728, -0.010336421, -0.010171737, -0.01000343, -0.009830815, -0.009742799, -0.009563393, -0.009379502, -0.009285868, -0.009095153, -0.008899963, -0.00870002, -0.008598136, -0.008390073, -0.008175721, -0.008066091, -0.007841786, -0.007610944, -0.00749308, -0.007251926, -0.0070027094, -0.006743976, -0.006610617, -0.00633502, -0.0060466086, -0.005897165, -0.005586643, -0.0052586873, -0.0049098283, -0.0047262176, -0.004338345, -0.0039280513, -0.003724421, -0.0033844223, -0.0033052773
0, 0, 0, 0, 0, 0, 0, 0, 0, 0, 0, 0, 0, 0, 0, 0, 0, 0, 0, 0, 0, 0, 0, 0, 0, 0, 0, 0, -0.005659138, -0.004732886, -0.0047411826, -0.0049390974, -0.0054810764, -0.0060710968, -0.006643027, -0.006916696, -0.007439506, -0.0079316655, -0.008166622, -0.008615507, -0.009036293, -0.009236212, -0.009616277, -0.0099724475, -0.010307813, -0.0104689775, -0.010779976, -0.011076717, -0.0112197595, -0.0114940135, -0.011750403, -0.011986794, -0.012096909, -0.012301849, -0.012488047, -0.012575085, -0.0127396565, -0.012894333, -0.012968541, -0.013111393, -0.013245498, -0.013368426, -0.013425018, -0.0135273775, -0.013614484, -0.013652693, -0.013719288, -0.0137751475, -0.013822588, -0.0138436165, -0.013881119, -0.013911378, -0.01392339, -0.013940244, -0.013946444, -0.013941662, -0.013935447, -0.013915971, -0.013889498, -0.01387413, -0.013840001, -0.013801681, -0.013780926, -0.013735047, -0.0136832, -0.013624408, -0.013592545, -0.013524241, -0.013450666, -0.0134124, -0.013333556, -0.013251713, -0.013165942, -0.013121199, -0.013026965, -0.012925631, -0.012872194, -0.012760553, -0.0126437675, -0.012584182, -0.012463726, -0.012342939, -0.012222437, -0.012162239, -0.012040759, -0.011915829, -0.011851437, -0.011717803, -0.0115774255, -0.011430885, -0.011355702, -0.011202625, -0.01104722, -0.010968971, -0.010811579, -0.010652374, -0.010571696, -0.010406879, -0.010236435, -0.010059922, -0.009969545, -0.0097847385, -0.009595499, -0.0094994055, -0.009304586, -0.009106365, -0.008904074, -0.008801075, -0.008590338, -0.008372028, -0.008259756, -0.0080288, -0.0077894786, -0.007666843, -0.007415737, -0.0071568876, -0.00688975, -0.0067527387, -0.006471007, -0.006177502, -0.006025657, -0.0057098903, -0.005375374, -0.005017894, -0.0048291082, -0.004429137, -0.0040052277, -0.0037947458, -0.0034429214, -0.0033582847
0, 0, 0, 0, 0, 0, 0, 0, 0, 0, 0, 0, 0, 0, 0, 0, 0, 0, 0, 0, 0, 0, 0, 0, 0, 0, 0, 0, 0, -0.004864705, -0.0047789877, -0.0049196184, -0.005418291, -0.006023235, -0.0066249357, -0.006912797, -0.0074595027, -0.007970248, -0.008213501, -0.0086765075, -0.009109851, -0.009315438, -0.009704795, -0.010067087, -0.010405506, -0.010566859, -0.010876377, -0.011170454, -0.0113119595, -0.011584369, -0.011840957, -0.012079877, -0.01219244, -0.012403201, -0.012595993, -0.012686178, -0.012855874, -0.013013255, -0.013088168, -0.0132302325, -0.013362211, -0.0134828305, -0.013538618, -0.013639785, -0.013727405, -0.013765949, -0.013834416, -0.013892304, -0.013941947, -0.0139640635, -0.014003168, -0.014035793, -0.014049422, -0.014070505, -0.014082725, -0.014085388, -0.014083058, -0.014071371, -0.014050934, -0.014037868, -0.014006497, -0.0139688775, -0.013947963, -0.013902489, -0.013852128, -0.013797316, -0.013768305, -0.013707372, -0.013642549, -0.013608667, -0.013537674, -0.013461421, -0.013378921, -0.013334996, -0.013241507, -0.013141097, -0.013088594, -0.012980272, -0.012868955, -0.012812732, -0.01269972, -0.01258612, -0.012471202, -0.012412865, -0.012293027, -0.012167352, -0.012101941, -0.011965669, -0.011822376, -0.011673773, -0.011598009, -0.011444696, -0.011289718, -0.011211773, -0.011054702, -0.010894802, -0.010813235, -0.010645649, -0.010471347, -0.010290164, -0.010197188, -0.010007235, -0.009812941, -0.009714337, -0.009514837, -0.009312156, -0.00910531, -0.00899988, -0.008783927, -0.0085599115, -0.008444588, -0.008206994, -0.0079604145, -0.007833869, -0.0075745694, -0.007307611, -0.0070326966, -0.0068919845, -0.0066033504, -0.006303287, -0.006148131, -0.005825402, -0.005483077, -0.0051167514, -0.0049230107, -0.0045121633, -0.0040764497, -0.0038600564, -0.003498005, -0.003409017
0, 0, 0, 0, 0, 0, 0, 0, 0, 0, 0, 0, 0, 0, 0, 0, 0, 0, 0, 0, 0, 0, 0, 0, 0, 0, 0, 0, 0, -0.005975384, -0.0051022433, -0.005066864, -0.0054364996, -0.0060303654, -0.0066444487, -0.0069387946, -0.007495634, -0.008013557, -0.008259846, -0.008728434, -0.009166376, -0.009373653, -0.009765334, -0.010127661, -0.010463885, -0.010623664, -0.010928822, -0.011218764, -0.011358671, -0.011629038, -0.01188602, -0.012128384, -0.012243629, -0.012461158, -0.012661556, -0.012755574, -0.012931509, -0.013093797, -0.013170232, -0.013313947, -0.013446762, -0.013568302, -0.013624672, -0.0137283765, -0.013819647, -0.0138604175, -0.013933693, -0.013996446, -0.014050286, -0.014074274, -0.014116994, -0.014153473, -0.014169304, -0.0141957775, -0.014214794, -0.0142255165, -0.01422742, -0.014224446, -0.014211906, -0.014202463, -0.014176935, -0.014143879, -0.014125002, -0.014083288, -0.014037152, -0.013987493, -0.0139613, -0.013906176, -0.013846714, -0.013815038, -0.013747392, -0.013673435, -0.013592444, -0.013549378, -0.013458659, -0.01336283, -0.013313442, -0.013212381, -0.013109169, -0.013056671, -0.012950095, -0.012840416, -0.012726197, -0.012666953, -0.012543716, -0.012413557, -0.012345947, -0.0122062545, -0.012061589, -0.011913329, -0.011838268, -0.011686367, -0.011532126, -0.01145396, -0.011294753, -0.011130958, -0.011046954, -0.010874109, -0.010694866, -0.010509641, -0.010414857, -0.010221487, -0.010023632, -0.0099231135, -0.009718939, -0.009510447, -0.009296683, -0.009187441, -0.008963715, -0.008732483, -0.00861387, -0.00837076, -0.00811932, -0.007990394, -0.007726269, -0.007453719, -0.0071723033, -0.007027973, -0.0067313244, -0.00642247, -0.006262737, -0.00593084, -0.0055795987, -0.0052046324, -0.005006554, -0.004587104, -0.0041427263, -0.003922093, -0.0035527737, -0.0034610352
0, 0, 0, 0, 0, 0, 0, 0, 0, 0, 0, 0, 0, 0, 0, 0, 0, 0, 0, 0, 0, 0, 0, 0, 0, 0, 0, 0, 0, -0.0062421965, -0.00527001, -0.005177476, -0.005486647, -0.0060562245, -0.006659414, -0.006950343, -0.0075026853, -0.008018224, -0.008263624, -0.008730945, -0.0091673415, -0.009373857, -0.009763853, -0.010124774, -0.010459681, -0.010618836, -0.010923319, -0.011213276, -0.011353469, -0.011625165, -0.01188484, -0.012131266, -0.012249, -0.0124723995, -0.012679209, -0.012776501, -0.012958977, -0.013127034, -0.013206055, -0.013355287, -0.013493454, -0.01362136, -0.013681441, -0.0137933055, -0.013893868, -0.013939625, -0.0140224565, -0.0140944, -0.014155932, -0.014183377, -0.014231976, -0.014273408, -0.014291685, -0.01432357, -0.014348741, -0.014366781, -0.014372663, -0.014377945, -0.014374107, -0.014368872, -0.014351817, -0.014326961, -0.014312033, -0.0142779155, -0.014238759, -0.014195365, -0.014172061, -0.014121393, -0.014064566, -0.014033568, -0.013966254, -0.01389189, -0.013811072, -0.013768767, -0.0136810895, -0.013590499, -0.01354433, -0.013450286, -0.013353177, -0.013303029, -0.01319856, -0.013087542, -0.01296863, -0.012906283, -0.0127760805, -0.01263993, -0.012570142, -0.012428333, -0.012284456, -0.012138801, -0.012065096, -0.011914914, -0.011760053, -0.011680481, -0.011516235, -0.011345262, -0.011257384, -0.011077317, -0.010892721, -0.010704116, -0.010608334, -0.01041355, -0.010213876, -0.010111938, -0.009903434, -0.009688257, -0.00946593, -0.009352045, -0.009119134, -0.008879946, -0.008758271, -0.008510552, -0.008256312, -0.008126413, -0.007860224, -0.0075843544, -0.007297787, -0.0071500693, -0.006845114, -0.006526596, -0.006361733, -0.0060200547, -0.005660316, -0.005278257, -0.0050771553, -0.004652268, -0.0042029787, -0.00397991, -0.0036063453, -0.0035134288
0, 0, 0, 0, 0, 0, 0, 0, 0, 0, 0, 0, 0, 0, 0, 0, 0, 0, 0, 0, 0, 0, 0, 0, 0, 0, 0, 0, 0, 0, -0.0056653703, -0.005523557, -0.005622762, -0.0060588513, -0.0066058566, -0.0068847956, -0.007427799, -0.007940786, -0.008185242, -0.008650294, -0.009084767, -0.00929041, -0.009680047, -0.010042946, -0.010382412, -0.010544556, -0.010856099, -0.011153323, -0.011297031, -0.011575014, -0.01184034, -0.01209192, -0.012212061, -0.0124405995, -0.012653174, -0.0127537325, -0.012943318, -0.013119069, -0.013202462, -0.0133605385, -0.013508551, -0.013647493, -0.013713507, -0.013838079, -0.013952393, -0.014005386, -0.014102141, -0.014187009, -0.014259768, -0.014292206, -0.014349287, -0.014397914, -0.014419449, -0.014457477, -0.014489141, -0.014513946, -0.014523621, -0.014537029, -0.014542077, -0.014541374, -0.014533512, -0.014518047, -0.014507813, -0.014482651, -0.014451888, -0.014415705, -0.014395378, -0.014349291, -0.014295211, -0.01426498, -0.014198061, -0.014123186, -0.014042271, -0.014000152, -0.013914177, -0.013826358, -0.013781816, -0.013690702, -0.013595023, -0.013544729, -0.013437837, -0.013321341, -0.013195264, -0.013128965, -0.012991638, -0.012850297, -0.012779004, -0.012636394, -0.012493907, -0.012350145, -0.0122769335, -0.012126191, -0.011967675, -0.011885011, -0.011712836, -0.011532534, -0.0114399325, -0.011251545, -0.011061034, -0.010869058, -0.010772352, -0.010576477, -0.010375177, -0.010271919, -0.010059076, -0.009837072, -0.009606037, -0.009487465, -0.009245467, -0.008998749, -0.008874061, -0.008622083, -0.00836564, -0.0082350485, -0.007967424, -0.00768923, -0.007398444, -0.007247847, -0.0069356565, -0.006608699, -0.006439604, -0.006090092, -0.0057239854, -0.0053373706, -0.005134597, -0.0047070705, -0.0042552487, -0.0040309355, -0.0036550933, -0.0035621535
0, 0, 0, 0, 0, 0, 0, 0, 0, 0, 0, 0, 0, 0, 0, 0, 0, 0, 0, 0, 0, 0, 0, 0, 0, 0, 0, 0, 0, 0, -0.0070605627, -0.0063305004, -0.0057552247, -0.00593926, -0.006422251, -0.0066971723, -0.0072476645, -0.0077695874, -0.008016837, -0.008484525, -0.008920064, -0.009126836, -0.009520985, -0.009892356, -0.010243567, -0.010412324, -0.0107377805, -0.011047879, -0.011197293, -0.011485213, -0.011758522, -0.012016987, -0.012140518, -0.012376317, -0.0125972675, -0.012702286, -0.012902123, -0.013089194, -0.013178202, -0.013348403, -0.013508863, -0.013660392, -0.0137330685, -0.013871617, -0.014000542, -0.01406098, -0.014173158, -0.01427263, -0.014359259, -0.014397796, -0.014466333, -0.014524786, -0.014550809, -0.014597447, -0.014637424, -0.014670965, -0.0146850115, -0.014707199, -0.014721069, -0.014724744, -0.014725393, -0.014717901, -0.014711417, -0.014693578, -0.014669885, -0.014640164, -0.014622931, -0.014582636, -0.014533266, -0.014505014, -0.014441238, -0.014368148, -0.014288011, -0.014246012, -0.014159677, -0.014070855, -0.014025617, -0.013932618, -0.013834001, -0.013781779, -0.013670315, -0.0135483695, -0.013416653, -0.013347591, -0.013205641, -0.013060932, -0.012988515, -0.0128443185, -0.012700513, -0.012554499, -0.012479646, -0.012324015, -0.012158495, -0.0120716905, -0.01189028, -0.011700504, -0.011603367, -0.011406875, -0.011209874, -0.011013233, -0.010914705, -0.010715613, -0.010511102, -0.010405862, -0.010188008, -0.0099595785, -0.009721225, -0.0095989, -0.009349621, -0.0090965945, -0.0089692185, -0.008712792, -0.008452934, -0.008320824, -0.0080504585, -0.0077691376, -0.0074744313, -0.007321641, -0.0070044976, -0.006672315, -0.006500785, -0.0061468654, -0.005777263, -0.0053881346, -0.0051842444, -0.0047546956, -0.0043005836, -0.0040749554, -0.003696705, -0.0036036873
0, 0, 0, 0, 0, 0, 0, 0, 0, 0, 0, 0, 0, 0, 0, 0, 0, 0, 0, 0, 0, 0, 0, 0, 0, 0, 0, 0, 0, 0, -0.007411501, -0.006550485, -0.005586582, -0.005635494, -0.006122376, -0.006413263, -0.006993655, -0.00753315, -0.007785465, -0.008259723, -0.008700902, -0.008911483, -0.009315811, -0.009700755, -0.010068282, -0.010245559, -0.010587387, -0.010911714, -0.011067418, -0.011366239, -0.011649101, -0.011917371, -0.012046148, -0.012293552, -0.012528018, -0.012640416, -0.012855512, -0.013058109, -0.013154719, -0.013338972, -0.013512342, -0.013676086, -0.013754528, -0.013905339, -0.01404723, -0.014114476, -0.01424085, -0.014355029, -0.0144560635, -0.014501631, -0.014583426, -0.01465407, -0.014685965, -0.014743847, -0.01479505, -0.014839602, -0.014859222, -0.014891948, -0.014915097, -0.014922863, -0.014930329, -0.014927881, -0.014923505, -0.01490932, -0.014889247, -0.014863755, -0.0148489475, -0.014814186, -0.014771142, -0.014746025, -0.014687907, -0.0146192005, -0.014541181, -0.014499275, -0.014411105, -0.014318645, -0.014271037, -0.014173104, -0.014069843, -0.014015742, -0.013900964, -0.013776807, -0.01364347, -0.01357376, -0.013430091, -0.013282839, -0.013208572, -0.0130596245, -0.012909293, -0.012755567, -0.012676538, -0.012512244, -0.012338083, -0.012247272, -0.012058184, -0.011861187, -0.011760725, -0.01155781, -0.011354226, -0.011150999, -0.011049262, -0.01084373, -0.010632911, -0.010524595, -0.010300797, -0.010066899, -0.0098237265, -0.009699089, -0.009445535, -0.009188225, -0.0090586115, -0.008797524, -0.008532524, -0.008397873, -0.008122389, -0.007836431, -0.007537811, -0.007383364, -0.007063667, -0.0067297714, -0.006557525, -0.006202496, -0.0058313455, -0.005439959, -0.005234678, -0.0048013963, -0.004342818, -0.004114812, -0.0037324396, -0.003638359
0, 0, 0, 0, 0, 0, 0, 0, 0, 0, 0, 0, 0, 0, 0, 0, 0, 0, 0, 0, 0, 0, 0, 0, 0, 0, 0, 0, 0, 0, 0, -0.006321734, -0.0053117056, -0.0053413035, -0.005838012, -0.006135288, -0.006725002, -0.007270584, -0.0075256852, -0.008006579, -0.00845726, -0.008674147, -0.009093262, -0.009495189, -0.009880095, -0.01006571, -0.010422867, -0.010760154, -0.010921724, -0.011231437, -0.011525689, -0.0118067665, -0.01194294, -0.012207276, -0.0124606155, -0.012582999, -0.012818021, -0.013039167, -0.013144254, -0.013343537, -0.013529404, -0.0137042, -0.013788038, -0.013949568, -0.014102954, -0.0141765, -0.014315967, -0.014444137, -0.014559187, -0.0146117555, -0.014706904, -0.014790497, -0.014828621, -0.014898976, -0.01496273, -0.015019813, -0.015045569, -0.0150898555, -0.015122883, -0.015134655, -0.015147885, -0.015148712, -0.0151449805, -0.015131203, -0.01511122, -0.015086875, -0.015073195, -0.015042118, -0.015004484, -0.0149823725, -0.014930129, -0.014866019, -0.014790192, -0.014748198, -0.0146576045, -0.014560813, -0.014510577, -0.014407369, -0.014300214, -0.01424484, -0.014129254, -0.014006119, -0.013874244, -0.013805034, -0.013660723, -0.013509953, -0.013432579, -0.01327509, -0.013113972, -0.012948878, -0.012864223, -0.012690336, -0.0125087965, -0.012415048, -0.012221708, -0.012021625, -0.011919459, -0.011712408, -0.011502877, -0.0112919, -0.0111856675, -0.010970882, -0.01075124, -0.010639059, -0.010408939, -0.010170828, -0.009925209, -0.009799874, -0.009544879, -0.0092854705, -0.009154259, -0.008888538, -0.008617668, -0.008479696, -0.008197698, -0.007906065, -0.0076034837, -0.00744772, -0.007127062, -0.0067934594, -0.006621586, -0.006266645, -0.0058942507, -0.00549952, -0.0052918205, -0.0048524984, -0.0043866728, -0.004155066, -0.0037666005, -0.0036704913
0, 0, 0, 0, 0, 0, 0, 0, 0, 0, 0, 0, 0, 0, 0, 0, 0, 0, 0, 0, 0, 0, 0, 0, 0, 0, 0, 0, 0, 0, 0, 0, -0.0054696403, -0.0053548063, -0.005678101, -0.0059228246, -0.00645956, -0.0069922204, -0.0072484785, -0.007739481, -0.008206345, -0.008432232, -0.008870465, -0.0092911115, -0.009693152, -0.009886513, -0.010257587, -0.0106071085, -0.0107745025, -0.011096223, -0.011403918, -0.011700872, -0.011846162, -0.0121303, -0.012405174, -0.012538454, -0.012794629, -0.01303484, -0.013148365, -0.013362735, -0.013561482, -0.013747584, -0.013837262, -0.014010349, -0.014176215, -0.01425629, -0.014409454, -0.014551159, -0.014679371, -0.0147382375, -0.014845306, -0.0149399685, -0.014983472, -0.015064649, -0.01513938, -0.015207907, -0.015239162, -0.015294416, -0.015337079, -0.015352738, -0.01537215, -0.015376362, -0.01537331, -0.015359675, -0.015338726, -0.015313667, -0.015299995, -0.015269872, -0.01523452, -0.015213882, -0.0151645895, -0.015102775, -0.015027652, -0.014985225, -0.014892496, -0.014791741, -0.014739463, -0.014632291, -0.014522527, -0.01446636, -0.014350845, -0.014228742, -0.014097959, -0.0140288165, -0.013882519, -0.013726438, -0.01364516, -0.013477546, -0.013305083, -0.013128927, -0.013039619, -0.01285815, -0.012672128, -0.01257709, -0.012382762, -0.012182316, -0.01207977, -0.011870344, -0.011655794, -0.011437, -0.01132611, -0.011101567, -0.010872789, -0.010756717, -0.010520869, -0.010279778, -0.010033282, -0.009908002, -0.009653198, -0.009392665, -0.009260204, -0.008990536, -0.008714034, -0.008572949, -0.008284713, -0.00798775, -0.0076814517, -0.007524629, -0.007202942, -0.0068693883, -0.006697546, -0.006341854, -0.0059668156, -0.005567296, -0.0053564333, -0.004909676, -0.0044355923, -0.0041999477, -0.003804891, -0.003706423
0, 0, 0, 0, 0, 0, 0, 0, 0, 0, 0, 0, 0, 0, 0, 0, 0, 0, 0, 0, 0, 0, 0, 0, 0, 0, 0, 0, 0, 0, 0, 0, -0.0067440486, -0.005651615, -0.0055420194, -0.0056902734, -0.0061533675, -0.0066843093, -0.0069494634, -0.00746469, -0.007957516, -0.008195883, -0.008657413, -0.009098635, -0.009518176, -0.00971949, -0.010104988, -0.0104683535, -0.010642566, -0.010978524, -0.0113017205, -0.011615749, -0.011770083, -0.01207346, -0.012368004, -0.012510983, -0.012785674, -0.0130427275, -0.013164079, -0.01339274, -0.013605129, -0.013804806, -0.013901236, -0.0140886, -0.014269509, -0.0143569745, -0.014524865, -0.014680266, -0.014820463, -0.014884682, -0.015001346, -0.015104123, -0.015151356, -0.015239609, -0.015321661, -0.01539779, -0.015432974, -0.015496209, -0.015546737, -0.01556626, -0.01559272, -0.015602278, -0.015601298, -0.015590329, -0.01557049, -0.01554535, -0.015531402, -0.015500464, -0.015464217, -0.015443179, -0.015393116, -0.015330593, -0.015254473, -0.015211437, -0.015116934, -0.015014087, -0.0149606615, -0.01485106, -0.014739088, -0.014681936, -0.014564406, -0.014440384, -0.014307192, -0.014236494, -0.01408622, -0.013924365, -0.013839668, -0.013664568, -0.013484366, -0.01330155, -0.013209494, -0.013024048, -0.0128360465, -0.012740625, -0.012546009, -0.0123452535, -0.0122422185, -0.01203043, -0.011811317, -0.011585997, -0.011471413, -0.011239165, -0.011003592, -0.01088467, -0.0106445495, -0.010401276, -0.010153857, -0.010028286, -0.009772722, -0.0095104, -0.009376582, -0.009103138, -0.008822094, -0.008678674, -0.008385839, -0.008084959, -0.0077754576, -0.0076173525, -0.0072934004, -0.006957598, -0.006784409, -0.0064253397, -0.006045738, -0.0056405147, -0.005426412, -0.0049728006, -0.004491743, -0.0042526657, -0.0038519115, -0.003751876
0, 0, 0, 0, 0, 0, 0, 0, 0, 0, 0, 0, 0, 0, 0, 0, 0, 0, 0, 0, 0, 0, 0, 0, 0, 0, 0, 0, 0, 0, 0, 0, -0.0070733684, -0.005620497, -0.0052347137, -0.0053354064, -0.005793377, -0.00636193, -0.0066485708, -0.007203541, -0.007729501, -0.007982311, -0.008468728, -0.008931024, -0.009369429, -0.009579358, -0.009981572, -0.010361322, -0.010543522, -0.010895598, -0.011234927, -0.011564842, -0.01172714, -0.012045739, -0.012354912, -0.012504751, -0.012792928, -0.0130631365, -0.01319119, -0.013433308, -0.01365993, -0.013874962, -0.013979126, -0.014182388, -0.014378744, -0.0144738015, -0.014655745, -0.014823722, -0.014974759, -0.015043554, -0.015167888, -0.015276729, -0.015326661, -0.015419223, -0.015504871, -0.015584429, -0.015621422, -0.015688539, -0.015743958, -0.015766382, -0.015799385, -0.015816009, -0.015818592, -0.01581388, -0.01579866, -0.015776003, -0.01576246, -0.015731057, -0.015692549, -0.015670095, -0.015617266, -0.015552619, -0.015475233, -0.015432014, -0.015337602, -0.015234775, -0.015181163, -0.015070669, -0.01495633, -0.014897441, -0.014775488, -0.014646165, -0.014507473, -0.014434182, -0.0142792165, -0.014113756, -0.014027694, -0.01385038, -0.0136686135, -0.013484529, -0.0133919185, -0.013205147, -0.013015561, -0.012919226, -0.0127224205, -0.01251873, -0.01241405, -0.012198472, -0.011975152, -0.011745562, -0.011628928, -0.011393006, -0.011154307, -0.011033975, -0.0107914535, -0.010545719, -0.0102957, -0.010168607, -0.009909444, -0.009643226, -0.009507178, -0.009229653, -0.008944898, -0.008799865, -0.008504207, -0.008200599, -0.00788814, -0.0077282046, -0.007399856, -0.00705856, -0.0068823206, -0.0065167486, -0.006130448, -0.0057189213, -0.005501958, -0.005043059, -0.0045569963, -0.0043154377, -0.003910587, -0.0038100842
0, 0, 0, 0, 0, 0, 0, 0, 0, 0, 0, 0, 0, 0, 0, 0, 0, 0, 0, 0, 0, 0, 0, 0, 0, 0, 0, 0, 0, 0, 0, 0, 0, -0.0053568943, -0.0049048415, -0.0050035217, -0.00548648, -0.0060957605, -0.006403313, -0.0069958568, -0.007552034, -0.007817167, -0.008324687, -0.008805321, -0.009261035, -0.009479731, -0.009899686, -0.010296758, -0.010487477, -0.010855738, -0.011209637, -0.011552961, -0.011721173, -0.012050583, -0.012369502, -0.012523823, -0.012821154, -0.013101619, -0.013235261, -0.0134899365, -0.013730402, -0.013959743, -0.014070973, -0.014287771, -0.014496471, -0.014597073, -0.01478928, -0.014966458, -0.015126011, -0.015198781, -0.015330438, -0.015445929, -0.015498581, -0.015595518, -0.01568396, -0.015764488, -0.015801895, -0.015869454, -0.01592623, -0.015950011, -0.015987342, -0.016010715, -0.016017215, -0.016020337, -0.016012143, -0.015994525, -0.015982492, -0.015951877, -0.015912334, -0.015888767, -0.015833877, -0.015768133, -0.015691396, -0.01564909, -0.015557282, -0.015457314, -0.0154048, -0.015294974, -0.015178976, -0.015118378, -0.014991612, -0.014856547, -0.014712638, -0.014637228, -0.014480026, -0.014314963, -0.014229904, -0.01405585, -0.013877712, -0.01369607, -0.013604044, -0.013416916, -0.013224769, -0.013126428, -0.012924611, -0.012715507, -0.012608107, -0.012387975, -0.012161585, -0.011930563, -0.011813665, -0.011577959, -0.011339268, -0.011218788, -0.010974825, -0.010725909, -0.01047087, -0.010340799, -0.010075232, -0.009802569, -0.009663584, -0.009380969, -0.009092536, -0.00894605, -0.008647969, -0.008341762, -0.008025538, -0.007863052, -0.007528188, -0.007178389, -0.0069974987, -0.0066224146, -0.0062275245, -0.0058087925, -0.005588809, -0.0051248516, -0.004634175, -0.004390336, -0.0039814794, -0.0038806854
0, 0, 0, 0, 0, 0, 0, 0, 0, 0, 0, 0, 0, 0, 0, 0, 0, 0, 0, 0, 0, 0, 0, 0, 0, 0, 0, 0, 0, 0, 0, 0, 0, -0.0052431915, -0.0049530095, -0.0049776277, -0.0053576874, -0.00594715, -0.0062604356, -0.00687202, -0.0074453466, -0.007717418, -0.008236981, -0.008728848, -0.009196921, -0.009422705, -0.009857172, -0.010269295, -0.01046741, -0.010849891, -0.011216909, -0.011571333, -0.011744522, -0.012082677, -0.012409141, -0.012567194, -0.01287268, -0.013162565, -0.013301305, -0.013567561, -0.013819805, -0.014060053, -0.014176024, -0.014400896, -0.014615221, -0.014718073, -0.014913739, -0.015094857, -0.015259679, -0.015335794, -0.015475213, -0.015599004, -0.015655618, -0.015759533, -0.015852418, -0.015934842, -0.015972229, -0.01603895, -0.016094668, -0.01611838, -0.016157316, -0.016184699, -0.016194023, -0.016204126, -0.01620292, -0.016191166, -0.016181225, -0.016153293, -0.016114427, -0.016090987, -0.016036341, -0.015972072, -0.01589859, -0.015858578, -0.015772121, -0.015677478, -0.01562704, -0.015520202, -0.015404862, -0.015343803, -0.0152151, -0.015077666, -0.014932258, -0.014856858, -0.0147015285, -0.014540694, -0.014458551, -0.014290671, -0.014118213, -0.013940412, -0.0138492, -0.013661588, -0.013466557, -0.013366039, -0.013159188, -0.012945136, -0.01283565, -0.012612764, -0.012385718, -0.012155835, -0.012039963, -0.011806472, -0.011569187, -0.011448735, -0.011203173, -0.010950192, -0.010689059, -0.010555381, -0.010282051, -0.010001798, -0.009859455, -0.009571019, -0.009277909, -0.009129449, -0.008827604, -0.008517311, -0.008195722, -0.008029814, -0.0076863966, -0.0073264777, -0.0071399887, -0.0067535904, -0.006348005, -0.0059199366, -0.0056958, -0.005223988, -0.004725865, -0.0044783545, -0.0040629017, -0.0039603245
0, 0, 0, 0, 0, 0, 0, 0, 0, 0, 0, 0, 0, 0, 0, 0, 0, 0, 0, 0, 0, 0, 0, 0, 0, 0, 0, 0, 0, 0, 0, 0, 0, -0.0070079505, -0.0055773645, -0.005278308, -0.0053723943, -0.005897983, -0.0062067294, -0.006821262, -0.007398001, -0.007670979, -0.008192365, -0.008687881, -0.009162568, -0.00939243, -0.009836628, -0.010259892, -0.010463968, -0.010858362, -0.01123703, -0.011602801, -0.011781077, -0.012128583, -0.012463804, -0.012626429, -0.012941043, -0.01324073, -0.013384682, -0.013661063, -0.013922111, -0.0141691975, -0.014287579, -0.01451452, -0.014728428, -0.0148303695, -0.015023951, -0.015204228, -0.015371028, -0.015449446, -0.015595738, -0.01572859, -0.015790036, -0.01590281, -0.016002472, -0.016088657, -0.016126769, -0.016193403, -0.01624799, -0.016271073, -0.016309902, -0.01633907, -0.016350055, -0.016364528, -0.016368788, -0.016362146, -0.016354373, -0.016330265, -0.016294202, -0.016272034, -0.016220277, -0.016159937, -0.016091729, -0.016054729, -0.01597515, -0.015887203, -0.01583985, -0.015738249, -0.015626848, -0.015567411, -0.015441472, -0.015306901, -0.015165367, -0.015092372, -0.014942723, -0.014788299, -0.014709462, -0.014547848, -0.01438027, -0.01420566, -0.014115244, -0.013928042, -0.013732253, -0.013631135, -0.01342326, -0.013208958, -0.013099816, -0.012878279, -0.012653545, -0.012426334, -0.012311631, -0.012079549, -0.01184241, -0.011721396, -0.011473324, -0.011216284, -0.010949647, -0.010812864, -0.010533146, -0.010246256, -0.010100681, -0.009806091, -0.009506934, -0.009355384, -0.00904723, -0.008730058, -0.008400905, -0.008230748, -0.007877819, -0.007507198, -0.0073149516, -0.0069166375, -0.006498917, -0.0060584904, -0.0058280905, -0.0053434963, -0.0048322803, -0.004578245, -0.0041515394, -0.0040445887
0, 0, 0, 0, 0, 0, 0, 0, 0, 0, 0, 0, 0, 0, 0, 0, 0, 0, 0, 0, 0, 0, 0, 0, 0, 0, 0, 0, 0, 0, 0, 0, 0, 0, -0.005811345, -0.005427387, -0.0054189586, -0.0058999825, -0.0061959927, -0.0067941733, -0.0073619094, -0.007632545, -0.008152725, -0.008651017, -0.0091308355, -0.009363756, -0.0098156985, -0.010248518, -0.010457838, -0.010864091, -0.011255267, -0.01163325, -0.01181728, -0.012175779, -0.012520904, -0.0126883285, -0.0130122425, -0.0133206975, -0.013469112, -0.013752862, -0.014020082, -0.01427102, -0.01439032, -0.014617173, -0.014828452, -0.014928495, -0.015118277, -0.015295643, -0.015462227, -0.015541732, -0.015692575, -0.015832277, -0.015897514, -0.016018188, -0.016124416, -0.016215276, -0.016254928, -0.016323421, -0.016378982, -0.016402446, -0.016442182, -0.016473228, -0.016485453, -0.016503386, -0.016511753, -0.016509369, -0.016503846, -0.016484078, -0.016452737, -0.016433131, -0.016386742, -0.016332503, -0.016270695, -0.016237224, -0.016164515, -0.016083559, -0.016039673, -0.015944757, -0.01583993, -0.015783906, -0.015665203, -0.015538577, -0.015405208, -0.015336366, -0.015194515, -0.015046917, -0.014970871, -0.014813784, -0.014649462, -0.01447715, -0.014387863, -0.01420334, -0.014011117, -0.01391239, -0.01371008, -0.013501893, -0.01339582, -0.01318003, -0.012959509, -0.012734314, -0.012619855, -0.012386485, -0.012146673, -0.012023959, -0.011772442, -0.011512061, -0.011242261, -0.011103802, -0.010820363, -0.010528908, -0.010380727, -0.010079875, -0.009773072, -0.009617173, -0.009299566, -0.008972543, -0.008633357, -0.008458265, -0.0080955215, -0.0077146576, -0.007517099, -0.007107332, -0.006676607, -0.006221356, -0.005982797, -0.005480446, -0.0049503874, -0.004687077, -0.0042443704, -0.004130239
0, 0, 0, 0, 0, 0, 0, 0, 0, 0, 0, 0, 0, 0, 0, 0, 0, 0, 0, 0, 0, 0, 0, 0, 0, 0, 0, 0, 0, 0, 0, 0, 0, 0, -0.006012994, -0.00580556, -0.0056408346, -0.0059359893, -0.0061761946, -0.0067188344, -0.007273761, -0.007545924, -0.008075688, -0.008586683, -0.009078892, -0.009317849, -0.0097821755, -0.010227825, -0.010444232, -0.010864826, -0.011270522, -0.011661676, -0.011851588, -0.012219932, -0.0125727, -0.012743209, -0.013072362, -0.013385175, -0.013535473, -0.013822851, -0.014093404, -0.014346805, -0.014467034, -0.014694729, -0.014905437, -0.01500485, -0.015193043, -0.015368862, -0.015534662, -0.015614162, -0.015766336, -0.015908511, -0.015975364, -0.016099473, -0.016209245, -0.01630394, -0.016345538, -0.016417967, -0.016477702, -0.016503444, -0.01654785, -0.016583519, -0.016598225, -0.016620927, -0.01663402, -0.016636504, -0.016633598, -0.016619558, -0.016594863, -0.016579017, -0.01654062, -0.01649433, -0.016440602, -0.016410908, -0.016345488, -0.016271645, -0.016231386, -0.016143875, -0.01604719, -0.015995711, -0.015886826, -0.015770901, -0.015648508, -0.01558473, -0.015451805, -0.015311014, -0.015237462, -0.015084047, -0.014922376, -0.0147529505, -0.014665642, -0.014486424, -0.014302168, -0.014208116, -0.014016128, -0.013818101, -0.013716611, -0.013508092, -0.013291421, -0.013066408, -0.012950817, -0.012713478, -0.012468561, -0.012343464, -0.012088141, -0.011825382, -0.011554492, -0.011415561, -0.011130651, -0.01083644, -0.010685959, -0.010378561, -0.010062526, -0.009901154, -0.009571517, -0.009231858, -0.008880702, -0.008700093, -0.008326998, -0.007936297, -0.0077337576, -0.0073132175, -0.00686938, -0.006398272, -0.006150606, -0.005628021, -0.0050759693, -0.0048017977, -0.004340224, -0.0042174594
0, 0, 0, 0, 0, 0, 0, 0, 0, 0, 0, 0, 0, 0, 0, 0, 0, 0, 0, 0, 0, 0, 0, 0, 0, 0, 0, 0, 0, 0, 0, 0, 0, 0, -0.008165205, -0.007223796, -0.0060337624, -0.0058916383, -0.006040589, -0.00652616, -0.0070953486, -0.007383225, -0.007946608, -0.008487517, -0.009004877, -0.009255119, -0.009739895, -0.010204923, -0.010430708, -0.010869099, -0.011290356, -0.011693244, -0.011887538, -0.012261561, -0.0126162125, -0.012786214, -0.01311341, -0.013423669, -0.013572832, -0.013859353, -0.01413024, -0.014385309, -0.014506756, -0.014736911, -0.014950042, -0.015050459, -0.015240041, -0.015417028, -0.01558284, -0.015662141, -0.015813213, -0.01595401, -0.016020501, -0.016143953, -0.01625441, -0.016351268, -0.016394733, -0.0164725, -0.01653942, -0.016569294, -0.016622363, -0.016666776, -0.016685639, -0.016716136, -0.016736234, -0.016745433, -0.016746132, -0.016739588, -0.016723866, -0.016712783, -0.016684838, -0.016649516, -0.016606245, -0.016581314, -0.016524937, -0.016459567, -0.01642332, -0.016344253, -0.016256653, -0.016210245, -0.01611221, -0.016008109, -0.015897403, -0.015839279, -0.015716283, -0.015583364, -0.015513092, -0.015365117, -0.015208072, -0.0150437215, -0.014959359, -0.014787612, -0.014612403, -0.014523454, -0.014341844, -0.014153279, -0.014055616, -0.013852421, -0.013637655, -0.013411257, -0.013293934, -0.0130520165, -0.012802177, -0.012674822, -0.012416062, -0.012151581, -0.011879923, -0.011740736, -0.011454607, -0.011157313, -0.011004301, -0.010689613, -0.010363267, -0.010195863, -0.009852913, -0.009499395, -0.009134946, -0.00894815, -0.0085637225, -0.008162451, -0.007954621, -0.0075227744, -0.007065872, -0.006578924, -0.006322249, -0.005779723, -0.0052059204, -0.004920869, -0.004440504, -0.004308903
0, 0, 0, 0, 0, 0, 0, 0, 0, 0, 0, 0, 0, 0, 0, 0, 0, 0, 0, 0, 0, 0, 0, 0, 0, 0, 0, 0, 0, 0, 0, 0, 0, 0, 0, -0.007567985, -0.006018096, -0.0056101256, -0.0057222447, -0.0062277396, -0.006857306, -0.0071755755, -0.0077926223, -0.0083757015, -0.008926711, -0.009191346, -0.009702082, -0.010190188, -0.010426169, -0.010882325, -0.011316558, -0.011726931, -0.011922632, -0.012295843, -0.01264561, -0.012812251, -0.013131455, -0.01343426, -0.013580343, -0.013862278, -0.014131452, -0.014386921, -0.014508914, -0.014740865, -0.014956622, -0.015058373, -0.015250859, -0.0154301245, -0.015597442, -0.015676886, -0.015827684, -0.01596753, -0.016033133, -0.016155703, -0.016266158, -0.016365152, -0.016410617, -0.016494488, -0.016569957, -0.016604751, -0.016668625, -0.016724147, -0.016748413, -0.016789122, -0.01681883, -0.016837152, -0.016842268, -0.016845174, -0.016839873, -0.01683452, -0.016819118, -0.01679678, -0.016766543, -0.01674809, -0.016703859, -0.016649704, -0.016618775, -0.016550021, -0.016472884, -0.016431725, -0.016344776, -0.016252205, -0.01615328, -0.016100954, -0.015989125, -0.01586661, -0.015801167, -0.015662441, -0.015513859, -0.015357318, -0.015276866, -0.015112612, -0.014944723, -0.0148591725, -0.014683729, -0.014499901, -0.014404008, -0.014202731, -0.013988225, -0.013760858, -0.013642661, -0.013398682, -0.013146447, -0.013017893, -0.012756815, -0.012490255, -0.012216261, -0.012075719, -0.011786177, -0.011483801, -0.011327517, -0.011004535, -0.010668057, -0.010494884, -0.010139418, -0.009772681, -0.00939475, -0.009201216, -0.008803679, -0.008389699, -0.008175488, -0.0077305348, -0.0072595114, -0.006757069, -0.006492074, -0.0059315506, -0.005338501, -0.005043818, -0.0045463205, -0.0044067805
0, 0, 0, 0, 0, 0, 0, 0, 0, 0, 0, 0, 0, 0, 0, 0, 0, 0, 0, 0, 0, 0, 0, 0, 0, 0, 0, 0, 0, 0, 0, 0, 0, 0, 0, 0, -0.005758044, -0.0052969437, -0.005415211, -0.0059622615, -0.006647659, -0.006993533, -0.0076594865, -0.008281909, -0.008864147, -0.009142385, -0.009676459, -0.010183817, -0.010427734, -0.010895751, -0.011336215, -0.011747029, -0.011941276, -0.0123081785, -0.012649391, -0.012811591, -0.013122097, -0.013417393, -0.013560563, -0.013838235, -0.014104952, -0.014358871, -0.014480077, -0.014711205, -0.014926433, -0.015028434, -0.015222271, -0.015403924, -0.015574122, -0.015655247, -0.015809357, -0.015952619, -0.016019812, -0.016145218, -0.016259033, -0.016361807, -0.016409732, -0.016499829, -0.016583437, -0.01662291, -0.016697079, -0.016763436, -0.016793238, -0.01684499, -0.01688536, -0.016914228, -0.016924525, -0.01693799, -0.016943663, -0.016944291, -0.016941642, -0.016933098, -0.016917614, -0.01690661, -0.016877167, -0.016837062, -0.016812904, -0.01675698, -0.01669163, -0.016656011, -0.016579961, -0.016498143, -0.016410114, -0.016363297, -0.016263397, -0.016153254, -0.016094135, -0.015967734, -0.01583092, -0.015684497, -0.015608267, -0.015450444, -0.015286423, -0.015201965, -0.0150275, -0.014843644, -0.014747537, -0.014546217, -0.014332329, -0.0141063705, -0.013989202, -0.013747099, -0.013496007, -0.013367514, -0.013105038, -0.012835076, -0.012556081, -0.012412556, -0.012116259, -0.011806338, -0.01164602, -0.011314742, -0.010969429, -0.0107916305, -0.010426327, -0.0100484565, -0.009657958, -0.009457523, -0.009045586, -0.008616308, -0.008394274, -0.007933679, -0.0074472344, -0.006929296, -0.006656481, -0.0060802074, -0.0054707406, -0.0051677814, -0.0046555013, -0.0045092674
0, 0, 0, 0, 0, 0, 0, 0, 0, 0, 0, 0, 0, 0, 0, 0, 0, 0, 0, 0, 0, 0, 0, 0, 0, 0, 0, 0, 0, 0, 0, 0, 0, 0, 0, 0, -0.005695031, -0.0053911824, -0.0054266327, -0.0058600646, -0.0065254597, -0.00687927, -0.0075708707, -0.008218938, -0.008821795, -0.009108375, -0.009656124, -0.01017256, -0.010419596, -0.010889511, -0.01132717, -0.011731497, -0.011921766, -0.012280366, -0.012613831, -0.01277283, -0.013078603, -0.0133717125, -0.013514088, -0.013791201, -0.014056782, -0.014308118, -0.014427967, -0.014655415, -0.014867241, -0.014968095, -0.015160893, -0.015344254, -0.015519246, -0.015603843, -0.01576626, -0.015918743, -0.015990613, -0.016125271, -0.01624691, -0.016356796, -0.016407909, -0.016504409, -0.01659499, -0.016638156, -0.016720599, -0.016796054, -0.016830975, -0.016893273, -0.016944664, -0.016984623, -0.017000362, -0.017024681, -0.017041212, -0.017047288, -0.017055944, -0.017059943, -0.017058061, -0.017054418, -0.01704004, -0.017015355, -0.016998636, -0.016956743, -0.0169039, -0.016873956, -0.016808145, -0.016735641, -0.016656836, -0.016614962, -0.016525578, -0.016427448, -0.016374813, -0.016261518, -0.01613696, -0.01600071, -0.015928375, -0.01577582, -0.015613416, -0.015528735, -0.015352622, -0.015166936, -0.015070263, -0.014869289, -0.014657791, -0.014435926, -0.014321167, -0.014083779, -0.0138357375, -0.013707705, -0.013443672, -0.0131687, -0.012882279, -0.012734458, -0.012429007, -0.012110376, -0.011946032, -0.011607478, -0.011255716, -0.011074783, -0.010702631, -0.010316248, -0.009914666, -0.009707783, -0.009280963, -0.008835393, -0.008605005, -0.008127645, -0.007625024, -0.007091798, -0.006811685, -0.0062209996, -0.005597173, -0.0052869306, -0.004761518, -0.004609554
0, 0, 0, 0, 0, 0, 0, 0, 0, 0, 0, 0, 0, 0, 0, 0, 0, 0, 0, 0, 0, 0, 0, 0, 0, 0, 0, 0, 0, 0, 0, 0, 0, 0, 0, 0, -0.007639745, -0.006077175, -0.0057537365, -0.0058685835, -0.006463075, -0.006813277, -0.007514716, -0.008174299, -0.008784761, -0.009073533, -0.009622662, -0.010136299, -0.010380537, -0.010843023, -0.011270902, -0.011665246, -0.011850949, -0.01220237, -0.012531715, -0.01269012, -0.012997371, -0.013293788, -0.013438463, -0.013719305, -0.013987142, -0.01423861, -0.014357431, -0.014582096, -0.0147909755, -0.014890754, -0.015082976, -0.0152687095, -0.015449672, -0.0155386925, -0.015712447, -0.015878126, -0.015956989, -0.016104607, -0.016238045, -0.016357591, -0.016412904, -0.016516643, -0.016613595, -0.016660051, -0.016749492, -0.016833462, -0.016872931, -0.016945744, -0.017008593, -0.01706023, -0.017081823, -0.017117191, -0.017143894, -0.017154764, -0.01717257, -0.01718623, -0.01719486, -0.017196944, -0.01719522, -0.017183943, -0.017174032, -0.017145269, -0.01710462, -0.017079888, -0.017023245, -0.01695821, -0.016886381, -0.016848015, -0.01676633, -0.016677087, -0.01662919, -0.016525937, -0.016411163, -0.01628338, -0.01621432, -0.016066348, -0.015905827, -0.01582123, -0.015644446, -0.015458227, -0.015361899, -0.015162812, -0.014954875, -0.014737609, -0.014625073, -0.014391601, -0.014145289, -0.014017017, -0.013749972, -0.0134688495, -0.013174076, -0.013021774, -0.012707466, -0.012381155, -0.012213608, -0.011869465, -0.011513188, -0.011330055, -0.010952787, -0.0105593605, -0.010148194, -0.0099354675, -0.009495349, -0.00903511, -0.008797163, -0.008304616, -0.007787215, -0.007240046, -0.0069531165, -0.006348938, -0.0057113916, -0.0053943046, -0.0048566787, -0.004699389
0, 0, 0, 0, 0, 0, 0, 0, 0, 0, 0, 0, 0, 0, 0, 0, 0, 0, 0, 0, 0, 0, 0, 0, 0, 0, 0, 0, 0, 0, 0, 0, 0, 0, 0, 0, 0, -0.0062914644, -0.0058713076, -0.0058740936, -0.0064263223, -0.006768267, -0.007463397, -0.008121778, -0.008729668, -0.009015781, -0.009556564, -0.010058899, -0.010296717, -0.010746561, -0.011163151, -0.011548487, -0.011731159, -0.012078809, -0.012408404, -0.012568077, -0.01288007, -0.013183402, -0.013331666, -0.013620076, -0.013894138, -0.014150568, -0.014271666, -0.014499702, -0.014711172, -0.014812388, -0.015007856, -0.0151983965, -0.015386708, -0.015480274, -0.015664874, -0.01584322, -0.015928652, -0.016089741, -0.016235797, -0.016366675, -0.016426891, -0.016539138, -0.016643494, -0.01669365, -0.016790615, -0.016883563, -0.016928108, -0.017012239, -0.017087502, -0.017151807, -0.017179515, -0.017226458, -0.017263005, -0.017278116, -0.017303424, -0.01732357, -0.017339017, -0.017344741, -0.01735139, -0.01734977, -0.017345073, -0.017326785, -0.017296016, -0.017275961, -0.017227115, -0.017168097, -0.017100642, -0.017064333, -0.016986627, -0.0169018, -0.016856365, -0.01675818, -0.016648872, -0.016526489, -0.016460046, -0.016316375, -0.016158937, -0.016075509, -0.01590057, -0.015716141, -0.015620804, -0.015423995, -0.015218494, -0.015003041, -0.014891013, -0.01465719, -0.014408944, -0.014278937, -0.014006999, -0.013719528, -0.013417681, -0.01326196, -0.012941645, -0.012610351, -0.0124406265, -0.012092567, -0.011732103, -0.011546629, -0.011163813, -0.010763187, -0.010343126, -0.010125538, -0.009674981, -0.0092040105, -0.008960695, -0.008457385, -0.007929078, -0.007370444, -0.007077517, -0.0064606583, -0.005809653, -0.0054857517, -0.0049360367, -0.004773439
0, 0, 0, 0, 0, 0, 0, 0, 0, 0, 0, 0, 0, 0, 0, 0, 0, 0, 0, 0, 0, 0, 0, 0, 0, 0, 0, 0, 0, 0, 0, 0, 0, 0, 0, 0, 0, -0.008722775, -0.007742096, -0.0065259123, -0.0064438586, -0.006641944, -0.0072286422, -0.007870779, -0.008470962, -0.008749287, -0.009267556, -0.009746834, -0.009975119, -0.010412373, -0.010826062, -0.011216373, -0.011403256, -0.011761565, -0.012102502, -0.012267578, -0.012590701, -0.012906626, -0.013062151, -0.013368368, -0.01366531, -0.01394966, -0.014086289, -0.014347084, -0.01459078, -0.014706848, -0.014928959, -0.015141345, -0.015347257, -0.015448579, -0.015647512, -0.015840722, -0.01593439, -0.01611409, -0.016281975, -0.016436543, -0.016508868, -0.016643988, -0.016768977, -0.016828615, -0.016944032, -0.017055321, -0.017109575, -0.017214168, -0.017311282, -0.017398523, -0.017437926, -0.017506901, -0.017562589, -0.017585726, -0.017623618, -0.01765257, -0.017674519, -0.017683279, -0.017696165, -0.01770203, -0.01770174, -0.01769398, -0.017674854, -0.01766058, -0.017622171, -0.017570859, -0.017508097, -0.017472956, -0.017396005, -0.017310705, -0.017264722, -0.017165575, -0.017056117, -0.016935224, -0.016870277, -0.016730638, -0.016577926, -0.016496707, -0.016325148, -0.016142687, -0.01604738, -0.0158487, -0.015637992, -0.015413903, -0.01529646, -0.0150504075, -0.014789403, -0.01465337, -0.014370601, -0.014074662, -0.013767327, -0.013609716, -0.013286784, -0.012952482, -0.012780425, -0.01242491, -0.01205291, -0.011860162, -0.011460738, -0.011042647, -0.010606331, -0.010381544, -0.009919335, -0.009439923, -0.009193155, -0.008682962, -0.008145802, -0.0075740037, -0.0072725657, -0.0066350596, -0.0059594736, -0.00562295, -0.0050508804, -0.004878028
0, 0, 0, 0, 0, 0, 0, 0, 0, 0, 0, 0, 0, 0, 0, 0, 0, 0, 0, 0, 0, 0, 0, 0, 0, 0, 0, 0, 0, 0, 0, 0, 0, 0, 0, 0, 0, 0, -0.008211065, -0.0066464082, -0.0062825927, -0.0064328285, -0.007003233, -0.0076478175, -0.008240363, -0.008512556, -0.009021603, -0.009499447, -0.009730574, -0.010179804, -0.01061128, -0.011022198, -0.0112193525, -0.011596383, -0.011952419, -0.012124007, -0.012457527, -0.012782497, -0.01294313, -0.013260531, -0.013572276, -0.013875518, -0.014022843, -0.0143063525, -0.014573504, -0.01470054, -0.014942116, -0.0151696075, -0.015386364, -0.015491662, -0.015697226, -0.015896203, -0.01599317, -0.016181229, -0.016359903, -0.01652728, -0.01660638, -0.016754799, -0.016891416, -0.016956013, -0.017079335, -0.017196637, -0.01725318, -0.017362026, -0.017463725, -0.017556593, -0.017599082, -0.017675065, -0.017737739, -0.017764054, -0.017807102, -0.017839484, -0.01786322, -0.01787231, -0.017885149, -0.01789064, -0.017890226, -0.01788245, -0.017864011, -0.017850455, -0.01781351, -0.017763263, -0.01770077, -0.017665373, -0.017587112, -0.017499646, -0.017452393, -0.01735065, -0.017238192, -0.017114257, -0.017047867, -0.016905399, -0.016750008, -0.01666743, -0.016492756, -0.016306378, -0.01620898, -0.016005414, -0.01578912, -0.015559145, -0.015438618, -0.015186668, -0.014920524, -0.014782321, -0.014496197, -0.0141984485, -0.013890279, -0.013732433, -0.01340896, -0.013073186, -0.012899766, -0.012540124, -0.012162041, -0.0119657405, -0.011558676, -0.0111332, -0.010690841, -0.010463834, -0.009998571, -0.00951779, -0.009270852, -0.008760456, -0.008222094, -0.007647129, -0.007343189, -0.0066986685, -0.0060143196, -0.0056731594, -0.00509301, -0.004916523
0, 0, 0, 0, 0, 0, 0, 0, 0, 0, 0, 0, 0, 0, 0, 0, 0, 0, 0, 0, 0, 0, 0, 0, 0, 0, 0, 0, 0, 0, 0, 0, 0, 0, 0, 0, 0, 0, 0, -0.006676184, -0.0062275655, -0.006335417, -0.0068184445, -0.007389424, -0.0079363305, -0.008197172, -0.008701472, -0.009193022, -0.009435558, -0.009913136, -0.010376404, -0.0108197145, -0.01103229, -0.011438362, -0.0118197035, -0.012002462, -0.012355843, -0.0126981195, -0.012866636, -0.013199863, -0.013528276, -0.013849621, -0.014006616, -0.01431068, -0.0145986, -0.014735584, -0.01499546, -0.015238457, -0.015467436, -0.015577848, -0.015792442, -0.016000237, -0.01610184, -0.016300134, -0.016490627, -0.016671099, -0.016756596, -0.0169175, -0.017064286, -0.017132873, -0.017261783, -0.017381657, -0.017438674, -0.017547319, -0.017648859, -0.01774244, -0.017785858, -0.01786456, -0.017930714, -0.017958729, -0.018004976, -0.018039199, -0.018063227, -0.018072024, -0.018083388, -0.018086229, -0.01808448, -0.018073827, -0.018052706, -0.018037809, -0.017998375, -0.017945683, -0.017880462, -0.017843552, -0.01776209, -0.01767127, -0.017622339, -0.017516801, -0.017400287, -0.017271673, -0.01720261, -0.01705427, -0.016892267, -0.016806249, -0.01662458, -0.01643145, -0.016330872, -0.01612146, -0.015900599, -0.015667055, -0.015545104, -0.015290701, -0.015022275, -0.014882925, -0.014594475, -0.014294201, -0.013983147, -0.013823793, -0.0134971095, -0.013157959, -0.0129828565, -0.012619744, -0.012238102, -0.012039944, -0.011629271, -0.011200183, -0.010754664, -0.010526282, -0.010058655, -0.0095760105, -0.009328294, -0.00881653, -0.008276488, -0.007699138, -0.0073935394, -0.006744975, -0.006055642, -0.0057118325, -0.0051272213, -0.004949377
0, 0, 0, 0, 0, 0, 0, 0, 0, 0, 0, 0, 0, 0, 0, 0, 0, 0, 0, 0, 0, 0, 0, 0, 0, 0, 0, 0, 0, 0, 0, 0, 0, 0, 0, 0, 0, 0, 0, -0.007346413, -0.0068839816, -0.0067294966, -0.006744608, -0.007075095, -0.0075459555, -0.0078020324, -0.008328573, -0.00885967, -0.009123582, -0.009643628, -0.010147213, -0.010628816, -0.010859894, -0.011301282, -0.011716066, -0.011914842, -0.012297445, -0.012665707, -0.012845706, -0.013199579, -0.013545605, -0.013883156, -0.014047925, -0.014367386, -0.014671037, -0.014815858, -0.015091329, -0.015348625, -0.0155910095, -0.015707739, -0.015934123, -0.016153505, -0.016260725, -0.016470533, -0.0166725, -0.01686402, -0.01695493, -0.017125472, -0.017279781, -0.017351208, -0.017483588, -0.017604237, -0.017661003, -0.017768208, -0.017868116, -0.017960401, -0.018003467, -0.01808191, -0.018148448, -0.01817667, -0.018222824, -0.01825614, -0.018278236, -0.01828574, -0.018293876, -0.018292842, -0.018288942, -0.018273326, -0.018246677, -0.01822879, -0.018183034, -0.018123796, -0.018051723, -0.018011369, -0.017923392, -0.017826453, -0.017774599, -0.017663823, -0.017542101, -0.017407557, -0.017335083, -0.017179005, -0.017008182, -0.016917499, -0.016726697, -0.016525205, -0.016420888, -0.016205773, -0.015981385, -0.015746407, -0.015624282, -0.01536955, -0.015100115, -0.014959675, -0.014667846, -0.014362486, -0.014045282, -0.01388266, -0.013549627, -0.013205368, -0.013028409, -0.012663319, -0.012281287, -0.01208351, -0.011673688, -0.011245188, -0.010799373, -0.010570395, -0.01010073, -0.009615281, -0.009365983, -0.008850984, -0.008308395, -0.007729117, -0.007422803, -0.0067731435, -0.006082991, -0.005738735, -0.0051536593, -0.004976794
0, 0, 0, 0, 0, 0, 0, 0, 0, 0, 0, 0, 0, 0, 0, 0, 0, 0, 0, 0, 0, 0, 0, 0, 0, 0, 0, 0, 0, 0, 0, 0, 0, 0, 0, 0, 0, 0, 0, -0.010683673, -0.008608663, -0.0075713065, -0.006564588, -0.0066094566, -0.0070772367, -0.0073654274, -0.007967279, -0.008565254, -0.008857361, -0.009424506, -0.009966856, -0.010483481, -0.010731645, -0.011207894, -0.011658027, -0.011873904, -0.012289994, -0.012687835, -0.012880854, -0.013256563, -0.013619808, -0.013970863, -0.014141544, -0.014472599, -0.0147879105, -0.0149392625, -0.015228131, -0.015499563, -0.015755655, -0.015879055, -0.016118117, -0.016348904, -0.016461257, -0.016680729, -0.016891202, -0.0170903, -0.017184623, -0.017361311, -0.01752082, -0.01759422, -0.017729599, -0.01785203, -0.017909253, -0.018017089, -0.01811718, -0.018209461, -0.018252254, -0.018329792, -0.018394846, -0.018422093, -0.018465646, -0.018495614, -0.01851357, -0.018518515, -0.01852176, -0.018515924, -0.018509457, -0.018488485, -0.01845522, -0.018433552, -0.018379416, -0.018310746, -0.018228617, -0.018183274, -0.018085161, -0.017978778, -0.017922726, -0.017804334, -0.01767572, -0.017534368, -0.017458167, -0.017293883, -0.01711405, -0.017018624, -0.016818238, -0.016607804, -0.016499596, -0.016278176, -0.016049668, -0.015812477, -0.015689662, -0.015433585, -0.015161476, -0.015019089, -0.014721672, -0.014408948, -0.014083224, -0.013916293, -0.013575341, -0.013225451, -0.013046824, -0.012680658, -0.012300189, -0.012103742, -0.011697, -0.011271199, -0.010826475, -0.010597284, -0.010125854, -0.0096371565, -0.0093858475, -0.008867076, -0.008321718, -0.0077416217, -0.0074355802, -0.0067872987, -0.006099363, -0.005756389, -0.0051736855, -0.0049996935
0, 0, 0, 0, 0, 0, 0, 0, 0, 0, 0, 0, 0, 0, 0, 0, 0, 0, 0, 0, 0, 0, 0, 0, 0, 0, 0, 0, 0, 0, 0, 0, 0, 0, 0, 0, 0, 0, 0, 0, -0.010227526, -0.0077161035, -0.0059308084, -0.006027044, -0.006649413, -0.007006294, -0.0077146585, -0.008381977, -0.008698551, -0.009302148, -0.009871652, -0.010412738, -0.010673571, -0.011177301, -0.011657084, -0.011888218, -0.012333252, -0.012756904, -0.012961248, -0.013355984, -0.013733923, -0.014096415, -0.014272523, -0.014613797, -0.0149402665, -0.015097787, -0.015399997, -0.015685154, -0.01595467, -0.016083928, -0.016333442, -0.016572528, -0.016688358, -0.016913487, -0.017128495, -0.017331628, -0.017427832, -0.017608337, -0.017772034, -0.017847503, -0.01798669, -0.01811285, -0.018171892, -0.018283255, -0.018386513, -0.018480841, -0.018524261, -0.018601552, -0.018664975, -0.018690895, -0.01873097, -0.018755928, -0.01876814, -0.018770166, -0.018767532, -0.018756352, -0.0187474, -0.018721344, -0.018682353, -0.01865724, -0.018595185, -0.018517187, -0.018424695, -0.01837368, -0.018264111, -0.018146472, -0.018085128, -0.017957011, -0.017819777, -0.01767056, -0.017590659, -0.017418474, -0.017230408, -0.017130774, -0.01692186, -0.016702807, -0.01659033, -0.016361065, -0.016125767, -0.01588273, -0.015757218, -0.015495776, -0.015217942, -0.015072341, -0.014767896, -0.014447451, -0.014113979, -0.013943251, -0.013595599, -0.013240755, -0.01306053, -0.01269296, -0.012312946, -0.0121171065, -0.011711938, -0.011287369, -0.010843004, -0.0106135905, -0.010140609, -0.009649231, -0.00939637, -0.008874797, -0.008327891, -0.0077479645, -0.007442648, -0.0067968126, -0.006111928, -0.00577054, -0.0051909215, -0.005020008
0, 0, 0, 0, 0, 0, 0, 0, 0, 0, 0, 0, 0, 0, 0, 0, 0, 0, 0, 0, 0, 0, 0, 0, 0, 0, 0, 0, 0, 0, 0, 0, 0, 0, 0, 0, 0, 0, 0, 0, 0, -0.0053110644, -0.0052170907, -0.005707851, -0.0064708255, -0.00686935, -0.0076333815, -0.008333647, -0.008661387, -0.009280784, -0.009863376, -0.010418435, -0.010687551, -0.011209847, -0.011710312, -0.011951936, -0.012416783, -0.012857667, -0.013069639, -0.0134773385, -0.013866454, -0.014239843, -0.014421186, -0.014774212, -0.01511347, -0.015277563, -0.015593591, -0.015892077, -0.016172733, -0.016306698, -0.016563334, -0.01680701, -0.016924664, -0.017152281, -0.017369483, -0.017575411, -0.017673394, -0.017857887, -0.018026188, -0.018104188, -0.01824839, -0.018379062, -0.018440459, -0.018556083, -0.018662976, -0.018760024, -0.018804122, -0.018882092, -0.018944465, -0.018969432, -0.019006534, -0.019027218, -0.019033838, -0.019032964, -0.019024335, -0.019007796, -0.018996391, -0.018965812, -0.018922137, -0.018894564, -0.018826762, -0.018742206, -0.018641798, -0.01858638, -0.018466912, -0.018338494, -0.018271528, -0.018132767, -0.017985752, -0.01782777, -0.017743763, -0.01756405, -0.01736897, -0.01726592, -0.017049965, -0.016823152, -0.01670631, -0.01646759, -0.016222356, -0.015969267, -0.015838813, -0.015568198, -0.015282003, -0.01513253, -0.014821705, -0.014495899, -0.014157885, -0.013985138, -0.013633533, -0.013274943, -0.013092941, -0.012721974, -0.012338904, -0.012141652, -0.011733946, -0.01130721, -0.010861215, -0.010631111, -0.010156886, -0.009664169, -0.009410645, -0.008888182, -0.008340989, -0.0077613904, -0.0074565136, -0.0068119345, -0.006128312, -0.005787459, -0.0052092746, -0.0050403425
0, 0, 0, 0, 0, 0, 0, 0, 0, 0, 0, 0, 0, 0, 0, 0, 0, 0, 0, 0, 0, 0, 0, 0, 0, 0, 0, 0, 0, 0, 0, 0, 0, 0, 0, 0, 0, 0, 0, 0, 0, -0.0063855983, -0.005863059, -0.0060006045, -0.0065879608, -0.006943943, -0.007669886, -0.008361164, -0.008688516, -0.0093118595, -0.009902547, -0.010468926, -0.010744655, -0.011281093, -0.01179545, -0.01204322, -0.0125194825, -0.012969492, -0.013185352, -0.013600652, -0.01399807, -0.014381532, -0.014568719, -0.014934336, -0.01528752, -0.015458451, -0.015787907, -0.016097713, -0.016387234, -0.016524613, -0.01678615, -0.01703304, -0.017152274, -0.017382845, -0.01760404, -0.017814599, -0.017915236, -0.018105775, -0.018280415, -0.01836135, -0.018510757, -0.01864548, -0.018708233, -0.018825963, -0.018934216, -0.019032275, -0.0190767, -0.019154875, -0.019217227, -0.019241914, -0.019277813, -0.019296573, -0.019299934, -0.019296832, -0.019283026, -0.019261084, -0.019246923, -0.01921143, -0.019163454, -0.019133981, -0.019062828, -0.018974928, -0.018870482, -0.018812582, -0.01868675, -0.018550029, -0.018478414, -0.018329462, -0.018172275, -0.018004648, -0.017916234, -0.017729219, -0.017528018, -0.017422207, -0.017200826, -0.01696746, -0.01684686, -0.016598642, -0.016342191, -0.016077066, -0.015940683, -0.01565898, -0.015363928, -0.015211119, -0.0148955975, -0.0145676285, -0.014228505, -0.014055238, -0.013701968, -0.013340066, -0.013155687, -0.012778886, -0.012388869, -0.012188128, -0.011773798, -0.011341933, -0.010892656, -0.010661656, -0.010186769, -0.009694151, -0.009440812, -0.008918469, -0.0083709685, -0.007790419, -0.007484753, -0.006838227, -0.0061524655, -0.0058106473, -0.005231057, -0.005062749
0, 0, 0, 0, 0, 0, 0, 0, 0, 0, 0, 0, 0, 0, 0, 0, 0, 0, 0, 0, 0, 0, 0, 0, 0, 0, 0, 0, 0, 0, 0, 0, 0, 0, 0, 0, 0, 0, 0, 0, 0, -0.009051066, -0.007155029, -0.0064877593, -0.0067335954, -0.007014407, -0.007679453, -0.008360378, -0.0086905835, -0.009325982, -0.009933174, -0.010517387, -0.010801424, -0.011352795, -0.011878783, -0.0121313315, -0.0126144085, -0.013069316, -0.01328717, -0.013707325, -0.014111172, -0.014503264, -0.014695778, -0.015073174, -0.015438411, -0.01561545, -0.015955746, -0.016274864, -0.016571626, -0.016711874, -0.016978865, -0.01723113, -0.01735312, -0.017590594, -0.017819496, -0.018038627, -0.018143697, -0.018342867, -0.018525306, -0.018609723, -0.018764453, -0.018901994, -0.018965207, -0.019082528, -0.019189514, -0.019286353, -0.019330604, -0.019408913, -0.01947237, -0.019497745, -0.0195356, -0.019555604, -0.019558812, -0.01955484, -0.019537741, -0.019510487, -0.019493477, -0.019451965, -0.019399026, -0.019367587, -0.019293733, -0.019204592, -0.019099457, -0.0190408, -0.018912582, -0.018770916, -0.018695964, -0.01853857, -0.018371781, -0.018194506, -0.01810172, -0.017907215, -0.01770048, -0.01759244, -0.017367097, -0.017129218, -0.017005673, -0.016749999, -0.016484022, -0.016207984, -0.016066104, -0.015774313, -0.015471385, -0.0153159015, -0.014997117, -0.01466831, -0.014329347, -0.01415594, -0.0138008455, -0.0134346755, -0.013247163, -0.012862383, -0.012463475, -0.01225824, -0.011835867, -0.0113982335, -0.010945764, -0.0107140085, -0.010238814, -0.009746543, -0.009493274, -0.008970182, -0.00842033, -0.007835946, -0.007527945, -0.0068760873, -0.006185119, -0.0058410456, -0.0052581113, -0.0050893887
0, 0, 0, 0, 0, 0, 0, 0, 0, 0, 0, 0, 0, 0, 0, 0, 0, 0, 0, 0, 0, 0, 0, 0, 0, 0, 0, 0, 0, 0, 0, 0, 0, 0, 0, 0, 0, 0, 0, 0, 0, 0, -0.0077234637, -0.0066679367, -0.0066978927, -0.0069334586, -0.0075725773, -0.008268756, -0.008612454, -0.009278838, -0.009916485, -0.010526915, -0.0108221555, -0.01139076, -0.011928593, -0.012185692, -0.012675473, -0.01313494, -0.013354812, -0.013778904, -0.0141879795, -0.014586626, -0.014782862, -0.01516842, -0.015542124, -0.015723186, -0.016071463, -0.016398283, -0.016702954, -0.016847184, -0.017122535, -0.01738394, -0.017510956, -0.01775913, -0.01799935, -0.018229702, -0.018340163, -0.018549673, -0.018741446, -0.018829755, -0.01899111, -0.019132454, -0.019196514, -0.01931412, -0.019419963, -0.019516096, -0.019560175, -0.019639554, -0.019705713, -0.01973324, -0.019775797, -0.019800635, -0.019807344, -0.019804196, -0.019786319, -0.019755438, -0.019735634, -0.019687867, -0.019628974, -0.019595195, -0.01951859, -0.019428842, -0.019324647, -0.019266732, -0.019138893, -0.018995611, -0.018918725, -0.018755417, -0.018580629, -0.018394874, -0.01829803, -0.018096615, -0.01788508, -0.017775366, -0.017547624, -0.017307224, -0.01718213, -0.016922023, -0.016649613, -0.016365677, -0.016219685, -0.015919864, -0.015610435, -0.015452396, -0.015130258, -0.0147994375, -0.014458693, -0.0142840175, -0.013925178, -0.013552971, -0.013361639, -0.012968305, -0.012560712, -0.012351514, -0.011922706, -0.011480969, -0.011026492, -0.0107941935, -0.010318032, -0.009824225, -0.009569683, -0.009042525, -0.0084869, -0.007895412, -0.007583572, -0.006924376, -0.006226855, -0.0058799987, -0.0052930303, -0.0051239002
0, 0, 0, 0, 0, 0, 0, 0, 0, 0, 0, 0, 0, 0, 0, 0, 0, 0, 0, 0, 0, 0, 0, 0, 0, 0, 0, 0, 0, 0, 0, 0, 0, 0, 0, 0, 0, 0, 0, 0, 0, 0, -0.0079245195, -0.0069108265, -0.006691947, -0.006835931, -0.007397027, -0.008103492, -0.008465927, -0.009174492, -0.009848376, -0.010485586, -0.010790632, -0.011373904, -0.011921444, -0.012182207, -0.01267848, -0.0131435525, -0.013365992, -0.013794962, -0.014208469, -0.014611762, -0.01481026, -0.015200634, -0.015579324, -0.015763193, -0.016118255, -0.016454075, -0.016769515, -0.016919753, -0.017207755, -0.01748202, -0.017615393, -0.01787591, -0.018127738, -0.018368764, -0.01848445, -0.018703958, -0.018905742, -0.018999167, -0.01916994, -0.019319532, -0.019386984, -0.019509578, -0.01961878, -0.019716958, -0.019762238, -0.019844493, -0.019915046, -0.019945383, -0.019994788, -0.020027217, -0.020040646, -0.020040113, -0.020025102, -0.019993486, -0.019972214, -0.0199201, -0.019856328, -0.019820599, -0.019741373, -0.01965143, -0.019549062, -0.019492408, -0.0193671, -0.019224904, -0.019147523, -0.018981392, -0.018801412, -0.018609477, -0.01850957, -0.018302923, -0.018087875, -0.017977068, -0.017747933, -0.01750686, -0.017381145, -0.017119136, -0.016843012, -0.01655394, -0.01640497, -0.016099095, -0.015784003, -0.01562348, -0.015296666, -0.014961554, -0.01461619, -0.014438901, -0.014073784, -0.013694144, -0.0134988325, -0.013097782, -0.012683504, -0.012471677, -0.012039072, -0.011595192, -0.011139185, -0.010905912, -0.010426685, -0.009927695, -0.00966962, -0.009134187, -0.008569035, -0.00796782, -0.00765156, -0.006984421, -0.0062806313, -0.0059310873, -0.005340209, -0.005170772
0, 0, 0, 0, 0, 0, 0, 0, 0, 0, 0, 0, 0, 0, 0, 0, 0, 0, 0, 0, 0, 0, 0, 0, 0, 0, 0, 0, 0, 0, 0, 0, 0, 0, 0, 0, 0, 0, 0, 0, 0, 0, 0, -0.008227032, -0.007062618, -0.0069029382, -0.0072244913, -0.007919559, -0.008300458, -0.009047932, -0.009748006, -0.010398352, -0.010706652, -0.011292659, -0.011841894, -0.012103885, -0.012603909, -0.013074453, -0.013299978, -0.013735234, -0.014154493, -0.014562687, -0.014763514, -0.015158006, -0.015541877, -0.015729293, -0.016093323, -0.016442003, -0.016773153, -0.016932132, -0.017236838, -0.017526463, -0.017666273, -0.017937953, -0.018198298, -0.018446937, -0.01856634, -0.018794443, -0.019006489, -0.019105937, -0.01929007, -0.019453747, -0.019527912, -0.019662252, -0.019780384, -0.019884786, -0.019932477, -0.020019218, -0.020094657, -0.020127993, -0.020184806, -0.020225974, -0.020248491, -0.020252079, -0.020243641, -0.020215763, -0.020195303, -0.020142954, -0.020077923, -0.020041594, -0.019961782, -0.019872963, -0.019773401, -0.019718671, -0.019597298, -0.019458298, -0.019381974, -0.019216279, -0.019034682, -0.01884, -0.018738646, -0.018529449, -0.0183127, -0.01820149, -0.01797203, -0.017730745, -0.017604936, -0.01734195, -0.017063612, -0.016770964, -0.016619908, -0.016309397, -0.015989617, -0.015826728, -0.0154952165, -0.0151549, -0.014803475, -0.014622903, -0.014250769, -0.0138639575, -0.013665185, -0.013257771, -0.012838553, -0.012624888, -0.012189944, -0.011743995, -0.011285066, -0.011049583, -0.010563947, -0.010055742, -0.009792287, -0.009244968, -0.0086676795, -0.008055784, -0.0077349166, -0.0070602032, -0.0063502835, -0.005998101, -0.005402987, -0.005232642
0, 0, 0, 0, 0, 0, 0, 0, 0, 0, 0, 0, 0, 0, 0, 0, 0, 0, 0, 0, 0, 0, 0, 0, 0, 0, 0, 0, 0, 0, 0, 0, 0, 0, 0, 0, 0, 0, 0, 0, 0, 0, 0, -0.011577783, -0.007511537, -0.0069609657, -0.0070819636, -0.007778486, -0.008170167, -0.008929074, -0.00962572, -0.010263785, -0.010564805, -0.011137919, -0.011678785, -0.01193881, -0.012439657, -0.0129161365, -0.013145797, -0.013589932, -0.014018561, -0.01443542, -0.014640148, -0.01504279, -0.015435981, -0.015629008, -0.016007403, -0.01637384, -0.01672552, -0.016894761, -0.017219188, -0.017524848, -0.017670957, -0.017951453, -0.01821779, -0.018470831, -0.018592812, -0.018827671, -0.019050382, -0.019156609, -0.019356936, -0.019538274, -0.019621274, -0.019771634, -0.019902049, -0.020015018, -0.020065745, -0.020157125, -0.02023703, -0.020272853, -0.020336166, -0.02038588, -0.020418094, -0.020426737, -0.020427983, -0.020408172, -0.0203909, -0.02034351, -0.020282052, -0.020247113, -0.02017041, -0.02008514, -0.019990023, -0.019937767, -0.019821765, -0.019687686, -0.019613445, -0.019450955, -0.019271309, -0.019077811, -0.01897685, -0.018768394, -0.01855241, -0.018441541, -0.018212592, -0.017971626, -0.017845785, -0.017582066, -0.017301975, -0.017006764, -0.01685419, -0.016540807, -0.01621834, -0.016054092, -0.015719619, -0.01537569, -0.015019905, -0.01483687, -0.014459499, -0.014066921, -0.013865355, -0.013452802, -0.013028994, -0.012813358, -0.012374511, -0.011924259, -0.011459273, -0.011219935, -0.010724832, -0.010205098, -0.009935339, -0.009374883, -0.008785123, -0.008162339, -0.007836782, -0.007154079, -0.0064370027, -0.0060813464, -0.0054798173, -0.005307222
0, 0, 0, 0, 0, 0, 0, 0, 0, 0, 0, 0, 0, 0, 0, 0, 0, 0, 0, 0, 0, 0, 0, 0, 0, 0, 0, 0, 0, 0, 0, 0, 0, 0, 0, 0, 0, 0, 0, 0, 0, 0, 0, 0, -0.0071592066, -0.006982208, -0.007144486, -0.007744001, -0.00809707, -0.008799389, -0.009452711, -0.010055437, -0.010342149, -0.010893394, -0.011423038, -0.011681424, -0.012185339, -0.012671917, -0.012908452, -0.013368093, -0.013812329, -0.014244005, -0.014455973, -0.014872597, -0.015281043, -0.015482398, -0.015879277, -0.016266743, -0.016640352, -0.01682047, -0.017164607, -0.017486086, -0.017638348, -0.017927509, -0.018199323, -0.0184569, -0.01858153, -0.018823782, -0.01905746, -0.01917033, -0.019386316, -0.019584589, -0.019675948, -0.019841209, -0.01998337, -0.020104202, -0.02015775, -0.02025365, -0.020337474, -0.020375835, -0.020444874, -0.020502342, -0.02054421, -0.0205582, -0.020570116, -0.02056052, -0.020547908, -0.020509088, -0.020454926, -0.020423325, -0.020352934, -0.02027396, -0.02018522, -0.02013617, -0.02002659, -0.01989877, -0.019827444, -0.019670133, -0.019495206, -0.019305803, -0.019206848, -0.019002233, -0.018789435, -0.01867986, -0.01845304, -0.018213425, -0.018087897, -0.017824242, -0.017543599, -0.017247338, -0.017094297, -0.016780145, -0.016457409, -0.016293164, -0.015958706, -0.015614391, -0.015257502, -0.015073559, -0.014693671, -0.014297682, -0.014094001, -0.013676344, -0.013246966, -0.0130281905, -0.012582495, -0.012124438, -0.0116504375, -0.0114061115, -0.010900272, -0.010369274, -0.010093714, -0.009521635, -0.0089205215, -0.00828704, -0.007956319, -0.00726342, -0.006535978, -0.006174998, -0.005563554, -0.005386492
0, 0, 0, 0, 0, 0, 0, 0, 0, 0, 0, 0, 0, 0, 0, 0, 0, 0, 0, 0, 0, 0, 0, 0, 0, 0, 0, 0, 0, 0, 0, 0, 0, 0, 0, 0, 0, 0, 0, 0, 0, 0, 0, 0, -0.009658092, -0.008624238, -0.0076111066, -0.0077347048, -0.007978604, -0.008566049, -0.009161614, -0.009730589, -0.010006359, -0.01054642, -0.011076846, -0.011339349, -0.011858131, -0.012365574, -0.012613642, -0.013097663, -0.013565383, -0.014018598, -0.014240611, -0.01467665, -0.015103928, -0.015314854, -0.015731093, -0.016138049, -0.016530981, -0.01672041, -0.017081788, -0.017417891, -0.017576333, -0.017875988, -0.018155642, -0.01842083, -0.018549528, -0.018801037, -0.019045543, -0.019164417, -0.019392585, -0.019602925, -0.019699976, -0.019875288, -0.020025421, -0.02015243, -0.020208605, -0.02030945, -0.020398753, -0.02044012, -0.02051609, -0.020581689, -0.02063274, -0.020651562, -0.020673495, -0.0206736, -0.020665707, -0.02063567, -0.02059001, -0.020562643, -0.020500612, -0.02042985, -0.020348875, -0.020303605, -0.020201154, -0.020080326, -0.02001234, -0.019861408, -0.019692615, -0.019509222, -0.0194132, -0.019214338, -0.019006962, -0.01889982, -0.01867721, -0.018441051, -0.018316932, -0.018055584, -0.017776525, -0.017481416, -0.01732898, -0.01701617, -0.01669506, -0.01653177, -0.016199272, -0.015856536, -0.0155009115, -0.015317197, -0.014936892, -0.014538991, -0.014333542, -0.013910848, -0.013474415, -0.013251499, -0.012796713, -0.012328552, -0.011844276, -0.011594892, -0.0110794045, -0.010539341, -0.010259433, -0.009678773, -0.009068102, -0.008423467, -0.008086646, -0.007380251, -0.006638095, -0.006269498, -0.0056443387, -0.0054604067
0, 0, 0, 0, 0, 0, 0, 0, 0, 0, 0, 0, 0, 0, 0, 0, 0, 0, 0, 0, 0, 0, 0, 0, 0, 0, 0, 0, 0, 0, 0, 0, 0, 0, 0, 0, 0, 0, 0, 0, 0, 0, 0, 0, -0.014036649, -0.010487605, -0.0077190055, -0.007437509, -0.007606793, -0.008126049, -0.008699893, -0.009269284, -0.0095504355, -0.010109475, -0.010666663, -0.010944397, -0.011496096, -0.012037754, -0.012303185, -0.012820204, -0.013317719, -0.013796855, -0.014030279, -0.014487024, -0.014932674, -0.015152034, -0.015584222, -0.016005604, -0.016411917, -0.01660775, -0.016981766, -0.017330108, -0.017494548, -0.017805237, -0.018095879, -0.01837169, -0.01850564, -0.018767726, -0.019021763, -0.019144936, -0.019380616, -0.019597312, -0.019696819, -0.01987699, -0.020031942, -0.02016448, -0.020223733, -0.020331888, -0.0204296, -0.02047555, -0.020561093, -0.02063599, -0.020695947, -0.020718884, -0.020748878, -0.020756528, -0.020752251, -0.020729695, -0.020691812, -0.02066851, -0.020615142, -0.020553043, -0.020480694, -0.020439446, -0.020344865, -0.020231375, -0.020166956, -0.020023089, -0.019860877, -0.019684175, -0.019591521, -0.019399377, -0.01919864, -0.019094732, -0.01887833, -0.018647922, -0.018526588, -0.018270146, -0.0179955, -0.017704157, -0.017553238, -0.017243015, -0.01692395, -0.016761484, -0.0164303, -0.01608874, -0.015733793, -0.015550375, -0.015169921, -0.014770406, -0.014563557, -0.014136152, -0.013692832, -0.013465741, -0.01300164, -0.012523557, -0.012029746, -0.011776062, -0.011252928, -0.010706472, -0.010423558, -0.009836529, -0.009217624, -0.008561737, -0.008217961, -0.0074953944, -0.006734729, -0.0063568596, -0.005715352, -0.0055230865
0, 0, 0, 0, 0, 0, 0, 0, 0, 0, 0, 0, 0, 0, 0, 0, 0, 0, 0, 0, 0, 0, 0, 0, 0, 0, 0, 0, 0, 0, 0, 0, 0, 0, 0, 0, 0, 0, 0, 0, 0, 0, 0, 0, 0, -0.0076926863, -0.006925457, -0.0068213707, -0.006981299, -0.00749099, -0.008093097, -0.008712721, -0.009022256, -0.009638728, -0.010250642, -0.0105545325, -0.011155039, -0.011740804, -0.012026408, -0.012579922, -0.013108504, -0.013612662, -0.013856735, -0.014331026, -0.014790736, -0.01501615, -0.01545813, -0.015887905, -0.016301056, -0.01650034, -0.016881743, -0.017238313, -0.017407227, -0.017727608, -0.018028373, -0.018314257, -0.018453209, -0.018724205, -0.018985199, -0.019110959, -0.019350076, -0.01956881, -0.019669453, -0.019852303, -0.020011364, -0.02015027, -0.020213569, -0.020331467, -0.0204405, -0.020492237, -0.020588784, -0.020673629, -0.020741899, -0.020768434, -0.020804698, -0.020818016, -0.020816628, -0.020800054, -0.02076902, -0.020749543, -0.020704309, -0.020650802, -0.020586908, -0.020549886, -0.02046339, -0.020357855, -0.020297306, -0.020161062, -0.020006107, -0.019836437, -0.019747222, -0.019561892, -0.019367954, -0.019267451, -0.019057818, -0.018834345, -0.018716555, -0.01846725, -0.018199187, -0.017913425, -0.01776475, -0.017457617, -0.017139867, -0.016977469, -0.016645383, -0.016302478, -0.015945949, -0.015761802, -0.0153802, -0.014979277, -0.014771374, -0.01434096, -0.013892656, -0.01366245, -0.013190816, -0.012704582, -0.012202662, -0.011945138, -0.011415405, -0.010863465, -0.010578072, -0.009985307, -0.009358873, -0.008691981, -0.0083412295, -0.007602047, -0.006822505, -0.0064351056, -0.0057770745, -0.0055764397
0, 0, 0, 0, 0, 0, 0, 0, 0, 0, 0, 0, 0, 0, 0, 0, 0, 0, 0, 0, 0, 0, 0, 0, 0, 0, 0, 0, 0, 0, 0, 0, 0, 0, 0, 0, 0, 0, 0, 0, 0, 0, 0, 0, 0, -0.008896278, -0.0069019385, -0.0062609194, -0.006311433, -0.006778938, -0.007450493, -0.008167344, -0.008524266, -0.0092258975, -0.009909141, -0.010243413, -0.010896196, -0.011524583, -0.01182829, -0.012413221, -0.012966604, -0.013489762, -0.013741099, -0.014226702, -0.01469453, -0.014922923, -0.015369578, -0.015802125, -0.01621757, -0.016417803, -0.016801683, -0.017161857, -0.017333053, -0.017658241, -0.017964233, -0.018255893, -0.018397512, -0.018673081, -0.01893723, -0.019064104, -0.019304587, -0.019524839, -0.01962646, -0.019812584, -0.019977115, -0.020123314, -0.020191044, -0.020318989, -0.020438658, -0.02049563, -0.020601979, -0.020694878, -0.020769827, -0.020799343, -0.020841107, -0.020859938, -0.020861503, -0.020851146, -0.020827131, -0.020811405, -0.020774154, -0.020728575, -0.02067243, -0.020639237, -0.020560741, -0.020463623, -0.020407401, -0.020279618, -0.020132976, -0.019970872, -0.019885078, -0.019706288, -0.019518217, -0.019420633, -0.01921696, -0.01899985, -0.018885512, -0.018643737, -0.018383255, -0.018104147, -0.017958164, -0.017654534, -0.017337533, -0.017174628, -0.016840057, -0.016493628, -0.016133675, -0.015948128, -0.01556471, -0.015163071, -0.014954956, -0.01452381, -0.014073521, -0.013841599, -0.013365003, -0.012872091, -0.012362594, -0.012101197, -0.011563928, -0.01100525, -0.01071664, -0.010117507, -0.009483585, -0.0088072205, -0.0084506525, -0.0076976963, -0.0069024134, -0.0065069767, -0.0058348537, -0.0056271562
0, 0, 0, 0, 0, 0, 0, 0, 0, 0, 0, 0, 0, 0, 0, 0, 0, 0, 0, 0, 0, 0, 0, 0, 0, 0, 0, 0, 0, 0, 0, 0, 0, 0, 0, 0, 0, 0, 0, 0, 0, 0, 0, 0, 0, 0, -0.006637681, -0.0056680236, -0.0056513757, -0.0061491537, -0.006939391, -0.0077753086, -0.008183646, -0.008969204, -0.009714874, -0.010073933, -0.010766301, -0.01142338, -0.011738524, -0.012341118, -0.01290689, -0.013438188, -0.013692237, -0.014181489, -0.01465104, -0.014879974, -0.015326991, -0.015759574, -0.016174344, -0.016374268, -0.016757179, -0.017116321, -0.017286919, -0.01761109, -0.017916089, -0.01820714, -0.018348522, -0.018623695, -0.018887963, -0.019015085, -0.019256806, -0.019479595, -0.019583225, -0.019774385, -0.019944852, -0.020097546, -0.020168668, -0.02030297, -0.02042863, -0.02048832, -0.020599412, -0.020696558, -0.02077579, -0.020807695, -0.020855246, -0.020881029, -0.020886134, -0.020883646, -0.020867612, -0.020855702, -0.020825697, -0.020786617, -0.020736815, -0.0207069, -0.020635553, -0.020546665, -0.020494813, -0.020376474, -0.020238979, -0.020084964, -0.020002829, -0.0198299, -0.019646538, -0.019550944, -0.019351222, -0.01913875, -0.019027013, -0.018791614, -0.018538516, -0.0182664, -0.018123243, -0.017823821, -0.017508421, -0.017345147, -0.017008537, -0.016658613, -0.016295245, -0.016108423, -0.015723672, -0.015322494, -0.015115045, -0.014685335, -0.014235315, -0.014002746, -0.013522818, -0.013023924, -0.012506337, -0.012240476, -0.011693977, -0.011126465, -0.010833788, -0.010227248, -0.009586447, -0.008903071, -0.008542614, -0.0077808625, -0.006975305, -0.006574462, -0.0058923876, -0.0056797243
0, 0, 0, 0, 0, 0, 0, 0, 0, 0, 0, 0, 0, 0, 0, 0, 0, 0, 0, 0, 0, 0, 0, 0, 0, 0, 0, 0, 0, 0, 0, 0, 0, 0, 0, 0, 0, 0, 0, 0, 0, 0, 0, 0, 0, 0, -0.0061970153, -0.005325064, -0.0053184163, -0.0058795405, -0.0067507755, -0.0076577943, -0.008095012, -0.008925958, -0.0097026145, -0.010072639, -0.010779001, -0.011443011, -0.011759418, -0.012362179, -0.012925615, -0.013453126, -0.013705131, -0.014189696, -0.014655197, -0.014882476, -0.01532687, -0.01575718, -0.016169904, -0.01636864, -0.016749097, -0.017104616, -0.017273001, -0.017592186, -0.017891891, -0.0181776, -0.01831676, -0.018588468, -0.018851062, -0.018978136, -0.019221678, -0.019448258, -0.019554406, -0.019750703, -0.019926263, -0.020082524, -0.020154838, -0.020290142, -0.020415608, -0.020474782, -0.020585064, -0.02068241, -0.020763975, -0.020798044, -0.020851966, -0.020885961, -0.020895781, -0.0209021, -0.020893972, -0.020885494, -0.020860825, -0.020826189, -0.02078029, -0.02075254, -0.020686379, -0.020604365, -0.020556727, -0.02044734, -0.020319222, -0.020173399, -0.02009481, -0.019927142, -0.019747248, -0.01965281, -0.019454977, -0.019244902, -0.019134998, -0.018904176, -0.018656958, -0.018391266, -0.018251153, -0.017956628, -0.017643936, -0.017481267, -0.017144259, -0.016792621, -0.016427545, -0.016240137, -0.015855106, -0.015455, -0.015248492, -0.014820744, -0.014371507, -0.014138433, -0.013655667, -0.013151034, -0.012625351, -0.012354902, -0.011798887, -0.01122201, -0.010925161, -0.010311528, -0.00966528, -0.008977532, -0.008615137, -0.007849221, -0.0070384634, -0.0066346466, -0.005946679, -0.0057311147
0, 0, 0, 0, 0, 0, 0, 0, 0, 0, 0, 0, 0, 0, 0, 0, 0, 0, 0, 0, 0, 0, 0, 0, 0, 0, 0, 0, 0, 0, 0, 0, 0, 0, 0, 0, 0, 0, 0, 0, 0, 0, 0, 0, 0, 0, 0, -0.006036967, -0.005964124, -0.006261122, -0.006976258, -0.007827914, -0.00825544, -0.009077547, -0.00984635, -0.01021125, -0.01090505, -0.011554747, -0.011863689, -0.012451798, -0.013000995, -0.01351516, -0.013760711, -0.014234244, -0.014690401, -0.014913551, -0.015351808, -0.015777322, -0.016186748, -0.016384177, -0.01676183, -0.017114135, -0.01728069, -0.017595313, -0.01788985, -0.018170092, -0.018306734, -0.018574724, -0.018835401, -0.018962337, -0.019207543, -0.019437663, -0.019545859, -0.019746521, -0.01992484, -0.02008208, -0.020153848, -0.02028643, -0.020407856, -0.020464942, -0.020571604, -0.020667288, -0.020750657, -0.02078691, -0.020847412, -0.0208897, -0.020903762, -0.020918282, -0.020916387, -0.020910064, -0.020888358, -0.020854933, -0.020810012, -0.020783197, -0.020719891, -0.020642558, -0.020598177, -0.020496275, -0.020376038, -0.020237451, -0.02016171, -0.01999835, -0.019820577, -0.019726777, -0.019529734, -0.019320568, -0.019211609, -0.018983586, -0.018740628, -0.018479787, -0.018342149, -0.018052, -0.017742446, -0.017580789, -0.017244708, -0.016893094, -0.016527656, -0.016340086, -0.015955053, -0.015555387, -0.0153492, -0.014921952, -0.014472293, -0.014238582, -0.013752873, -0.013243371, -0.012711308, -0.012437246, -0.011873875, -0.011290142, -0.010990262, -0.01037168, -0.009721873, -0.009031847, -0.008668496, -0.007900491, -0.0070869247, -0.0066813813, -0.0059898705, -0.005772823
0, 0, 0, 0, 0, 0, 0, 0, 0, 0, 0, 0, 0, 0, 0, 0, 0, 0, 0, 0, 0, 0, 0, 0, 0, 0, 0, 0, 0, 0, 0, 0, 0, 0, 0, 0, 0, 0, 0, 0, 0, 0, 0, 0, 0, 0, 0, -0.009182177, -0.008168187, -0.0071999505, -0.0074375668, -0.008143699, -0.008541321, -0.0093267225, -0.010064767, -0.010414299, -0.011078713, -0.0117012905, -0.011998211, -0.012564183, -0.0130940685, -0.013591004, -0.01382879, -0.0142879095, -0.014731716, -0.014949414, -0.015378307, -0.015796877, -0.01620177, -0.016397819, -0.016774012, -0.017125955, -0.01729248, -0.017606862, -0.01790035, -0.018178925, -0.018314702, -0.01858086, -0.018840365, -0.018967131, -0.019213015, -0.019444965, -0.019554304, -0.0197574, -0.019937526, -0.020095147, -0.020166496, -0.020297285, -0.020415643, -0.02047104, -0.020575188, -0.020670475, -0.020756021, -0.020794421, -0.020860387, -0.020909155, -0.020926397, -0.020946166, -0.020947589, -0.02094226, -0.020920604, -0.020886188, -0.020840436, -0.020813487, -0.020751087, -0.020676833, -0.020634437, -0.020537388, -0.020422345, -0.020288333, -0.020214366, -0.02005343, -0.019876895, -0.019783245, -0.019586438, -0.019377798, -0.019269198, -0.019042691, -0.01880191, -0.018543648, -0.018407295, -0.018119354, -0.017811177, -0.017649924, -0.017314019, -0.016962202, -0.016596189, -0.016408201, -0.016022354, -0.015621641, -0.015414801, -0.014985992, -0.014534458, -0.014299524, -0.013811034, -0.013298355, -0.012762972, -0.012487363, -0.011921091, -0.01133489, -0.011033933, -0.010413506, -0.009762003, -0.009070205, -0.008705772, -0.0079350155, -0.007118211, -0.006710854, -0.006015909, -0.005797588
0, 0, 0, 0, 0, 0, 0, 0, 0, 0, 0, 0, 0, 0, 0, 0, 0, 0, 0, 0, 0, 0, 0, 0, 0, 0, 0, 0, 0, 0, 0, 0, 0, 0, 0, 0, 0, 0, 0, 0, 0, 0, 0, 0, 0, 0, 0, -0.013850073, -0.010497657, -0.007881319, -0.0077862, -0.008418792, -0.008798129, -0.00954934, -0.01025058, -0.0105819665, -0.011212965, -0.011808231, -0.012093657, -0.012640534, -0.013155368, -0.013639727, -0.0138718095, -0.014320314, -0.014754049, -0.014967072, -0.015387161, -0.015799006, -0.016200006, -0.016395254, -0.016772209, -0.017127896, -0.017296737, -0.017616402, -0.017914986, -0.018197376, -0.01833421, -0.018601263, -0.018860305, -0.018986743, -0.01923168, -0.01946347, -0.019573107, -0.019777557, -0.019959908, -0.020120354, -0.020193012, -0.020325873, -0.020445393, -0.020501405, -0.020606505, -0.020703474, -0.020791372, -0.020831231, -0.02090034, -0.020952346, -0.020970996, -0.020992858, -0.020995134, -0.020989677, -0.020967018, -0.020931335, -0.020884579, -0.02085759, -0.020795906, -0.020723127, -0.020681798, -0.020586891, -0.020473698, -0.020340959, -0.020267267, -0.020106373, -0.019929353, -0.019835532, -0.019638557, -0.01943035, -0.019322067, -0.019096123, -0.018855507, -0.01859704, -0.01846034, -0.018171111, -0.017861038, -0.0176986, -0.017360413, -0.017006414, -0.016638696, -0.016449863, -0.016062217, -0.015659377, -0.015451338, -0.015019763, -0.0145654045, -0.014329104, -0.013838326, -0.013324246, -0.012788553, -0.012513139, -0.011948158, -0.011363719, -0.011063515, -0.010443825, -0.009791961, -0.009097875, -0.00873168, -0.007956496, -0.0071345503, -0.006724638, -0.0060256976, -0.005805914
0, 0, 0, 0, 0, 0, 0, 0, 0, 0, 0, 0, 0, 0, 0, 0, 0, 0, 0, 0, 0, 0, 0, 0, 0, 0, 0, 0, 0, 0, 0, 0, 0, 0, 0, 0, 0, 0, 0, 0, 0, 0, 0, 0, 0, 0, 0, 0, -0.008644919, -0.008022849, -0.008056653, -0.00860325, -0.008944881, -0.009640133, -0.010302644, -0.010618982, -0.011226474, -0.011806189, -0.012086251, -0.012626545, -0.013138814, -0.013623205, -0.013855873, -0.014305249, -0.014738885, -0.014951353, -0.015369648, -0.015779855, -0.016180787, -0.016376898, -0.016757969, -0.017120454, -0.017293649, -0.017623238, -0.017931622, -0.01822201, -0.018361682, -0.01863193, -0.018891256, -0.01901689, -0.019260198, -0.019490825, -0.019600412, -0.019806426, -0.019992834, -0.020158917, -0.020234678, -0.020373458, -0.020498225, -0.020556046, -0.020664325, -0.020763414, -0.020852644, -0.020892907, -0.020962441, -0.021014763, -0.021033457, -0.021055698, -0.021058207, -0.021052683, -0.021029968, -0.020994157, -0.02094774, -0.020921022, -0.020860314, -0.020788647, -0.020747567, -0.02065269, -0.020538546, -0.020404022, -0.020329194, -0.020165784, -0.019986436, -0.01989175, -0.019693784, -0.019485187, -0.019376753, -0.01915031, -0.018908303, -0.01864738, -0.018508941, -0.01821546, -0.01790043, -0.01773549, -0.017392378, -0.017034313, -0.016663678, -0.01647386, -0.01608439, -0.015679728, -0.0154706715, -0.01503668, -0.014579763, -0.014342252, -0.013849609, -0.013334663, -0.012799696, -0.012525271, -0.011963144, -0.011382037, -0.011083389, -0.0104658585, -0.009814108, -0.009118108, -0.00875003, -0.007969818, -0.00714226, -0.0067297355, -0.0060267434, -0.0058053215
0, 0, 0, 0, 0, 0, 0, 0, 0, 0, 0, 0, 0, 0, 0, 0, 0, 0, 0, 0, 0, 0, 0, 0, 0, 0, 0, 0, 0, 0, 0, 0, 0, 0, 0, 0, 0, 0, 0, 0, 0, 0, 0, 0, 0, 0, 0, 0, -0.011962581, -0.009810056, -0.008592087, -0.008655363, -0.008897332, -0.009508231, -0.010147657, -0.010460615, -0.011069161, -0.011655097, -0.011939738, -0.0124918595, -0.013019184, -0.013520866, -0.013762395, -0.014229172, -0.014677889, -0.014896652, -0.015325419, -0.015743298, -0.016150923, -0.016350424, -0.01673884, -0.017110819, -0.017289447, -0.017631011, -0.017951416, -0.01825212, -0.018395642, -0.018670637, -0.018931312, -0.019056976, -0.019299472, -0.019529872, -0.019639993, -0.019848881, -0.020040682, -0.020214055, -0.020293612, -0.020439608, -0.02056964, -0.020629276, -0.020739634, -0.020838946, -0.02092751, -0.02096714, -0.021035697, -0.021087527, -0.021106377, -0.021129554, -0.021133242, -0.021128412, -0.021106875, -0.021071894, -0.021026658, -0.021000382, -0.020940699, -0.020868963, -0.02082763, -0.020731281, -0.020614736, -0.020476816, -0.020399975, -0.02023234, -0.020048877, -0.019952405, -0.019751392, -0.019540727, -0.019431425, -0.019203082, -0.018958464, -0.018693933, -0.01855323, -0.018254459, -0.01793337, -0.01776526, -0.017416375, -0.017053777, -0.01668003, -0.01648927, -0.016098619, -0.015693357, -0.015483888, -0.015048909, -0.01459041, -0.014351966, -0.01385724, -0.013340679, -0.012805052, -0.012530833, -0.011969879, -0.011390951, -0.011093415, -0.010477923, -0.009827181, -0.009130617, -0.0087617645, -0.007978952, -0.0071479175, -0.0067336806, -0.0060279965, -0.0058054347
0, 0, 0, 0, 0, 0, 0, 0, 0, 0, 0, 0, 0, 0, 0, 0, 0, 0, 0, 0, 0, 0, 0, 0, 0, 0, 0, 0, 0, 0, 0, 0, 0, 0, 0, 0, 0, 0, 0, 0, 0, 0, 0, 0, 0, 0, 0, 0, -0.01855048, -0.011825295, -0.0086546475, -0.008313495, -0.008503079, -0.009102025, -0.0097705275, -0.010101314, -0.010744313, -0.011361894, -0.01166168, -0.012243879, -0.012802725, -0.013337501, -0.013595913, -0.014095479, -0.014573651, -0.014805465, -0.015256089, -0.015691256, -0.01611212, -0.016317347, -0.016716734, -0.017099839, -0.017284531, -0.017638793, -0.017972087, -0.018283702, -0.018431783, -0.018713402, -0.018977989, -0.019104976, -0.019349406, -0.019582264, -0.01969417, -0.019908037, -0.020106174, -0.020286584, -0.02036956, -0.020521168, -0.02065395, -0.02071408, -0.020823684, -0.020921187, -0.021007512, -0.021046497, -0.021114785, -0.021167945, -0.021188008, -0.021214334, -0.021221008, -0.021217283, -0.021197032, -0.021162443, -0.021116337, -0.021089701, -0.021028643, -0.020955522, -0.020913225, -0.020815037, -0.02069608, -0.020554943, -0.02047625, -0.020303981, -0.020114979, -0.020015705, -0.01980939, -0.019594042, -0.019482683, -0.019250734, -0.019002847, -0.018734606, -0.018591946, -0.018288847, -0.017962808, -0.017792093, -0.017438201, -0.017071199, -0.016694374, -0.016502533, -0.016110957, -0.015705528, -0.015496157, -0.015061166, -0.014602046, -0.014362881, -0.013866016, -0.013346459, -0.012807714, -0.012532172, -0.011969353, -0.011389774, -0.011092411, -0.010478032, -0.009829216, -0.009134513, -0.008766545, -0.007984965, -0.0071544326, -0.006740217, -0.00603423, -0.0058115833
0, 0, 0, 0, 0, 0, 0, 0, 0, 0, 0, 0, 0, 0, 0, 0, 0, 0, 0, 0, 0, 0, 0, 0, 0, 0, 0, 0, 0, 0, 0, 0, 0, 0, 0, 0, 0, 0, 0, 0, 0, 0, 0, 0, 0, 0, 0, 0, 0, -0.008513288, -0.007660616, -0.007606878, -0.007833687, -0.008500476, -0.009242289, -0.009607735, -0.010310948, -0.010978376, -0.011300548, -0.011925064, -0.012525236, -0.013101823, -0.013381106, -0.013921295, -0.014436336, -0.0146845495, -0.015163317, -0.015620249, -0.016058002, -0.016270384, -0.016682593, -0.01707804, -0.017269077, -0.017636502, -0.01798314, -0.018307256, -0.018460786, -0.018751666, -0.019023286, -0.01915336, -0.019403672, -0.019642217, -0.019757327, -0.01997778, -0.020182889, -0.020370042, -0.020455876, -0.020611636, -0.020745791, -0.02080576, -0.02091363, -0.021009013, -0.021094602, -0.021133753, -0.021204302, -0.021261496, -0.021284182, -0.021315515, -0.021326058, -0.021323439, -0.021303395, -0.021266283, -0.021216111, -0.021187209, -0.021121714, -0.021044923, -0.021001121, -0.020901037, -0.020780742, -0.020638002, -0.020558022, -0.020381758, -0.020186894, -0.020084117, -0.019870397, -0.019647954, -0.019533405, -0.01929607, -0.01904418, -0.018772902, -0.01862898, -0.018323246, -0.017994098, -0.017821467, -0.0174634, -0.017091913, -0.016711036, -0.016517514, -0.016123312, -0.01571664, -0.015507058, -0.01507196, -0.014612656, -0.014373036, -0.013874246, -0.013351461, -0.012808611, -0.012530882, -0.011964046, -0.011381683, -0.011083577, -0.010469283, -0.009822408, -0.009131214, -0.008765279, -0.0079878885, -0.007160855, -0.006747989, -0.006043849, -0.005822178
0, 0, 0, 0, 0, 0, 0, 0, 0, 0, 0, 0, 0, 0, 0, 0, 0, 0, 0, 0, 0, 0, 0, 0, 0, 0, 0, 0, 0, 0, 0, 0, 0, 0, 0, 0, 0, 0, 0, 0, 0, 0, 0, 0, 0, 0, 0, 0, 0, -0.00967482, -0.0075181997, -0.0070169563, -0.0071876934, -0.007873146, -0.00868633, -0.009087983, -0.009855829, -0.010577124, -0.010923012, -0.011591812, -0.012233864, -0.012851502, -0.013150805, -0.013729305, -0.014279064, -0.01454285, -0.01504785, -0.015525671, -0.015979836, -0.016199332, -0.016624536, -0.01703253, -0.017230274, -0.017611701, -0.01797282, -0.01831108, -0.018471077, -0.018773861, -0.019055692, -0.019190399, -0.01944923, -0.019695826, -0.019814786, -0.02004327, -0.020256514, -0.02045128, -0.02054063, -0.020701729, -0.02083936, -0.020900197, -0.021009466, -0.02110589, -0.02119372, -0.021234708, -0.021309998, -0.021373061, -0.021398831, -0.021435536, -0.021449493, -0.021447338, -0.02142563, -0.021383902, -0.021327164, -0.021294598, -0.021222366, -0.021140445, -0.02109505, -0.020993056, -0.020872256, -0.020729128, -0.0206485, -0.0204693, -0.020269254, -0.020163026, -0.019941282, -0.019710436, -0.019591967, -0.019347848, -0.01909108, -0.01881705, -0.018672125, -0.018364854, -0.018033676, -0.017859606, -0.017497389, -0.017120559, -0.016733715, -0.016537301, -0.016137913, -0.015727477, -0.015516602, -0.015080215, -0.014620352, -0.014380554, -0.013880968, -0.013356397, -0.012810772, -0.012531279, -0.011960859, -0.011375376, -0.011076163, -0.010460893, -0.009814815, -0.009126235, -0.008762014, -0.007988354, -0.007164898, -0.006753595, -0.006051746, -0.005831613
0, 0, 0, 0, 0, 0, 0, 0, 0, 0, 0, 0, 0, 0, 0, 0, 0, 0, 0, 0, 0, 0, 0, 0, 0, 0, 0, 0, 0, 0, 0, 0, 0, 0, 0, 0, 0, 0, 0, 0, 0, 0, 0, 0, 0, 0, 0, 0, 0, 0, -0.0071405354, -0.006515762, -0.006664662, -0.0073565724, -0.008209453, -0.008635281, -0.009451873, -0.010217742, -0.010584245, -0.0112906555, -0.0119672455, -0.012616875, -0.012931504, -0.013538786, -0.014113905, -0.01438881, -0.014913316, -0.015407032, -0.015874296, -0.01609986, -0.016537042, -0.016957648, -0.017162068, -0.017557668, -0.017933892, -0.018287275, -0.01845469, -0.01877089, -0.019064875, -0.019204782, -0.019473156, -0.019728702, -0.019852044, -0.020089244, -0.020311818, -0.020516295, -0.02061048, -0.020780703, -0.020926753, -0.020991456, -0.02110735, -0.021209598, -0.021302946, -0.02134662, -0.021427106, -0.021495448, -0.021523546, -0.021564081, -0.021580242, -0.021578211, -0.02155496, -0.021509027, -0.021446466, -0.02141075, -0.021332351, -0.021245617, -0.021198478, -0.021094466, -0.020973012, -0.020829523, -0.020748407, -0.020567207, -0.020363085, -0.020254027, -0.020025438, -0.019786658, -0.019664213, -0.019412873, -0.019150808, -0.018873164, -0.018727113, -0.018417943, -0.018084629, -0.017909149, -0.017542677, -0.017160097, -0.01676618, -0.016565979, -0.016159402, -0.01574292, -0.01552978, -0.015090289, -0.014629141, -0.014389203, -0.013889923, -0.013365826, -0.012819981, -0.012540175, -0.011968411, -0.011380991, -0.011080762, -0.010463372, -0.009815857, -0.009126636, -0.008762328, -0.007988912, -0.0071662846, -0.0067554326, -0.0060547213, -0.0058357883
0, 0, 0, 0, 0, 0, 0, 0, 0, 0, 0, 0, 0, 0, 0, 0, 0, 0, 0, 0, 0, 0, 0, 0, 0, 0, 0, 0, 0, 0, 0, 0, 0, 0, 0, 0, 0, 0, 0, 0, 0, 0, 0, 0, 0, 0, 0, 0, 0, 0, -0.0068117566, -0.006453601, -0.0065066763, -0.0070476057, -0.007858293, -0.008287106, -0.009129066, -0.00992693, -0.010308687, -0.011042738, -0.011742649, -0.012411824, -0.01273523, -0.013358418, -0.013947433, -0.014228783, -0.014764924, -0.015268711, -0.015745955, -0.015976492, -0.016424092, -0.016856031, -0.017066486, -0.017475286, -0.017865572, -0.018233815, -0.018408542, -0.018738855, -0.019045202, -0.019190814, -0.019469095, -0.0197336, -0.019861395, -0.020107668, -0.020340387, -0.020556215, -0.020656498, -0.02083959, -0.020998757, -0.021069719, -0.021196816, -0.02130853, -0.021408472, -0.021454541, -0.021538459, -0.021608979, -0.021638012, -0.02168001, -0.021697506, -0.021696083, -0.021673804, -0.021628112, -0.02156438, -0.021527622, -0.021446653, -0.021356778, -0.021308117, -0.021201277, -0.021077499, -0.020932153, -0.020850198, -0.020667396, -0.02046106, -0.020350326, -0.020117538, -0.019873029, -0.0197474, -0.01948976, -0.019221637, -0.018939357, -0.018791424, -0.01847918, -0.018143164, -0.017966254, -0.017596416, -0.0172094, -0.016809816, -0.016606381, -0.01619298, -0.01577008, -0.015554051, -0.015110233, -0.0146466745, -0.014406355, -0.0139073925, -0.013384658, -0.0128406575, -0.012561555, -0.0119904345, -0.011402204, -0.011100908, -0.01048058, -0.009829277, -0.0091358125, -0.008769527, -0.00799262, -0.0071673132, -0.006755602, -0.006054264, -0.0058358493
0, 0, 0, 0, 0, 0, 0, 0, 0, 0, 0, 0, 0, 0, 0, 0, 0, 0, 0, 0, 0, 0, 0, 0, 0, 0, 0, 0, 0, 0, 0, 0, 0, 0, 0, 0, 0, 0, 0, 0, 0, 0, 0, 0, 0, 0, 0, 0, 0, 0, -0.008967607, -0.007100405, -0.0067229057, -0.0068738963, -0.0075930445, -0.008018046, -0.008877384, -0.009699823, -0.010092369, -0.01084329, -0.011554508, -0.012230915, -0.012556885, -0.013184335, -0.013778217, -0.014061979, -0.014603999, -0.015114747, -0.015599672, -0.015834128, -0.016290082, -0.016731033, -0.016946357, -0.017365638, -0.01776802, -0.018149404, -0.018331211, -0.018675426, -0.018995252, -0.019146867, -0.019436335, -0.019710807, -0.019843105, -0.020098599, -0.020341171, -0.020568267, -0.020674739, -0.02087178, -0.021045577, -0.021123767, -0.021264222, -0.021385785, -0.0214918, -0.02153954, -0.02162442, -0.02169409, -0.021722613, -0.021764427, -0.021783795, -0.021784263, -0.021766925, -0.021727126, -0.021668732, -0.021633787, -0.021554448, -0.021463284, -0.021413136, -0.02130207, -0.021173824, -0.021024777, -0.02094157, -0.020757245, -0.020550622, -0.020439908, -0.020206321, -0.019959612, -0.019832097, -0.019569408, -0.019295337, -0.019007055, -0.018856395, -0.018539628, -0.018200595, -0.01802277, -0.017651714, -0.017263515, -0.01686191, -0.016656872, -0.016239392, -0.015811339, -0.015592745, -0.015144052, -0.014676805, -0.014435283, -0.013935371, -0.013413221, -0.012870657, -0.012592258, -0.012022002, -0.0114329, -0.011130432, -0.010506443, -0.009850154, -0.009150971, -0.008781765, -0.007999814, -0.007170841, -0.006757844, -0.0060552913, -0.005837205
0, 0, 0, 0, 0, 0, 0, 0, 0, 0, 0, 0, 0, 0, 0, 0, 0, 0, 0, 0, 0, 0, 0, 0, 0, 0, 0, 0, 0, 0, 0, 0, 0, 0, 0, 0, 0, 0, 0, 0, 0, 0, 0, 0, 0, 0, 0, 0, 0, 0, 0, -0.007174445, -0.006675553, -0.006694601, -0.0073779393, -0.0078032766, -0.008677156, -0.009515295, -0.009913648, -0.01067043, -0.011380906, -0.012052998, -0.012376418, -0.012999823, -0.013592167, -0.013876537, -0.014422038, -0.014938427, -0.015430117, -0.01566796, -0.016130712, -0.016578373, -0.01679699, -0.017223924, -0.01763532, -0.018028615, -0.018216895, -0.018576298, -0.018911825, -0.019071106, -0.01937484, -0.019661456, -0.019799206, -0.020064142, -0.020315388, -0.020551648, -0.02066329, -0.020872282, -0.021059522, -0.021144766, -0.021298032, -0.021429615, -0.021541595, -0.021590667, -0.021675898, -0.021744002, -0.021771656, -0.02181325, -0.021835607, -0.021838807, -0.021829681, -0.021800127, -0.021751171, -0.02172006, -0.02164522, -0.021553874, -0.021502031, -0.021385819, -0.021251362, -0.02109741, -0.021012746, -0.020827902, -0.02062311, -0.020514015, -0.02028326, -0.020037524, -0.019909494, -0.019643364, -0.019363523, -0.01906833, -0.018914197, -0.018592069, -0.018250158, -0.018071968, -0.017702093, -0.01731631, -0.016916594, -0.01671191, -0.016293323, -0.015862087, -0.015641147, -0.015187303, -0.014715246, -0.01447167, -0.013968663, -0.013445205, -0.012902394, -0.0126239555, -0.012053197, -0.011462232, -0.011158239, -0.010530266, -0.009869048, -0.00916505, -0.008793766, -0.008008552, -0.007177773, -0.006764527, -0.0060621877, -0.005845162
0, 0, 0, 0, 0, 0, 0, 0, 0, 0, 0, 0, 0, 0, 0, 0, 0, 0, 0, 0, 0, 0, 0, 0, 0, 0, 0, 0, 0, 0, 0, 0, 0, 0, 0, 0, 0, 0, 0, 0, 0, 0, 0, 0, 0, 0, 0, 0, 0, 0, 0, -0.0070651188, -0.006828384, -0.0067289337, -0.007263153, -0.007655143, -0.008509241, -0.009346876, -0.009744277, -0.01049366, -0.01119119, -0.011849024, -0.012166031, -0.012779632, -0.0133677265, -0.013652142, -0.014200766, -0.014723737, -0.015222721, -0.015464287, -0.015933605, -0.016386826, -0.016608061, -0.017040472, -0.01745997, -0.017863939, -0.018059311, -0.018435229, -0.018789737, -0.018958682, -0.019280927, -0.019583095, -0.019727195, -0.020002477, -0.020261344, -0.020504436, -0.020619903, -0.02083781, -0.021036193, -0.021127507, -0.02129346, -0.021436118, -0.021556314, -0.021608027, -0.021696161, -0.021765208, -0.021792814, -0.021835512, -0.02186131, -0.021867665, -0.02186726, -0.021848317, -0.021809606, -0.021782506, -0.021712445, -0.021621283, -0.021568028, -0.021446675, -0.021306634, -0.021148562, -0.021063017, -0.020879097, -0.020678569, -0.020572057, -0.02034669, -0.02010434, -0.019976787, -0.019708732, -0.019423474, -0.019121168, -0.018963696, -0.01863582, -0.018291663, -0.018113641, -0.017746395, -0.01736478, -0.016968867, -0.01676542, -0.016347049, -0.01591308, -0.015689977, -0.015230557, -0.014752684, -0.014506542, -0.013999697, -0.01347385, -0.012929674, -0.012650677, -0.0120781055, -0.011484175, -0.0111782625, -0.0105457725, -0.009880328, -0.009173337, -0.008801299, -0.008016204, -0.0071871737, -0.00677516, -0.0060757375, -0.005861051
0, 0, 0, 0, 0, 0, 0, 0, 0, 0, 0, 0, 0, 0, 0, 0, 0, 0, 0, 0, 0, 0, 0, 0, 0, 0, 0, 0, 0, 0, 0, 0, 0, 0, 0, 0, 0, 0, 0, 0, 0, 0, 0, 0, 0, 0, 0, 0, 0, 0, 0, -0.009366243, -0.008267754, -0.007055586, -0.007202267, -0.0075278124, -0.008337347, -0.009160044, -0.009549191, -0.010278275, -0.010953076, -0.011590441, -0.011899132, -0.012501131, -0.013084662, -0.013369384, -0.013923103, -0.014454635, -0.01496383, -0.015210416, -0.015688775, -0.016149608, -0.016374195, -0.016813284, -0.01724027, -0.017655406, -0.017857917, -0.018251335, -0.018626472, -0.01880646, -0.019149734, -0.019470023, -0.019621594, -0.019908296, -0.020174677, -0.020423329, -0.020541584, -0.02076608, -0.020974072, -0.021071216, -0.021250302, -0.021406678, -0.021538885, -0.021595767, -0.021691507, -0.021765072, -0.021794308, -0.021839537, -0.021868736, -0.021877613, -0.021883767, -0.021872848, -0.02184206, -0.021818234, -0.021752704, -0.021662574, -0.021608673, -0.021484617, -0.021341382, -0.021181872, -0.021096658, -0.02091576, -0.020720994, -0.020617805, -0.020398768, -0.02016065, -0.020033957, -0.019764734, -0.019475156, -0.019166978, -0.019006584, -0.018674627, -0.018329065, -0.018151542, -0.017787108, -0.017409239, -0.017016163, -0.016813226, -0.016393924, -0.015956257, -0.015730444, -0.015265226, -0.014781867, -0.014533575, -0.014023893, -0.013497004, -0.012952505, -0.01267324, -0.012098903, -0.01150158, -0.011193373, -0.010555747, -0.009885789, -0.009176399, -0.008804185, -0.008021033, -0.007196253, -0.006786731, -0.006091962, -0.00588088
0, 0, 0, 0, 0, 0, 0, 0, 0, 0, 0, 0, 0, 0, 0, 0, 0, 0, 0, 0, 0, 0, 0, 0, 0, 0, 0, 0, 0, 0, 0, 0, 0, 0, 0, 0, 0, 0, 0, 0, 0, 0, 0, 0, 0, 0, 0, 0, 0, 0, 0, 0, -0.008476874, -0.00707881, -0.007084345, -0.0073719183, -0.008131487, -0.008916349, -0.009288555, -0.009987165, -0.010637538, -0.011257254, -0.011559534, -0.012153956, -0.012736767, -0.01302341, -0.013585594, -0.0141299805, -0.014654306, -0.014908813, -0.015401908, -0.015875204, -0.016105192, -0.016553693, -0.016989723, -0.017415585, -0.017624553, -0.018033886, -0.01842815, -0.018618347, -0.018981757, -0.019320276, -0.01947946, -0.019778097, -0.020052403, -0.020306652, -0.020427328, -0.020657923, -0.020874698, -0.020977521, -0.021170216, -0.021342155, -0.02148958, -0.021553153, -0.021659818, -0.021740653, -0.021772511, -0.021821229, -0.021853352, -0.021863878, -0.021874268, -0.021868631, -0.021843703, -0.021822732, -0.021761922, -0.021674955, -0.021622052, -0.021498969, -0.021356616, -0.02119884, -0.021115188, -0.020938888, -0.02075004, -0.020650076, -0.020436902, -0.0202027, -0.020076914, -0.019807473, -0.019515561, -0.019204168, -0.019042365, -0.018708626, -0.018363265, -0.01818663, -0.017824627, -0.01744901, -0.017056426, -0.016852967, -0.016430397, -0.015987586, -0.015758842, -0.015288088, -0.014800891, -0.014551602, -0.01404205, -0.013517177, -0.012974941, -0.012696263, -0.012121511, -0.011521077, -0.01121041, -0.010566819, -0.009891074, -0.009177901, -0.008804984, -0.008022991, -0.007202032, -0.0067950324, -0.0061050113, -0.005897589
0, 0, 0, 0, 0, 0, 0, 0, 0, 0, 0, 0, 0, 0, 0, 0, 0, 0, 0, 0, 0, 0, 0, 0, 0, 0, 0, 0, 0, 0, 0, 0, 0, 0, 0, 0, 0, 0, 0, 0, 0, 0, 0, 0, 0, 0, 0, 0, 0, 0, 0, 0, 0, -0.0073094647, -0.0071456926, -0.007302159, -0.007877007, -0.00856865, -0.008915579, -0.009586632, -0.010226918, -0.01084457, -0.011147845, -0.011746632, -0.012337506, -0.012629676, -0.013206564, -0.013769444, -0.014315208, -0.014580544, -0.015094384, -0.015585802, -0.015823197, -0.016284306, -0.016730163, -0.017165126, -0.01737906, -0.017799882, -0.018208127, -0.018405948, -0.018785696, -0.019139273, -0.019305175, -0.019615095, -0.019897519, -0.02015764, -0.020281078, -0.020517763, -0.020742688, -0.02085075, -0.021055857, -0.021242011, -0.021403499, -0.021473594, -0.021591127, -0.021679556, -0.021714116, -0.0217667, -0.021801753, -0.0218139, -0.021827852, -0.021827066, -0.021808174, -0.021790413, -0.02173609, -0.021655144, -0.02160495, -0.021486422, -0.021348208, -0.021194449, -0.021112842, -0.0209414, -0.02075776, -0.020660382, -0.020451864, -0.020221038, -0.020096375, -0.019828215, -0.019536648, -0.0192256, -0.019064056, -0.018731853, -0.018389007, -0.018213721, -0.017854221, -0.01747981, -0.017086718, -0.016882034, -0.01645565, -0.016007625, -0.015776373, -0.015301415, -0.014812496, -0.014563428, -0.0140565345, -0.013536078, -0.012998079, -0.01272086, -0.012147055, -0.01154422, -0.011231256, -0.010581628, -0.009899169, -0.009180502, -0.00880578, -0.008022378, -0.0072028176, -0.0067971675, -0.0061103124, -0.0059057134
0, 0, 0, 0, 0, 0, 0, 0, 0, 0, 0, 0, 0, 0, 0, 0, 0, 0, 0, 0, 0, 0, 0, 0, 0, 0, 0, 0, 0, 0, 0, 0, 0, 0, 0, 0, 0, 0, 0, 0, 0, 0, 0, 0, 0, 0, 0, 0, 0, 0, 0, 0, 0, -0.008895085, -0.0074404925, -0.0072464566, -0.0074715596, -0.008057012, -0.008391081, -0.0090691745, -0.009731759, -0.010373699, -0.010688338, -0.011307773, -0.011917875, -0.012219934, -0.012817932, -0.013404901, -0.013976115, -0.0142541835, -0.01479212, -0.015303669, -0.015549479, -0.016023317, -0.016478056, -0.01691955, -0.017136564, -0.017563758, -0.01798036, -0.018182853, -0.018572735, -0.018937109, -0.019108238, -0.019427402, -0.019717608, -0.019984012, -0.020110419, -0.020353151, -0.020585045, -0.02069701, -0.020911252, -0.021106945, -0.021277888, -0.02135235, -0.02147758, -0.021571886, -0.02160889, -0.02166582, -0.021705039, -0.021719389, -0.021738859, -0.021744845, -0.021733671, -0.021720136, -0.02167429, -0.021601371, -0.02155466, -0.02144264, -0.021309616, -0.02116037, -0.021080967, -0.020913668, -0.020734109, -0.02063884, -0.020434225, -0.020207126, -0.020084187, -0.019819235, -0.019530969, -0.019223439, -0.019063897, -0.018735763, -0.018397236, -0.018224051, -0.017868068, -0.017495982, -0.017103361, -0.016898295, -0.016470041, -0.016019292, -0.015786609, -0.015309496, -0.014820309, -0.014571955, -0.014067768, -0.013551335, -0.013016975, -0.012741193, -0.012168634, -0.011564553, -0.011250018, -0.010595799, -0.00990766, -0.009183457, -0.008806461, -0.008019914, -0.0071992017, -0.006793633, -0.006107804, -0.005904541
0, 0, 0, 0, 0, 0, 0, 0, 0, 0, 0, 0, 0, 0, 0, 0, 0, 0, 0, 0, 0, 0, 0, 0, 0, 0, 0, 0, 0, 0, 0, 0, 0, 0, 0, 0, 0, 0, 0, 0, 0, 0, 0, 0, 0, 0, 0, 0, 0, 0, 0, 0, 0, -0.009175921, -0.007224031, -0.006798422, -0.0068196035, -0.0073940386, -0.007749686, -0.008485112, -0.009204019, -0.009893531, -0.010228144, -0.010881399, -0.0115189105, -0.011833429, -0.012455583, -0.013066716, -0.013662014, -0.013951365, -0.014509957, -0.015037916, -0.015290344, -0.01577449, -0.01623556, -0.016681055, -0.016899724, -0.01733021, -0.017750978, -0.01795615, -0.018352259, -0.018723434, -0.018898027, -0.019224005, -0.019520791, -0.01979343, -0.019922838, -0.020171111, -0.020408114, -0.020522516, -0.020741476, -0.020941779, -0.021116883, -0.021193262, -0.021322329, -0.02142102, -0.02146035, -0.02152255, -0.02156797, -0.021585789, -0.021613002, -0.02162787, -0.021625886, -0.021616887, -0.021579817, -0.02151481, -0.02147159, -0.02136557, -0.021237569, -0.021092556, -0.021015199, -0.020851742, -0.020676177, -0.020582914, -0.020382678, -0.020160662, -0.020040372, -0.019781012, -0.019498203, -0.019196069, -0.019039212, -0.018716428, -0.018382857, -0.018212011, -0.017860739, -0.01749276, -0.017103465, -0.016899718, -0.016473683, -0.016024083, -0.01579169, -0.015314915, -0.014825763, -0.014577483, -0.014073775, -0.013557872, -0.013024411, -0.012748951, -0.012176779, -0.011572524, -0.011257685, -0.010602152, -0.0099117085, -0.009184718, -0.008806302, -0.008016987, -0.0071942694, -0.0067879916, -0.006101515, -0.0058980794
0, 0, 0, 0, 0, 0, 0, 0, 0, 0, 0, 0, 0, 0, 0, 0, 0, 0, 0, 0, 0, 0, 0, 0, 0, 0, 0, 0, 0, 0, 0, 0, 0, 0, 0, 0, 0, 0, 0, 0, 0, 0, 0, 0, 0, 0, 0, 0, 0, 0, 0, 0, 0, 0, -0.0066232816, -0.0061358917, -0.006134652, -0.006749082, -0.007135797, -0.007940884, -0.008725614, -0.009468923, -0.009825603, -0.0105138365, -0.011178002, -0.011503893, -0.012145414, -0.012773846, -0.013383925, -0.013679903, -0.014249302, -0.01478526, -0.015040743, -0.015529496, -0.015994247, -0.016442368, -0.016662262, -0.017095597, -0.017519437, -0.017726425, -0.018126227, -0.018501423, -0.01867817, -0.019008644, -0.01931049, -0.01958856, -0.01972045, -0.019973509, -0.020214554, -0.020330457, -0.020551588, -0.020753307, -0.020929592, -0.021006806, -0.021138329, -0.021241225, -0.02128314, -0.021351997, -0.021405179, -0.021427235, -0.021463087, -0.021486437, -0.021492623, -0.021487491, -0.021457447, -0.021398583, -0.021358209, -0.021257566, -0.021134458, -0.02099427, -0.020919263, -0.020760598, -0.02059019, -0.020499673, -0.02030562, -0.020090407, -0.019973654, -0.019721443, -0.019445492, -0.019149305, -0.01899507, -0.018676974, -0.018347668, -0.01817895, -0.017832093, -0.017469214, -0.017085692, -0.016885092, -0.016464949, -0.016020602, -0.015790265, -0.01531614, -0.014827489, -0.014578606, -0.014072618, -0.013553561, -0.013017369, -0.012740953, -0.012167955, -0.011564668, -0.011250753, -0.010597577, -0.009909259, -0.009183594, -0.008805349, -0.00801547, -0.007191175, -0.006783949, -0.006095766, -0.005891228
0, 0, 0, 0, 0, 0, 0, 0, 0, 0, 0, 0, 0, 0, 0, 0, 0, 0, 0, 0, 0, 0, 0, 0, 0, 0, 0, 0, 0, 0, 0, 0, 0, 0, 0, 0, 0, 0, 0, 0, 0, 0, 0, 0, 0, 0, 0, 0, 0, 0, 0, 0, 0, 0, -0.0060782116, -0.005868514, -0.00580116, -0.0063175615, -0.0066967206, -0.0075342865, -0.008369833, -0.00915533, -0.009527737, -0.010239507, -0.01091862, -0.011249666, -0.011898766, -0.012531364, -0.013142624, -0.013438274, -0.014005814, -0.014539377, -0.014793997, -0.015281884, -0.015747426, -0.01619801, -0.016419545, -0.016856063, -0.017282903, -0.017491195, -0.017892899, -0.018269544, -0.018446956, -0.018779403, -0.019084236, -0.01936617, -0.019500433, -0.019757798, -0.020002348, -0.02011971, -0.020342618, -0.020545544, -0.020723253, -0.020801634, -0.020936836, -0.021044971, -0.021090264, -0.02116672, -0.021227827, -0.021253726, -0.021296654, -0.021325957, -0.021337304, -0.021334473, -0.021309039, -0.021254856, -0.021217225, -0.021122547, -0.021006089, -0.020872828, -0.02080134, -0.020649742, -0.020486439, -0.020399634, -0.020213123, -0.020005882, -0.01989323, -0.019649077, -0.019380381, -0.019090274, -0.018938573, -0.018624287, -0.018298207, -0.018130945, -0.017787298, -0.01742883, -0.017051337, -0.016854348, -0.016442282, -0.016005816, -0.015778948, -0.015309798, -0.014822905, -0.014573685, -0.014064902, -0.013541652, -0.013001101, -0.012723099, -0.012148936, -0.011547183, -0.0112350285, -0.010586486, -0.009903237, -0.00918176, -0.008804892, -0.008016111, -0.007190934, -0.006782699, -0.006092233, -0.0058857556
0, 0, 0, 0, 0, 0, 0, 0, 0, 0, 0, 0, 0, 0, 0, 0, 0, 0, 0, 0, 0, 0, 0, 0, 0, 0, 0, 0, 0, 0, 0, 0, 0, 0, 0, 0, 0, 0, 0, 0, 0, 0, 0, 0, 0, 0, 0, 0, 0, 0, 0, 0, 0, 0, -0.007869331, -0.0069180606, -0.0059090736, -0.006117568, -0.006460573, -0.0073078945, -0.008172862, -0.008975686, -0.009351742, -0.010064222, -0.010739274, -0.011067413, -0.011709071, -0.012331831, -0.012931371, -0.013220856, -0.0137762, -0.014299563, -0.014550371, -0.0150332805, -0.015498059, -0.015950445, -0.01617326, -0.016612519, -0.017040702, -0.017249087, -0.017649485, -0.018024106, -0.018200623, -0.018532284, -0.018837862, -0.019122476, -0.019258419, -0.019519577, -0.019767685, -0.019886574, -0.020111997, -0.02031729, -0.020497987, -0.020578414, -0.02071868, -0.020833576, -0.020882588, -0.020966306, -0.02103422, -0.021063017, -0.021110177, -0.021142341, -0.021155953, -0.021154402, -0.02113242, -0.021084031, -0.021049952, -0.020964118, -0.020857433, -0.020734474, -0.020667814, -0.020525422, -0.020370362, -0.020287482, -0.020108616, -0.019909116, -0.019800542, -0.019564608, -0.019303964, -0.019020978, -0.01887245, -0.018563153, -0.018240169, -0.01807418, -0.01773289, -0.017377395, -0.017004691, -0.016810758, -0.016406173, -0.015978247, -0.015755462, -0.015293186, -0.014810579, -0.014562447, -0.014053651, -0.013528211, -0.012985091, -0.012706131, -0.012131303, -0.011531249, -0.011220696, -0.01057666, -0.0098984605, -0.009180963, -0.00880542, -0.008017551, -0.007191246, -0.0067818942, -0.0060887192, -0.00587986
0, 0, 0, 0, 0, 0, 0, 0, 0, 0, 0, 0, 0, 0, 0, 0, 0, 0, 0, 0, 0, 0, 0, 0, 0, 0, 0, 0, 0, 0, 0, 0, 0, 0, 0, 0, 0, 0, 0, 0, 0, 0, 0, 0, 0, 0, 0, 0, 0, 0, 0, 0, 0, 0, 0, -0.0070292973, -0.005980004, -0.0061145825, -0.006447377, -0.0072845058, -0.008131792, -0.008908244, -0.009270521, -0.009957289, -0.010610561, -0.010928627, -0.011551558, -0.01215538, -0.012736229, -0.013016728, -0.013555326, -0.014066159, -0.014312114, -0.014789449, -0.015251958, -0.015704732, -0.015927808, -0.01636651, -0.016792122, -0.016998183, -0.017393285, -0.017762296, -0.017936517, -0.018265318, -0.018570555, -0.018856818, -0.018993942, -0.019257993, -0.0195088, -0.019628843, -0.019856194, -0.020063791, -0.020247787, -0.02033031, -0.02047619, -0.020598032, -0.020650635, -0.02074121, -0.020814603, -0.020845402, -0.020895287, -0.020928824, -0.02094412, -0.020944143, -0.020927211, -0.02088714, -0.020858504, -0.020784905, -0.020691548, -0.020581137, -0.020520227, -0.020387525, -0.020240225, -0.020160533, -0.019987816, -0.019794805, -0.01968984, -0.019462328, -0.019211156, -0.018937893, -0.018793855, -0.018492294, -0.018175136, -0.018011224, -0.017672986, -0.017320111, -0.016950566, -0.016758723, -0.01635977, -0.015938953, -0.015720187, -0.015265824, -0.014790297, -0.014544962, -0.014040123, -0.013516878, -0.012974664, -0.012695897, -0.0121218, -0.011523078, -0.011213512, -0.010571874, -0.009896086, -0.0091802, -0.008804887, -0.008016294, -0.00718794, -0.0067773606, -0.006081621, -0.0058705993
0, 0, 0, 0, 0, 0, 0, 0, 0, 0, 0, 0, 0, 0, 0, 0, 0, 0, 0, 0, 0, 0, 0, 0, 0, 0, 0, 0, 0, 0, 0, 0, 0, 0, 0, 0, 0, 0, 0, 0, 0, 0, 0, 0, 0, 0, 0, 0, 0, 0, 0, 0, 0, 0, 0, 0, -0.009836638, -0.007951523, -0.0075795483, -0.007626844, -0.008131281, -0.00874754, -0.009061062, -0.009681134, -0.010288521, -0.0105873225, -0.011174469, -0.011744891, -0.01229527, -0.012562184, -0.013079193, -0.01357587, -0.013817355, -0.014289492, -0.01474822, -0.015194543, -0.015412931, -0.015838236, -0.016246213, -0.016442822, -0.016820593, -0.017176814, -0.017347114, -0.017673036, -0.017980542, -0.01827106, -0.018410293, -0.018676765, -0.018927047, -0.019045938, -0.019270381, -0.019476283, -0.019662315, -0.019747786, -0.019903302, -0.020038433, -0.020098515, -0.02020369, -0.02028979, -0.020325808, -0.020385033, -0.020427328, -0.020453177, -0.020459875, -0.020460637, -0.020443888, -0.020428654, -0.02038356, -0.02031813, -0.020232202, -0.020181559, -0.020065097, -0.019929232, -0.019854195, -0.01969014, -0.019507617, -0.019409552, -0.019199753, -0.018971212, -0.018723732, -0.018592587, -0.018315656, -0.018019024, -0.017863603, -0.017538497, -0.01719454, -0.016831554, -0.01664285, -0.016251026, -0.01584002, -0.015627174, -0.015186532, -0.014725947, -0.014488121, -0.013997101, -0.013485186, -0.012951124, -0.012675279, -0.0121048195, -0.011507879, -0.011198687, -0.010556993, -0.009880492, -0.009163075, -0.008786702, -0.007995622, -0.0071645, -0.006752733, -0.006054918, -0.005841935
0, 0, 0, 0, 0, 0, 0, 0, 0, 0, 0, 0, 0, 0, 0, 0, 0, 0, 0, 0, 0, 0, 0, 0, 0, 0, 0, 0, 0, 0, 0, 0, 0, 0, 0, 0, 0, 0, 0, 0, 0, 0, 0, 0, 0, 0, 0, 0, 0, 0, 0, 0, 0, 0, 0, 0, -0.014484752, -0.0086670825, -0.0077159293, -0.0073784823, -0.007818147, -0.008440189, -0.008761041, -0.009392997, -0.01000519, -0.010304055, -0.010887995, -0.01145316, -0.011999279, -0.012264986, -0.012781902, -0.013280591, -0.013523616, -0.013997509, -0.014455627, -0.014897485, -0.015112357, -0.01552865, -0.015927272, -0.016119733, -0.016491469, -0.016845804, -0.017016405, -0.017345227, -0.017656984, -0.017951218, -0.018091628, -0.0183586, -0.018607287, -0.018724825, -0.01894653, -0.019150836, -0.019338058, -0.019425223, -0.019586599, -0.019730013, -0.019794745, -0.019909533, -0.020005058, -0.020045828, -0.020113656, -0.020164447, -0.0201991, -0.020210428, -0.02022103, -0.020215016, -0.020205293, -0.020171382, -0.020117026, -0.020040916, -0.019994697, -0.019886296, -0.019757511, -0.019685768, -0.01952845, -0.019353533, -0.019259721, -0.019059537, -0.01884217, -0.018606378, -0.018481258, -0.018216023, -0.01793026, -0.017779717, -0.017463008, -0.01712573, -0.016768098, -0.016581772, -0.016194321, -0.015787646, -0.015577063, -0.015141187, -0.014685351, -0.014449875, -0.013963088, -0.013454739, -0.01292336, -0.012648529, -0.012079684, -0.011484009, -0.011175438, -0.010534908, -0.009859716, -0.00914372, -0.008768137, -0.007978656, -0.0071489634, -0.0067377067, -0.006040546, -0.005827205
0, 0, 0, 0, 0, 0, 0, 0, 0, 0, 0, 0, 0, 0, 0, 0, 0, 0, 0, 0, 0, 0, 0, 0, 0, 0, 0, 0, 0, 0, 0, 0, 0, 0, 0, 0, 0, 0, 0, 0, 0, 0, 0, 0, 0, 0, 0, 0, 0, 0, 0, 0, 0, 0, 0, 0, 0, -0.006943063, -0.006646283, -0.00671766, -0.007292828, -0.0079912925, -0.008338484, -0.009005369, -0.009636115, -0.009939943, -0.010529136, -0.011096584, -0.011645058, -0.011912445, -0.0124344975, -0.01293911, -0.013184846, -0.013662244, -0.014120546, -0.0145593295, -0.014771244, -0.015181107, -0.015573362, -0.01576357, -0.01613278, -0.016487723, -0.016659928, -0.016992783, -0.01730889, -0.017606452, -0.017747968, -0.01801597, -0.018264554, -0.018381827, -0.018603515, -0.018809503, -0.019000897, -0.01909138, -0.019260924, -0.019414324, -0.01948435, -0.01961024, -0.019716801, -0.019762732, -0.019840932, -0.019901639, -0.019945519, -0.019961234, -0.01998065, -0.019983452, -0.019978115, -0.01995329, -0.019908205, -0.019841842, -0.019800676, -0.019702647, -0.019584322, -0.019518001, -0.01937159, -0.019207325, -0.019118719, -0.018928424, -0.01872045, -0.018493539, -0.018372508, -0.018115425, -0.017837536, -0.017690718, -0.017381515, -0.017051347, -0.016700452, -0.016517302, -0.016136141, -0.015734928, -0.015526759, -0.015095098, -0.014642314, -0.014407942, -0.013922678, -0.013415083, -0.012884349, -0.012609887, -0.012042141, -0.011448357, -0.011141078, -0.010503689, -0.009832213, -0.00912002, -0.008746279, -0.007960008, -0.0071327183, -0.0067222905, -0.006025905, -0.005811831
0, 0, 0, 0, 0, 0, 0, 0, 0, 0, 0, 0, 0, 0, 0, 0, 0, 0, 0, 0, 0, 0, 0, 0, 0, 0, 0, 0, 0, 0, 0, 0, 0, 0, 0, 0, 0, 0, 0, 0, 0, 0, 0, 0, 0, 0, 0, 0, 0, 0, 0, 0, 0, 0, 0, 0, 0, -0.0068945247, -0.006311691, -0.006227269, -0.0067954664, -0.00751696, -0.007877387, -0.008567262, -0.009214722, -0.009525042, -0.010123657, -0.010698306, -0.0112532, -0.011524004, -0.012052754, -0.012563448, -0.0128115425, -0.013291944, -0.013750537, -0.014187054, -0.014397191, -0.014803244, -0.015192356, -0.015381486, -0.015749674, -0.016105587, -0.016278597, -0.016613701, -0.016932106, -0.017231498, -0.017373836, -0.017643515, -0.017894391, -0.018013261, -0.018239265, -0.018451342, -0.018650768, -0.018745739, -0.018925278, -0.019089429, -0.019164998, -0.019302092, -0.019419566, -0.019471027, -0.019559855, -0.019630538, -0.019683834, -0.019704064, -0.019732097, -0.019743215, -0.019742306, -0.019726496, -0.019691242, -0.019635877, -0.019600747, -0.019515514, -0.019410904, -0.019351522, -0.019218639, -0.019067025, -0.018984148, -0.018804042, -0.018604137, -0.018383635, -0.018265482, -0.018013423, -0.017740438, -0.017596275, -0.017292812, -0.016969055, -0.016625429, -0.016446128, -0.016072325, -0.015678097, -0.015472937, -0.015046093, -0.014596182, -0.014362582, -0.013877909, -0.013370014, -0.012838878, -0.012564539, -0.011997811, -0.011406288, -0.011100689, -0.0104674315, -0.00980043, -0.009092526, -0.008720589, -0.007937188, -0.0071116346, -0.006701638, -0.006005544, -0.005789856
0, 0, 0, 0, 0, 0, 0, 0, 0, 0, 0, 0, 0, 0, 0, 0, 0, 0, 0, 0, 0, 0, 0, 0, 0, 0, 0, 0, 0, 0, 0, 0, 0, 0, 0, 0, 0, 0, 0, 0, 0, 0, 0, 0, 0, 0, 0, 0, 0, 0, 0, 0, 0, 0, 0, 0, 0, -0.006443261, -0.006184942, -0.006006357, -0.006411275, -0.007069131, -0.0074213906, -0.008116378, -0.008777889, -0.009095357, -0.009706278, -0.010290622, -0.010852856, -0.011126505, -0.0116596185, -0.01217279, -0.012421456, -0.012901756, -0.013358692, -0.013792801, -0.014001759, -0.014405204, -0.014792143, -0.014980241, -0.015346779, -0.015701162, -0.015873611, -0.016207842, -0.016525937, -0.016826129, -0.016969198, -0.01724189, -0.017497458, -0.0176195, -0.017853426, -0.018074475, -0.01828364, -0.018383574, -0.018573416, -0.018747643, -0.018828308, -0.018975796, -0.01910386, -0.01916067, -0.019260122, -0.019341173, -0.019404864, -0.019430257, -0.019468646, -0.01949027, -0.019494694, -0.01948978, -0.019466262, -0.01942342, -0.019394677, -0.019322868, -0.019231828, -0.019179111, -0.019059299, -0.018919667, -0.018842362, -0.018672206, -0.018480562, -0.018266914, -0.018151755, -0.017904818, -0.017636288, -0.017494315, -0.017195357, -0.016876917, -0.016539488, -0.016363703, -0.015997428, -0.015610579, -0.0154087925, -0.014987695, -0.0145421, -0.014310004, -0.013826971, -0.01331969, -0.012788793, -0.012514601, -0.011948967, -0.011359737, -0.011055625, -0.0104259, -0.009762453, -0.00905735, -0.008686432, -0.007904194, -0.007078976, -0.006668974, -0.005972464, -0.0057551097
0, 0, 0, 0, 0, 0, 0, 0, 0, 0, 0, 0, 0, 0, 0, 0, 0, 0, 0, 0, 0, 0, 0, 0, 0, 0, 0, 0, 0, 0, 0, 0, 0, 0, 0, 0, 0, 0, 0, 0, 0, 0, 0, 0, 0, 0, 0, 0, 0, 0, 0, 0, 0, 0, 0, 0, 0, -0.008255611, -0.007205729, -0.006015668, -0.0060546617, -0.0066191284, -0.0069645094, -0.0076721953, -0.008354203, -0.0086806, -0.009305178, -0.009897311, -0.0104627265, -0.010736405, -0.011267195, -0.0117762135, -0.012022402, -0.012497709, -0.012950057, -0.013380264, -0.013587648, -0.013988059, -0.014371924, -0.01455857, -0.014921915, -0.015273001, -0.01544393, -0.015775945, -0.016093478, -0.01639535, -0.016540404, -0.01681818, -0.017081048, -0.017207297, -0.017450057, -0.017680528, -0.017898833, -0.01800323, -0.018201666, -0.018385027, -0.018470477, -0.018627865, -0.018766848, -0.018829236, -0.018940061, -0.01903284, -0.019108355, -0.019139897, -0.019190848, -0.0192254, -0.01923637, -0.019244807, -0.019234471, -0.019204311, -0.019181754, -0.019121135, -0.019040417, -0.018992463, -0.018881723, -0.018751245, -0.018678589, -0.018518077, -0.018336458, -0.01813248, -0.018021883, -0.017783126, -0.01752135, -0.017382108, -0.017087758, -0.016773405, -0.016440274, -0.01626686, -0.01590618, -0.015525526, -0.015327101, -0.014912361, -0.014472428, -0.01424262, -0.013763335, -0.013258276, -0.0127286315, -0.012455036, -0.011890691, -0.011303403, -0.011000437, -0.010373293, -0.0097122295, -0.009008686, -0.00863821, -0.007856171, -0.0070308973, -0.006620991, -0.0059247143, -0.005706231
0, 0, 0, 0, 0, 0, 0, 0, 0, 0, 0, 0, 0, 0, 0, 0, 0, 0, 0, 0, 0, 0, 0, 0, 0, 0, 0, 0, 0, 0, 0, 0, 0, 0, 0, 0, 0, 0, 0, 0, 0, 0, 0, 0, 0, 0, 0, 0, 0, 0, 0, 0, 0, 0, 0, 0, 0, 0, -0.0070366072, -0.005649468, -0.0056012026, -0.0061670495, -0.0065260767, -0.007264032, -0.00796872, -0.008302243, -0.008933533, -0.009524083, -0.010081634, -0.010350162, -0.010869203, -0.011366077, -0.011606555, -0.01207193, -0.012516629, -0.012941396, -0.01314644, -0.013543373, -0.013924127, -0.01410903, -0.014468867, -0.014817366, -0.014987425, -0.015319262, -0.015639534, -0.015947023, -0.01609558, -0.016382068, -0.016654197, -0.016784951, -0.017036188, -0.017274102, -0.017499175, -0.017607033, -0.017812932, -0.018005222, -0.018095696, -0.018264556, -0.01841584, -0.018484637, -0.018608287, -0.018713586, -0.018801592, -0.018839473, -0.018903308, -0.01895147, -0.01896943, -0.018991813, -0.018994978, -0.018976865, -0.01895943, -0.01890715, -0.018832562, -0.018787049, -0.018680934, -0.018556176, -0.018487107, -0.018335575, -0.018165387, -0.017974239, -0.017870104, -0.017643297, -0.017391142, -0.017255599, -0.016966576, -0.016655324, -0.016324438, -0.016152231, -0.015794555, -0.015418272, -0.015222464, -0.014813715, -0.014379834, -0.014152751, -0.013678229, -0.013176457, -0.012648867, -0.0123760635, -0.011813303, -0.011227958, -0.010926315, -0.010302034, -0.009643847, -0.008942786, -0.0085733235, -0.0077931546, -0.0069698594, -0.0065610483, -0.005866926, -0.0056483787
0, 0, 0, 0, 0, 0, 0, 0, 0, 0, 0, 0, 0, 0, 0, 0, 0, 0, 0, 0, 0, 0, 0, 0, 0, 0, 0, 0, 0, 0, 0, 0, 0, 0, 0, 0, 0, 0, 0, 0, 0, 0, 0, 0, 0, 0, 0, 0, 0, 0, 0, 0, 0, 0, 0, 0, 0, 0, 0, -0.005270112, -0.0052912934, -0.005835249, -0.0061923373, -0.0069334, -0.007637723, -0.007967875, -0.008586894, -0.009159142, -0.009695121, -0.009952132, -0.0104493415, -0.0109270625, -0.011159594, -0.011612245, -0.0120483795, -0.012467749, -0.012670982, -0.013064851, -0.013443154, -0.01362703, -0.013985357, -0.014333326, -0.014504313, -0.014840485, -0.015168404, -0.015486351, -0.015640862, -0.015938975, -0.016221402, -0.016356586, -0.01661489, -0.016858151, -0.017088378, -0.017199146, -0.017412724, -0.017615352, -0.017712072, -0.017894901, -0.018060798, -0.018136691, -0.01827358, -0.018390598, -0.018489225, -0.01853214, -0.018606521, -0.018665846, -0.018689893, -0.018725114, -0.018741021, -0.018734174, -0.018721387, -0.018676298, -0.01860587, -0.018561848, -0.018458344, -0.018337362, -0.018271131, -0.018127706, -0.017968688, -0.01779083, -0.017693592, -0.017479837, -0.017238382, -0.017106984, -0.016823554, -0.016515156, -0.016185485, -0.01601382, -0.015657786, -0.015284633, -0.015090907, -0.014687464, -0.014259259, -0.01403494, -0.013564998, -0.013066551, -0.0125414105, -0.012269623, -0.011709217, -0.011126969, -0.010827128, -0.010207331, -0.009554483, -0.008859259, -0.008492711, -0.0077184336, -0.006901016, -0.0064951745, -0.005805985, -0.0055883853
0, 0, 0, 0, 0, 0, 0, 0, 0, 0, 0, 0, 0, 0, 0, 0, 0, 0, 0, 0, 0, 0, 0, 0, 0, 0, 0, 0, 0, 0, 0, 0, 0, 0, 0, 0, 0, 0, 0, 0, 0, 0, 0, 0, 0, 0, 0, 0, 0, 0, 0, 0, 0, 0, 0, 0, 0, 0, 0, -0.005951953, -0.0053607263, -0.0056946916, -0.006000326, -0.006680091, -0.0073448126, -0.007657837, -0.008242848, -0.008781283, -0.009284672, -0.009526714, -0.009996587, -0.010452793, -0.010676948, -0.011117735, -0.011547328, -0.0119635835, -0.012165878, -0.0125584295, -0.012935549, -0.013118845, -0.013477219, -0.013827664, -0.014001071, -0.014344843, -0.014683953, -0.015015314, -0.015176632, -0.015487683, -0.015780412, -0.015919553, -0.016183829, -0.01643176, -0.016667215, -0.016781403, -0.017004248, -0.017219419, -0.01732343, -0.01752169, -0.01770292, -0.01778571, -0.017934605, -0.01806069, -0.018166015, -0.018211966, -0.018292477, -0.018359128, -0.018387577, -0.018433185, -0.01846053, -0.018464822, -0.018457117, -0.018420493, -0.018356077, -0.018314455, -0.018214934, -0.01809819, -0.01803453, -0.017897798, -0.017747583, -0.017580017, -0.017488057, -0.017284619, -0.017051883, -0.016924016, -0.016645918, -0.016340777, -0.016013436, -0.015842827, -0.01548944, -0.01512008, -0.014928727, -0.014530365, -0.014107661, -0.013885925, -0.013420416, -0.012925688, -0.012403794, -0.012133669, -0.011576916, -0.01099927, -0.010702326, -0.010089364, -0.009444866, -0.008759067, -0.008397518, -0.0076334337, -0.006826151, -0.006424979, -0.0057435757, -0.005528047
0, 0, 0, 0, 0, 0, 0, 0, 0, 0, 0, 0, 0, 0, 0, 0, 0, 0, 0, 0, 0, 0, 0, 0, 0, 0, 0, 0, 0, 0, 0, 0, 0, 0, 0, 0, 0, 0, 0, 0, 0, 0, 0, 0, 0, 0, 0, 0, 0, 0, 0, 0, 0, 0, 0, 0, 0, 0, 0, -0.0059703817, -0.0055540223, -0.00565276, -0.00586855, -0.0064362306, -0.007037673, -0.007326398, -0.007869047, -0.008369437, -0.008839126, -0.009066236, -0.009511195, -0.009949827, -0.010167851, -0.010601158, -0.011028475, -0.011444454, -0.011647037, -0.012039918, -0.012416914, -0.012600132, -0.01295937, -0.013313123, -0.013489188, -0.013840854, -0.014190767, -0.0145345535, -0.014702094, -0.015024358, -0.015326356, -0.015469174, -0.015739376, -0.01599278, -0.016234932, -0.016353292, -0.01658642, -0.016814383, -0.016925363, -0.017137917, -0.017332233, -0.017420746, -0.017578842, -0.017710803, -0.017819727, -0.017866936, -0.017949972, -0.01802092, -0.018052202, -0.018105492, -0.01814255, -0.01815766, -0.018155497, -0.018129524, -0.01807441, -0.018036868, -0.017944464, -0.017833669, -0.017772766, -0.0176412, -0.01749618, -0.017333932, -0.0172447, -0.017046707, -0.016819207, -0.016693886, -0.016420707, -0.016120441, -0.015798137, -0.015630165, -0.015282468, -0.014918973, -0.014730761, -0.014338607, -0.013921858, -0.01370301, -0.013242837, -0.012753316, -0.012236726, -0.011969352, -0.011418484, -0.010847557, -0.010554385, -0.009949985, -0.009315387, -0.008640802, -0.0082853325, -0.007533938, -0.0067395004, -0.0063445764, -0.0056733354, -0.005461086
0, 0, 0, 0, 0, 0, 0, 0, 0, 0, 0, 0, 0, 0, 0, 0, 0, 0, 0, 0, 0, 0, 0, 0, 0, 0, 0, 0, 0, 0, 0, 0, 0, 0, 0, 0, 0, 0, 0, 0, 0, 0, 0, 0, 0, 0, 0, 0, 0, 0, 0, 0, 0, 0, 0, 0, 0, 0, 0, -0.0077991746, -0.0060753743, -0.0055808136, -0.0056658415, -0.006111436, -0.0066597094, -0.006929682, -0.0074395686, -0.007911517, -0.008357227, -0.008574121, -0.009003308, -0.00943232, -0.009647704, -0.010079541, -0.0105082495, -0.01092693, -0.011130826, -0.0115253655, -0.011903312, -0.012087083, -0.012447866, -0.012804439, -0.012982531, -0.013339816, -0.013696918, -0.014048554, -0.014220175, -0.014550641, -0.014860122, -0.015006318, -0.015283408, -0.015543857, -0.015793521, -0.015916137, -0.016158266, -0.016395936, -0.01651183, -0.016733624, -0.016936552, -0.017028745, -0.017192487, -0.017328866, -0.017440652, -0.017489005, -0.017574547, -0.01764841, -0.017681671, -0.017740179, -0.017784055, -0.01780783, -0.017810334, -0.01779457, -0.017750088, -0.017717624, -0.017634522, -0.017531054, -0.017472962, -0.0173453, -0.017202336, -0.017041259, -0.016952604, -0.016756099, -0.016531501, -0.016408203, -0.016140677, -0.015847847, -0.015533907, -0.01537028, -0.015031055, -0.014675563, -0.014491065, -0.014106072, -0.013696224, -0.013480878, -0.013028154, -0.012546693, -0.012038733, -0.011775851, -0.011234117, -0.0106722275, -0.010383547, -0.009788264, -0.0091632735, -0.008499452, -0.008149861, -0.0074113337, -0.0066311085, -0.0062433924, -0.0055846227, -0.00537721
0, 0, 0, 0, 0, 0, 0, 0, 0, 0, 0, 0, 0, 0, 0, 0, 0, 0, 0, 0, 0, 0, 0, 0, 0, 0, 0, 0, 0, 0, 0, 0, 0, 0, 0, 0, 0, 0, 0, 0, 0, 0, 0, 0, 0, 0, 0, 0, 0, 0, 0, 0, 0, 0, 0, 0, 0, 0, 0, 0, -0.00590276, -0.005243258, -0.0052851564, -0.005679719, -0.006199263, -0.0064585377, -0.0069514546, -0.0074103083, -0.007846534, -0.008060105, -0.0084851505, -0.008913179, -0.009129148, -0.009563289, -0.009995562, -0.010418057, -0.010623768, -0.011022284, -0.011403917, -0.011589506, -0.0119535, -0.01231308, -0.012492561, -0.012852385, -0.013211886, -0.013566599, -0.0137399975, -0.014074976, -0.014390316, -0.014540135, -0.0148247015, -0.015093038, -0.015350026, -0.015475701, -0.015723024, -0.015964182, -0.016081372, -0.01630553, -0.016510714, -0.01660434, -0.016771767, -0.016912593, -0.01702964, -0.017080639, -0.017170718, -0.0172482, -0.017282885, -0.017343702, -0.017389966, -0.01741701, -0.01742197, -0.017412642, -0.017376259, -0.017348206, -0.017273698, -0.017177321, -0.017121773, -0.016997326, -0.016855203, -0.016693642, -0.016604727, -0.016408756, -0.01618712, -0.016066434, -0.015806349, -0.015523357, -0.015220056, -0.015061702, -0.014732057, -0.014384762, -0.014203952, -0.013825868, -0.013423307, -0.013212177, -0.012769237, -0.012299419, -0.011804224, -0.011547881, -0.0110187745, -0.010468419, -0.010184949, -0.009599131, -0.00898324, -0.008329037, -0.007984881, -0.0072590844, -0.006494212, -0.006114795, -0.005471358, -0.0052706175
0, 0, 0, 0, 0, 0, 0, 0, 0, 0, 0, 0, 0, 0, 0, 0, 0, 0, 0, 0, 0, 0, 0, 0, 0, 0, 0, 0, 0, 0, 0, 0, 0, 0, 0, 0, 0, 0, 0, 0, 0, 0, 0, 0, 0, 0, 0, 0, 0, 0, 0, 0, 0, 0, 0, 0, 0, 0, 0, 0, -0.005319307, -0.0049638003, -0.004947955, -0.0052261474, -0.005690519, -0.005938248, -0.0064233853, -0.006883515, -0.007324008, -0.007540098, -0.007970224, -0.008402653, -0.008620309, -0.009057897, -0.009493119, -0.009919823, -0.01012819, -0.01053293, -0.0109218685, -0.011111053, -0.011481601, -0.011845679, -0.012026496, -0.012387268, -0.012745946, -0.013099661, -0.013272964, -0.013609394, -0.013928911, -0.014081814, -0.014373792, -0.014649372, -0.014911637, -0.015038702, -0.015286062, -0.015524082, -0.015639026, -0.015858512, -0.01606032, -0.016153524, -0.016322928, -0.016469335, -0.016594036, -0.016649019, -0.016745731, -0.016827183, -0.016862439, -0.016922154, -0.016965367, -0.016989583, -0.016993716, -0.01698474, -0.01695179, -0.016926212, -0.016857784, -0.016767152, -0.016713945, -0.01659269, -0.016451703, -0.016290508, -0.016201844, -0.016007831, -0.01579094, -0.015673911, -0.0154233845, -0.015151503, -0.014859451, -0.014706097, -0.014384989, -0.014044265, -0.0138662, -0.013493832, -0.013098443, -0.012891824, -0.012460509, -0.012005265, -0.01152664, -0.011278707, -0.010765668, -0.010229303, -0.009951976, -0.009376881, -0.00877067, -0.008126919, -0.0077888328, -0.007077709, -0.0063309683, -0.005961515, -0.005336712, -0.0051447037
0, 0, 0, 0, 0, 0, 0, 0, 0, 0, 0, 0, 0, 0, 0, 0, 0, 0, 0, 0, 0, 0, 0, 0, 0, 0, 0, 0, 0, 0, 0, 0, 0, 0, 0, 0, 0, 0, 0, 0, 0, 0, 0, 0, 0, 0, 0, 0, 0, 0, 0, 0, 0, 0, 0, 0, 0, 0, 0, 0, -0.006653235, -0.0051281922, -0.0047907745, -0.004774177, -0.0051590037, -0.005397936, -0.005887366, -0.0063610515, -0.0068154703, -0.007037779, -0.0074774935, -0.007915697, -0.008135095, -0.008574304, -0.009011005, -0.0094409045, -0.009652069, -0.010064621, -0.010462999, -0.010657217, -0.011036559, -0.011406434, -0.011588728, -0.011949613, -0.012305471, -0.012655181, -0.012826782, -0.0131617, -0.013482876, -0.01363764, -0.013934639, -0.0142150475, -0.014479437, -0.014606133, -0.014849347, -0.0150791975, -0.015189315, -0.015399085, -0.015593652, -0.015684905, -0.015854225, -0.016005175, -0.01613707, -0.016195772, -0.016298514, -0.016382057, -0.01641671, -0.016471867, -0.016508017, -0.016524773, -0.01652576, -0.016512891, -0.016479608, -0.016455112, -0.01639043, -0.016304376, -0.016253343, -0.016135441, -0.01599665, -0.015837096, -0.015749589, -0.015559325, -0.015349086, -0.015236415, -0.014996199, -0.014735557, -0.01445376, -0.014304787, -0.013990525, -0.013654728, -0.013478801, -0.013111177, -0.012722911, -0.01252124, -0.012102846, -0.011664072, -0.0112041375, -0.01096573, -0.010471019, -0.009950934, -0.009680774, -0.009118801, -0.008525176, -0.007895593, -0.0075657084, -0.00687379, -0.0061499868, -0.0057926863, -0.00519015, -0.00500851
0, 0, 0, 0, 0, 0, 0, 0, 0, 0, 0, 0, 0, 0, 0, 0, 0, 0, 0, 0, 0, 0, 0, 0, 0, 0, 0, 0, 0, 0, 0, 0, 0, 0, 0, 0, 0, 0, 0, 0, 0, 0, 0, 0, 0, 0, 0, 0, 0, 0, 0, 0, 0, 0, 0, 0, 0, 0, 0, 0, 0, -0.004783439, -0.0043589314, -0.0042636083, -0.0046375096, -0.004881876, -0.005389927, -0.0058836797, -0.006355058, -0.0065841363, -0.007033596, -0.0074764765, -0.0076967506, -0.008135421, -0.008571333, -0.009002369, -0.009215122, -0.009633439, -0.010039872, -0.010238056, -0.010624851, -0.010999094, -0.011182061, -0.011541028, -0.011891442, -0.0122337695, -0.0124018425, -0.012730974, -0.0130494, -0.013203827, -0.013501424, -0.013782502, -0.014045516, -0.014170285, -0.014406342, -0.014626142, -0.01473024, -0.014928425, -0.015113438, -0.015201282, -0.015367309, -0.015518916, -0.015653564, -0.015713625, -0.01581793, -0.015899705, -0.015932223, -0.015980903, -0.016008649, -0.016017407, -0.016015196, -0.015998114, -0.015964085, -0.015940493, -0.015878849, -0.015796732, -0.015747521, -0.015632676, -0.015495985, -0.015338471, -0.0152525045, -0.015066712, -0.014863422, -0.014755131, -0.014524862, -0.014274536, -0.014002177, -0.013857223, -0.0135496035, -0.0132190455, -0.013045642, -0.012684008, -0.012304168, -0.012108065, -0.011703652, -0.011282258, -0.010841468, -0.010612842, -0.010137232, -0.009634829, -0.009372934, -0.008827028, -0.008250115, -0.007639863, -0.007320915, -0.006653946, -0.0059582754, -0.005615291, -0.0050381143, -0.004867837
0, 0, 0, 0, 0, 0, 0, 0, 0, 0, 0, 0, 0, 0, 0, 0, 0, 0, 0, 0, 0, 0, 0, 0, 0, 0, 0, 0, 0, 0, 0, 0, 0, 0, 0, 0, 0, 0, 0, 0, 0, 0, 0, 0, 0, 0, 0, 0, 0, 0, 0, 0, 0, 0, 0, 0, 0, 0, 0, 0, 0, -0.004058284, -0.0039034383, -0.0038685815, -0.0042222603, -0.004464953, -0.004981734, -0.0054896087, -0.005974362, -0.006208707, -0.0066656647, -0.00711122, -0.007331096, -0.007766959, -0.008198741, -0.008626471, -0.008838282, -0.00925628, -0.009664056, -0.009863283, -0.0102511635, -0.010624391, -0.010805608, -0.011158154, -0.011498855, -0.01182983, -0.011991984, -0.0123104025, -0.012620383, -0.012771383, -0.013063799, -0.013340246, -0.013598142, -0.0137194665, -0.013947207, -0.014156401, -0.014254829, -0.014441434, -0.0146159725, -0.014699294, -0.014858069, -0.015004501, -0.015134991, -0.015193057, -0.015292699, -0.015368745, -0.0153979305, -0.015439363, -0.0154603785, -0.015464057, -0.015460281, -0.01544199, -0.015409289, -0.01538701, -0.015328718, -0.015249827, -0.01520194, -0.015088788, -0.014953224, -0.014796943, -0.014711901, -0.014529796, -0.0143324565, -0.01422806, -0.014006657, -0.013766084, -0.013503215, -0.013362846, -0.013063681, -0.012741255, -0.012572005, -0.012219549, -0.011851126, -0.011661616, -0.011272425, -0.010868452, -0.010446345, -0.01022727, -0.009770272, -0.0092862, -0.009033486, -0.008506312, -0.00794999, -0.0073632235, -0.007057504, -0.006419537, -0.0057553328, -0.0054281526, -0.004878264, -0.004719723
0, 0, 0, 0, 0, 0, 0, 0, 0, 0, 0, 0, 0, 0, 0, 0, 0, 0, 0, 0, 0, 0, 0, 0, 0, 0, 0, 0, 0, 0, 0, 0, 0, 0, 0, 0, 0, 0, 0, 0, 0, 0, 0, 0, 0, 0, 0, 0, 0, 0, 0, 0, 0, 0, 0, 0, 0, 0, 0, 0, 0, -0.004863385, -0.0042273714, -0.0037404688, -0.003962314, -0.004181624, -0.0046840673, -0.0051951176, -0.005686588, -0.005924158, -0.006384703, -0.0068299375, -0.007048031, -0.0074776835, -0.007901178, -0.00831933, -0.008526553, -0.008935511, -0.00933531, -0.009530802, -0.009911044, -0.010275785, -0.010452016, -0.010792606, -0.011119291, -0.011434678, -0.011589199, -0.011892458, -0.012188778, -0.012333686, -0.012615011, -0.012881713, -0.013130245, -0.013247074, -0.013465339, -0.01366426, -0.013757437, -0.013932955, -0.014096706, -0.014174736, -0.014323072, -0.014459244, -0.01457996, -0.014633143, -0.014723409, -0.014791018, -0.014816369, -0.014851336, -0.01486792, -0.014869529, -0.014865605, -0.014848688, -0.014818614, -0.014797872, -0.014742322, -0.0146653075, -0.014618068, -0.01450528, -0.014369487, -0.0142136505, -0.014129265, -0.013949882, -0.013757597, -0.013656519, -0.013443276, -0.013212204, -0.012959976, -0.012825056, -0.0125372615, -0.012226517, -0.012063436, -0.0117240045, -0.011369873, -0.01118817, -0.010815447, -0.01042903, -0.010025041, -0.009815069, -0.00937673, -0.008911607, -0.008668756, -0.008162323, -0.007628882, -0.007067625, -0.0067758155, -0.006168015, -0.005536009, -0.0052248985, -0.0047027934, -0.004555957
0, 0, 0, 0, 0, 0, 0, 0, 0, 0, 0, 0, 0, 0, 0, 0, 0, 0, 0, 0, 0, 0, 0, 0, 0, 0, 0, 0, 0, 0, 0, 0, 0, 0, 0, 0, 0, 0, 0, 0, 0, 0, 0, 0, 0, 0, 0, 0, 0, 0, 0, 0, 0, 0, 0, 0, 0, 0, 0, 0, 0, 0, -0.003912252, -0.0036537377, -0.0038057512, -0.0039991383, -0.0044781817, -0.0049852896, -0.005478474, -0.0057167606, -0.0061766165, -0.0066171554, -0.006831255, -0.0072502787, -0.0076594935, -0.008061532, -0.008260051, -0.008652279, -0.009035763, -0.009223397, -0.00958869, -0.009938345, -0.010106919, -0.010431783, -0.010741795, -0.011040141, -0.011185938, -0.011472216, -0.011751853, -0.01188869, -0.012154779, -0.012407644, -0.012643482, -0.012754376, -0.0129613895, -0.01314965, -0.013237408, -0.013401992, -0.013554583, -0.013626884, -0.013763264, -0.013887328, -0.013995875, -0.01404345, -0.014123131, -0.014181829, -0.014203528, -0.01423271, -0.014245551, -0.014245493, -0.014241324, -0.014224725, -0.01419566, -0.0141753275, -0.014120569, -0.014043831, -0.013996558, -0.013883868, -0.013748448, -0.013593858, -0.013510651, -0.0133346645, -0.013147526, -0.0130498195, -0.012844517, -0.012623057, -0.012381976, -0.012253207, -0.011978529, -0.01168191, -0.011526156, -0.0112019405, -0.010863906, -0.010690482, -0.010335021, -0.009966306, -0.009580589, -0.009380046, -0.008961222, -0.008516703, -0.008284604, -0.007800825, -0.007291356, -0.0067559313, -0.00647773, -0.005898863, -0.005297762, -0.0050021685, -0.004507216, -0.0043717227
0, 0, 0, 0, 0, 0, 0, 0, 0, 0, 0, 0, 0, 0, 0, 0, 0, 0, 0, 0, 0, 0, 0, 0, 0, 0, 0, 0, 0, 0, 0, 0, 0, 0, 0, 0, 0, 0, 0, 0, 0, 0, 0, 0, 0, 0, 0, 0, 0, 0, 0, 0, 0, 0, 0, 0, 0, 0, 0, 0, 0, 0, -0.0048154644, -0.003815333, -0.0037355763, -0.0038850706, -0.0043294034, -0.0048282826, -0.005318398, -0.0055547175, -0.006007796, -0.0064372947, -0.006644584, -0.0070467778, -0.0074366205, -0.007817434, -0.008005277, -0.0083758375, -0.0087388335, -0.008916703, -0.009263273, -0.009595171, -0.009755104, -0.01006301, -0.010356437, -0.010638009, -0.010775359, -0.011044406, -0.0113067245, -0.011435002, -0.011684138, -0.011920868, -0.012141994, -0.012245847, -0.012439744, -0.012615485, -0.012697164, -0.012849685, -0.012990424, -0.013056694, -0.013181445, -0.013294299, -0.013392438, -0.013435131, -0.0135064535, -0.013557963, -0.013576447, -0.013599895, -0.0136078205, -0.013603381, -0.013597127, -0.013576901, -0.0135447625, -0.01352316, -0.01346663, -0.013389289, -0.013342306, -0.013231128, -0.013098603, -0.01294796, -0.012867107, -0.012696607, -0.012515858, -0.012421687, -0.012224465, -0.012012454, -0.011782283, -0.011659504, -0.011397816, -0.011115237, -0.010966914, -0.010657989, -0.010335879, -0.010170733, -0.009832318, -0.00948176, -0.009115382, -0.008925056, -0.008527806, -0.008106574, -0.007886491, -0.00742747, -0.0069434447, -0.006433984, -0.006169075, -0.0056179385, -0.005045967, -0.004765074, -0.004296224, -0.00417132
0, 0, 0, 0, 0, 0, 0, 0, 0, 0, 0, 0, 0, 0, 0, 0, 0, 0, 0, 0, 0, 0, 0, 0, 0, 0, 0, 0, 0, 0, 0, 0, 0, 0, 0, 0, 0, 0, 0, 0, 0, 0, 0, 0, 0, 0, 0, 0, 0, 0, 0, 0, 0, 0, 0, 0, 0, 0, 0, 0, 0, 0, 0, -0.0037494628, -0.0036719795, -0.0037932121, -0.004205568, -0.004692887, -0.0051740045, -0.0054044337, -0.005842781, -0.0062539, -0.0064507746, -0.0068309754, -0.0071975, -0.007555116, -0.0077316337, -0.008080372, -0.008422761, -0.0085908435, -0.008918697, -0.009233005, -0.009384484, -0.009675979, -0.009953131, -0.01021842, -0.010347471, -0.010599918, -0.0108453585, -0.010965302, -0.011198062, -0.0114188865, -0.011624917, -0.011721332, -0.011900591, -0.01206194, -0.012136444, -0.012275398, -0.012403106, -0.012463502, -0.012577578, -0.012681296, -0.012772207, -0.012811781, -0.012877619, -0.012924043, -0.012939899, -0.012957509, -0.012958704, -0.012946811, -0.012936921, -0.012909449, -0.012871266, -0.012847428, -0.01278818, -0.012711027, -0.012665153, -0.0125580225, -0.012431283, -0.012287519, -0.012210244, -0.012046952, -0.011873672, -0.011783288, -0.011594029, -0.011390894, -0.011170649, -0.011053421, -0.010803901, -0.010534547, -0.010393095, -0.010098688, -0.009791743, -0.0096344575, -0.0093128765, -0.008980688, -0.0086348215, -0.00845555, -0.008082135, -0.0076865046, -0.0074797515, -0.0070477715, -0.0065911007, -0.0061088474, -0.005857642, -0.005334345, -0.0047911177, -0.00452465, -0.004081077, -0.0039660335
0, 0, 0, 0, 0, 0, 0, 0, 0, 0, 0, 0, 0, 0, 0, 0, 0, 0, 0, 0, 0, 0, 0, 0, 0, 0, 0, 0, 0, 0, 0, 0, 0, 0, 0, 0, 0, 0, 0, 0, 0, 0, 0, 0, 0, 0, 0, 0, 0, 0, 0, 0, 0, 0, 0, 0, 0, 0, 0, 0, 0, 0, 0, -0.0041914657, -0.003698441, -0.00374414, -0.004093483, -0.0045576645, -0.005020672, -0.0052411044, -0.0056567485, -0.0060430244, -0.00622717, -0.006582072, -0.006924278, -0.0072592576, -0.007424968, -0.007753722, -0.008077466, -0.008236634, -0.008547254, -0.008844908, -0.00898792, -0.009262499, -0.009522518, -0.009770108, -0.009890427, -0.010125457, -0.010354477, -0.010466555, -0.010684665, -0.010891743, -0.011084053, -0.011173536, -0.011338477, -0.011484903, -0.011551985, -0.011676205, -0.011790593, -0.011844935, -0.0119486805, -0.012044807, -0.012130278, -0.012167842, -0.012230109, -0.012272808, -0.012286373, -0.012298435, -0.012292842, -0.012273279, -0.012259486, -0.012225019, -0.012181692, -0.012156214, -0.012096035, -0.012021217, -0.011977533, -0.0118763475, -0.011756971, -0.011620742, -0.011547273, -0.011391358, -0.011225319, -0.011138617, -0.010956972, -0.010762393, -0.010552059, -0.010440333, -0.010202927, -0.009946994, -0.009812675, -0.0095330635, -0.009241575, -0.009092343, -0.008787707, -0.008474214, -0.008149119, -0.007981082, -0.007632002, -0.007262645, -0.0070697158, -0.006666008, -0.0062380517, -0.0057849074, -0.00554833, -0.005054569, -0.004541354, -0.0042896336, -0.0038716192, -0.0037659355
0, 0, 0, 0, 0, 0, 0, 0, 0, 0, 0, 0, 0, 0, 0, 0, 0, 0, 0, 0, 0, 0, 0, 0, 0, 0, 0, 0, 0, 0, 0, 0, 0, 0, 0, 0, 0, 0, 0, 0, 0, 0, 0, 0, 0, 0, 0, 0, 0, 0, 0, 0, 0, 0, 0, 0, 0, 0, 0, 0, 0, 0, 0, -0.003925815, -0.0036695653, -0.0036886872, -0.0039794277, -0.004405587, -0.0048388266, -0.005044803, -0.005432609, -0.0057921372, -0.0059632785, -0.006293502, -0.006612628, -0.006926465, -0.0070823636, -0.007392706, -0.0076993345, -0.007850241, -0.008144378, -0.008425235, -0.008559698, -0.008815924, -0.0090562785, -0.0092838425, -0.00939421, -0.009610684, -0.009823179, -0.009928117, -0.010133413, -0.0103291, -0.010510201, -0.0105941, -0.010746927, -0.010880406, -0.010940605, -0.011051216, -0.011152519, -0.011200943, -0.011294426, -0.011382684, -0.011462656, -0.011498001, -0.011556575, -0.011595704, -0.011607418, -0.011615331, -0.011605019, -0.0115810195, -0.011565218, -0.011527767, -0.011483428, -0.011458251, -0.011400582, -0.011330045, -0.011289109, -0.011194104, -0.011081012, -0.01095111, -0.010880629, -0.010730765, -0.010570967, -0.010487651, -0.01031359, -0.0101282215, -0.009929091, -0.009823655, -0.00960025, -0.009359913, -0.009233699, -0.00897095, -0.008696766, -0.00855631, -0.008269616, -0.007974817, -0.007669689, -0.00751227, -0.007185701, -0.006840792, -0.0066607576, -0.0062842555, -0.0058850986, -0.0054619056, -0.0052407845, -0.004778463, -0.0042972756, -0.0040611536, -0.003669638, -0.0035736111
0, 0, 0, 0, 0, 0, 0, 0, 0, 0, 0, 0, 0, 0, 0, 0, 0, 0, 0, 0, 0, 0, 0, 0, 0, 0, 0, 0, 0, 0, 0, 0, 0, 0, 0, 0, 0, 0, 0, 0, 0, 0, 0, 0, 0, 0, 0, 0, 0, 0, 0, 0, 0, 0, 0, 0, 0, 0, 0, 0, 0, 0, 0, -0.004829209, -0.0038536983, -0.0037191883, -0.003858166, -0.00421201, -0.004602076, -0.004791986, -0.005153738, -0.005490653, -0.005651293, -0.005960854, -0.006259661, -0.0065539624, -0.0067004734, -0.00699294, -0.0072828047, -0.007425679, -0.0077038473, -0.007968252, -0.008093751, -0.008331137, -0.0085508535, -0.008757411, -0.00885763, -0.009055171, -0.009251536, -0.009349523, -0.009542977, -0.009728803, -0.0099012675, -0.009980799, -0.010124696, -0.010248446, -0.010303578, -0.010403293, -0.010493596, -0.0105366865, -0.010620375, -0.010700195, -0.010773257, -0.010805725, -0.010859507, -0.010894967, -0.0109051755, -0.010910992, -0.01089966, -0.010875809, -0.010860515, -0.010825109, -0.010784023, -0.010760934, -0.01070777, -0.010642274, -0.010603813, -0.010513592, -0.010405026, -0.010279527, -0.010211433, -0.010066557, -0.009912749, -0.009832985, -0.009667463, -0.009492864, -0.009306844, -0.009208864, -0.009001789, -0.008779405, -0.008662664, -0.008419163, -0.00816454, -0.008033764, -0.007766073, -0.0074898186, -0.0072031566, -0.007055194, -0.0067481906, -0.0064245053, -0.00625588, -0.0059040277, -0.0055318857, -0.005138069, -0.0049323407, -0.004502199, -0.0040540504, -0.0038340485, -0.0034699873, -0.0033841182
0, 0, 0, 0, 0, 0, 0, 0, 0, 0, 0, 0, 0, 0, 0, 0, 0, 0, 0, 0, 0, 0, 0, 0, 0, 0, 0, 0, 0, 0, 0, 0, 0, 0, 0, 0, 0, 0, 0, 0, 0, 0, 0, 0, 0, 0, 0, 0, 0, 0, 0, 0, 0, 0, 0, 0, 0, 0, 0, 0, 0, 0, 0, 0, -0.0038262515, -0.0036793125, -0.003677309, -0.0039354567, -0.0042812773, -0.004459428, -0.004805605, -0.005130131, -0.0052841445, -0.0055784974, -0.0058599864, -0.0061353534, -0.0062724897, -0.00654704, -0.0068204226, -0.0069554783, -0.0072188345, -0.0074681197, -0.0075858864, -0.007806641, -0.0080088, -0.008197187, -0.008288384, -0.008468888, -0.008650193, -0.008741387, -0.008922918, -0.009099083, -0.009263421, -0.009339354, -0.009476864, -0.009594262, -0.009646106, -0.009738761, -0.00982138, -0.009860422, -0.009936071, -0.010007987, -0.010073824, -0.010103087, -0.01015157, -0.010183623, -0.010192896, -0.010198554, -0.01018923, -0.010168726, -0.0101556275, -0.010124954, -0.010088542, -0.010067766, -0.010018814, -0.009956966, -0.009920264, -0.00983356, -0.009729033, -0.009608405, -0.009543157, -0.009404778, -0.009258861, -0.009183502, -0.009028259, -0.008865717, -0.008693812, -0.008603537, -0.008413408, -0.008209733, -0.008102769, -0.007879519, -0.007645299, -0.0075245304, -0.007276126, -0.0070181396, -0.0067489324, -0.0066095754, -0.006320203, -0.006015556, -0.0058571994, -0.0055278307, -0.005180857, -0.0048148194, -0.00462372, -0.0042244773, -0.0038085117, -0.0036042847, -0.0032671313, -0.0031914404
0, 0, 0, 0, 0, 0, 0, 0, 0, 0, 0, 0, 0, 0, 0, 0, 0, 0, 0, 0, 0, 0, 0, 0, 0, 0, 0, 0, 0, 0, 0, 0, 0, 0, 0, 0, 0, 0, 0, 0, 0, 0, 0, 0, 0, 0, 0, 0, 0, 0, 0, 0, 0, 0, 0, 0, 0, 0, 0, 0, 0, 0, 0, 0, -0.004296692, -0.003772398, -0.0033996017, -0.0035481688, -0.0038720407, -0.0040490325, -0.004395154, -0.0047157714, -0.004865602, -0.0051472797, -0.005412115, -0.005669099, -0.0057968562, -0.006053375, -0.0063108285, -0.006438885, -0.00668905, -0.0069262558, -0.007038176, -0.007247047, -0.0074369484, -0.0076127853, -0.0076974635, -0.007864687, -0.008032363, -0.008116941, -0.008286049, -0.008451221, -0.008606467, -0.00867869, -0.008810117, -0.008922926, -0.008972723, -0.009061671, -0.009140435, -0.009177308, -0.009247745, -0.009313915, -0.009373811, -0.009400394, -0.00944437, -0.009474029, -0.009483162, -0.009490274, -0.009484265, -0.009468245, -0.009457322, -0.009430725, -0.00939744, -0.009377846, -0.009330827, -0.00927107, -0.009235758, -0.009153129, -0.009054949, -0.008942853, -0.008882449, -0.008754773, -0.008620084, -0.0085504865, -0.008406861, -0.008256473, -0.008097536, -0.0080143185, -0.007839334, -0.007652457, -0.0075544924, -0.007350206, -0.0071353004, -0.007024203, -0.006794408, -0.006554148, -0.0063022226, -0.0061714337, -0.0058999746, -0.0056147454, -0.005466871, -0.005159994, -0.004837787, -0.0044981474, -0.0043209097, -0.0039503044, -0.003563544, -0.0033737803, -0.003061601, -0.00299481
0, 0, 0, 0, 0, 0, 0, 0, 0, 0, 0, 0, 0, 0, 0, 0, 0, 0, 0, 0, 0, 0, 0, 0, 0, 0, 0, 0, 0, 0, 0, 0, 0, 0, 0, 0, 0, 0, 0, 0, 0, 0, 0, 0, 0, 0, 0, 0, 0, 0, 0, 0, 0, 0, 0, 0, 0, 0, 0, 0, 0, 0, 0, 0, -0.0039272453, -0.0033428592, -0.0029187512, -0.003083686, -0.003427316, -0.003610141, -0.003958803, -0.004272508, -0.004416296, -0.004682709, -0.0049293684, -0.0051674154, -0.005285971, -0.0055252546, -0.0057673915, -0.005888331, -0.006126251, -0.006352974, -0.0064602294, -0.006660658, -0.0068428013, -0.0070108646, -0.00709127, -0.0072487085, -0.0074049067, -0.00748328, -0.0076392638, -0.0077916314, -0.007935676, -0.008003282, -0.0081272675, -0.008235606, -0.008284038, -0.008371505, -0.008449046, -0.008485273, -0.008553566, -0.008616409, -0.008672305, -0.008697, -0.008738379, -0.0087677, -0.008777467, -0.008787489, -0.008785548, -0.008773501, -0.008764182, -0.008739498, -0.008706647, -0.008687001, -0.00864017, -0.008582368, -0.008549222, -0.008473683, -0.008386315, -0.008287898, -0.008234953, -0.008122486, -0.00800209, -0.007939033, -0.0078073, -0.0076676994, -0.0075194435, -0.0074418285, -0.0072793383, -0.007106939, -0.0070170322, -0.0068296893, -0.0066324286, -0.0065300185, -0.0063175038, -0.0060941754, -0.0058595673, -0.005737847, -0.0054858564, -0.0052222977, -0.0050860755, -0.0048040138, -0.004507924, -0.0041948697, -0.0040308777, -0.0036865617, -0.0033260724, -0.0031490424, -0.0028585382, -0.0027986323
0, 0, 0, 0, 0, 0, 0, 0, 0, 0, 0, 0, 0, 0, 0, 0, 0, 0, 0, 0, 0, 0, 0, 0, 0, 0, 0, 0, 0, 0, 0, 0, 0, 0, 0, 0, 0, 0, 0, 0, 0, 0, 0, 0, 0, 0, 0, 0, 0, 0, 0, 0, 0, 0, 0, 0, 0, 0, 0, 0, 0, 0, 0, 0, 0, -0.0025148708, -0.0024895691, -0.002710145, -0.0030438562, -0.003216114, -0.003541445, -0.0038316573, -0.0039641294, -0.0042091277, -0.004435973, -0.0046555526, -0.0047651497, -0.0049873395, -0.0052131, -0.0053264005, -0.005549602, -0.0057634977, -0.0058651716, -0.0060563977, -0.0062315795, -0.006393135, -0.0064701824, -0.0066196173, -0.0067656194, -0.006837821, -0.006980349, -0.0071188966, -0.007250203, -0.0073123095, -0.0074278894, -0.0075313295, -0.007578677, -0.007665371, -0.0077430317, -0.0077790483, -0.007846149, -0.007906666, -0.007959971, -0.007983639, -0.008024379, -0.008055383, -0.0080669895, -0.008081628, -0.008084876, -0.008077023, -0.008069018, -0.008045362, -0.008012188, -0.007992219, -0.007946053, -0.007892165, -0.007862455, -0.007797657, -0.007725203, -0.0076443264, -0.007600468, -0.007505223, -0.007399649, -0.007342941, -0.007221956, -0.0070912726, -0.0069521447, -0.006879582, -0.0067288796, -0.0065707853, -0.0064887027, -0.0063181026, -0.0061376793, -0.0060434355, -0.0058467267, -0.0056390427, -0.005421091, -0.005308536, -0.0050769635, -0.004836865, -0.0047134478, -0.0044585974, -0.00419042, -0.0039048493, -0.0037541064, -0.0034351936, -0.0030988941, -0.0029333408, -0.0026619942, -0.002607008
0, 0, 0, 0, 0, 0, 0, 0, 0, 0, 0, 0, 0, 0, 0, 0, 0, 0, 0, 0, 0, 0, 0, 0, 0, 0, 0, 0, 0, 0, 0, 0, 0, 0, 0, 0, 0, 0, 0, 0, 0, 0, 0, 0, 0, 0, 0, 0, 0, 0, 0, 0, 0, 0, 0, 0, 0, 0, 0, 0, 0, 0, 0, 0, 0, -0.0028061797, -0.0025264216, -0.0025389201, -0.0027512475, -0.0028837656, -0.0031537649, -0.0034068576, -0.0035249945, -0.003746493, -0.003954311, -0.0041568023, -0.004258041, -0.0044624363, -0.004668936, -0.004772055, -0.0049751014, -0.0051702666, -0.0052637076, -0.0054410356, -0.005605702, -0.0057591205, -0.005832267, -0.005973155, -0.006108973, -0.006175256, -0.0063046953, -0.006429469, -0.006548414, -0.0066052224, -0.0067130695, -0.006812506, -0.0068589062, -0.006944998, -0.0070221554, -0.0070575094, -0.0071223625, -0.0071794884, -0.0072299317, -0.0072527598, -0.007294018, -0.0073284646, -0.007342669, -0.0073640575, -0.0073743435, -0.0073720585, -0.0073660826, -0.007344995, -0.007313048, -0.0072937612, -0.0072505535, -0.007203138, -0.007178453, -0.0071266172, -0.007070386, -0.007007051, -0.006971816, -0.006892207, -0.0067993216, -0.006747807, -0.006635737, -0.006513543, -0.006384185, -0.0063175843, -0.006181126, -0.006040051, -0.0059672114, -0.0058151735, -0.0056524994, -0.0055665364, -0.0053849192, -0.0051913275, -0.004988281, -0.0048841, -0.0046717916, -0.004454682, -0.0043440657, -0.004116838, -0.0038772724, -0.0036196192, -0.003482348, -0.003188959, -0.0028766366, -0.0027224051, -0.0024697182, -0.0024190836
0, 0, 0, 0, 0, 0, 0, 0, 0, 0, 0, 0, 0, 0, 0, 0, 0, 0, 0, 0, 0, 0, 0, 0, 0, 0, 0, 0, 0, 0, 0, 0, 0, 0, 0, 0, 0, 0, 0, 0, 0, 0, 0, 0, 0, 0, 0, 0, 0, 0, 0, 0, 0, 0, 0, 0, 0, 0, 0, 0, 0, 0, 0, 0, 0, -0.003648233, -0.0027102656, -0.0023867297, -0.0024563216, -0.0025499328, -0.0027702565, -0.0029925203, -0.0030987451, -0.0033012778, -0.003493223, -0.003679957, -0.0037725375, -0.0039568217, -0.0041396515, -0.004229919, -0.0044069006, -0.004577469, -0.004659941, -0.004818684, -0.004969026, -0.0051112627, -0.005179663, -0.0053107585, -0.005435552, -0.005495823, -0.0056126053, -0.005725067, -0.0058336165, -0.005886466, -0.005988897, -0.006085974, -0.006131918, -0.006217344, -0.0062927525, -0.0063265427, -0.0063867085, -0.006438576, -0.006484715, -0.006506419, -0.006547723, -0.00658596, -0.0066033476, -0.0066325907, -0.006651436, -0.0066568446, -0.0066540865, -0.0066379616, -0.006610004, -0.006592983, -0.006555395, -0.0065162783, -0.00649679, -0.0064577935, -0.0064161727, -0.006367333, -0.006338821, -0.006271082, -0.006187841, -0.0061405553, -0.006036602, -0.0059239827, -0.0058071343, -0.00574823, -0.0056301313, -0.005509937, -0.0054480038, -0.005317225, -0.005173872, -0.0050964886, -0.004929973, -0.004749658, -0.0045598485, -0.0044629388, -0.004267411, -0.0040710424, -0.003972163, -0.0037704504, -0.0035581526, -0.0033279564, -0.0032040833, -0.0029367602, -0.0026497452, -0.0025076387, -0.002275195, -0.0022301227
0, 0, 0, 0, 0, 0, 0, 0, 0, 0, 0, 0, 0, 0, 0, 0, 0, 0, 0, 0, 0, 0, 0, 0, 0, 0, 0, 0, 0, 0, 0, 0, 0, 0, 0, 0, 0, 0, 0, 0, 0, 0, 0, 0, 0, 0, 0, 0, 0, 0, 0, 0, 0, 0, 0, 0, 0, 0, 0, 0, 0, 0, 0, 0, 0, 0, -0.0024087501, -0.002033694, -0.002087, -0.0021737507, -0.0023792493, -0.0025859086, -0.0026845199, -0.002872195, -0.0030489445, -0.0032179349, -0.0033001376, -0.0034605146, -0.0036152746, -0.0036909177, -0.0038389347, -0.003983088, -0.0040539685, -0.004193332, -0.0043286337, -0.0044586393, -0.0045212675, -0.004641043, -0.00475353, -0.0048073926, -0.0049113985, -0.005012532, -0.0051127514, -0.0051627005, -0.005262138, -0.0053583477, -0.0054040863, -0.0054884837, -0.0055608447, -0.005592197, -0.005646167, -0.005691285, -0.005732133, -0.005752133, -0.00579278, -0.0058340197, -0.005854203, -0.005890739, -0.0059179342, -0.005931523, -0.00593252, -0.0059230956, -0.0059010917, -0.0058871717, -0.005856564, -0.0058261943, -0.005811802, -0.005783857, -0.005753932, -0.005716398, -0.0056930208, -0.0056346045, -0.005559672, -0.0055165524, -0.005421863, -0.005321039, -0.005219571, -0.005169756, -0.005072237, -0.004974445, -0.0049238787, -0.004815136, -0.004691572, -0.0046231095, -0.0044724625, -0.004306137, -0.0041299104, -0.004040073, -0.0038603162, -0.0036824902, -0.0035940588, -0.0034151855, -0.0032275962, -0.0030232873, -0.0029125374, -0.0026719412, -0.0024121094, -0.0022834644, -0.0020741944, -0.0020368758
0, 0, 0, 0, 0, 0, 0, 0, 0, 0, 0, 0, 0, 0, 0, 0, 0, 0, 0, 0, 0, 0, 0, 0, 0, 0, 0, 0, 0, 0, 0, 0, 0, 0, 0, 0, 0, 0, 0, 0, 0, 0, 0, 0, 0, 0, 0, 0, 0, 0, 0, 0, 0, 0, 0, 0, 0, 0, 0, 0, 0, 0, 0, 0, 0, 0, -0.0016644547, -0.00161877, -0.0017280625, -0.0018170734, -0.0020122072, -0.0022018538, -0.0022910845, -0.002458941, -0.0026143885, -0.0027592697, -0.0028281086, -0.002959394, -0.0030838167, -0.0031446728, -0.0032650053, -0.0033861045, -0.0034472467, -0.0035704332, -0.0036929445, -0.0038111918, -0.0038676835, -0.0039743483, -0.0040723993, -0.0041188183, -0.00420863, -0.0042981124, -0.0043901177, -0.0044374363, -0.004533635, -0.004628481, -0.004673574, -0.0047556986, -0.0048241336, -0.0048526875, -0.0049003633, -0.0049391496, -0.0049749664, -0.0049933777, -0.0050330334, -0.005076248, -0.005098354, -0.0051401043, -0.005173702, -0.0051937005, -0.0051977374, -0.0051942426, -0.0051784404, -0.0051677083, -0.0051444024, -0.0051225782, -0.005112876, -0.005094776, -0.0050750417, -0.005047563, -0.0050292043, -0.0049805744, -0.004915701, -0.0048779803, -0.0047952235, -0.0047085034, -0.004623445, -0.0045825546, -0.0045040385, -0.004426089, -0.004385391, -0.0042962064, -0.004191242, -0.004131692, -0.0039984817, -0.003849132, -0.003689752, -0.003608541, -0.00344672, -0.0032879843, -0.0032095206, -0.0030518314, -0.002886982, -0.0027069438, -0.002609028, -0.0023957533, -0.0021652116, -0.002051368, -0.0018678942, -0.0018403014
0, 0, 0, 0, 0, 0, 0, 0, 0, 0, 0, 0, 0, 0, 0, 0, 0, 0, 0, 0, 0, 0, 0, 0, 0, 0, 0, 0, 0, 0, 0, 0, 0, 0, 0, 0, 0, 0, 0, 0, 0, 0, 0, 0, 0, 0, 0, 0, 0, 0, 0, 0, 0, 0, 0, 0, 0, 0, 0, 0, 0, 0, 0, 0, 0, 0, -0.0016342229, -0.0014733095, -0.0014947618, -0.0015531699, -0.0017015446, -0.0018540017, -0.001926599, -0.0020626143, -0.0021864406, -0.0022988333, -0.0023509995, -0.0024493132, -0.0025433241, -0.0025902663, -0.0026871332, -0.0027901053, -0.002843898, -0.0029550963, -0.0030666583, -0.003172954, -0.0032225593, -0.0033135985, -0.003394284, -0.0034319926, -0.0035053508, -0.003581011, -0.003662897, -0.003706486, -0.0037970953, -0.0038874513, -0.003930555, -0.0040082205, -0.0040715546, -0.004097489, -0.0041397056, -0.0041738143, -0.0042063696, -0.0042238715, -0.004263068, -0.004307741, -0.004331018, -0.004375775, -0.0044126175, -0.004436005, -0.004441869, -0.004442502, -0.0044320007, -0.0044243364, -0.004408491, -0.0043953178, -0.0043902914, -0.00438212, -0.004372749, -0.004356418, -0.0043437965, -0.0043076393, -0.0042563085, -0.0042257495, -0.004158005, -0.004086744, -0.0040171915, -0.003983997, -0.0039203744, -0.0038570447, -0.0038237032, -0.0037496956, -0.0036614828, -0.0036109607, -0.003497231, -0.0033692631, -0.0032324605, -0.0031627007, -0.0030235806, -0.0028868876, -0.0028192084, -0.00268292, -0.0025400422, -0.002383717, -0.002298719, -0.0021135435, -0.0019140356, -0.0018160213, -0.00166041, -0.0016438626
0, 0, 0, 0, 0, 0, 0, 0, 0, 0, 0, 0, 0, 0, 0, 0, 0, 0, 0, 0, 0, 0, 0, 0, 0, 0, 0, 0, 0, 0, 0, 0, 0, 0, 0, 0, 0, 0, 0, 0, 0, 0, 0, 0, 0, 0, 0, 0, 0, 0, 0, 0, 0, 0, 0, 0, 0, 0, 0, 0, 0, 0, 0, 0, 0, 0, -0.0019448758, -0.0014594154, -0.001341062, -0.001354322, -0.001434379, -0.0015345805, -0.0015844885, -0.001679336, -0.001764428, -0.0018393378, -0.0018734508, -0.0019381383, -0.002002973, -0.002037429, -0.0021137928, -0.0022011676, -0.0022486686, -0.0023477965, -0.0024467444, -0.002538177, -0.0025792776, -0.0026515848, -0.0027125094, -0.002740586, -0.002795799, -0.0028563368, -0.002925858, -0.0029641178, -0.0030454155, -0.0031274569, -0.0031665268, -0.003236675, -0.003293059, -0.0033159577, -0.0033533736, -0.0033844572, -0.0034158109, -0.0034332604, -0.0034730914, -0.0035189125, -0.0035427029, -0.0035883281, -0.003625672, -0.0036500841, -0.0036568812, -0.0036607354, -0.0036556143, -0.0036515067, -0.0036439383, -0.003640088, -0.0036399637, -0.0036418436, -0.0036434, -0.0036391036, -0.0036331154, -0.0036112329, -0.0035759874, -0.0035538073, -0.0035031969, -0.003448278, -0.0033932866, -0.0033666533, -0.0033146131, -0.0032620456, -0.0032342828, -0.0031727133, -0.0031002264, -0.0030591197, -0.002967384, -0.0028649245, -0.0027556983, -0.0026998862, -0.002587908, -0.002476602, -0.0024208364, -0.002307243, -0.0021869899, -0.002055066, -0.0019833322, -0.0018274981, -0.0016606344, -0.0015793184, -0.0014530916, -0.0014483368
0, 0, 0, 0, 0, 0, 0, 0, 0, 0, 0, 0, 0, 0, 0, 0, 0, 0, 0, 0, 0, 0, 0, 0, 0, 0, 0, 0, 0, 0, 0, 0, 0, 0, 0, 0, 0, 0, 0, 0, 0, 0, 0, 0, 0, 0, 0, 0, 0, 0, 0, 0, 0, 0, 0, 0, 0, 0, 0, 0, 0, 0, 0, 0, 0, 0, 0, -0.0013140609, -0.0011775678, -0.0011557462, -0.0011699196, -0.0012171655, -0.0012444902, -0.0012983669, -0.00134597, -0.0013855783, -0.0014028688, -0.0014364606, -0.0014742704, -0.0014970627, -0.001552973, -0.0016227106, -0.0016618219, -0.0017442759, -0.0018249978, -0.0018964728, -0.0019272245, -0.0019783287, -0.00201897, -0.0020374476, -0.0020756603, -0.002121354, -0.002177744, -0.002209705, -0.002278797, -0.0023487073, -0.0023818775, -0.0024409816, -0.0024881798, -0.0025074326, -0.0025395656, -0.0025681327, -0.0025989248, -0.0026166043, -0.0026571087, -0.0027029875, -0.0027265477, -0.0027711906, -0.0028076689, -0.0028325585, -0.0028404514, -0.0028486508, -0.0028504357, -0.0028505982, -0.0028523784, -0.0028583645, -0.002863084, -0.0028747024, -0.002886122, -0.0028925769, -0.0028926355, -0.0028846813, -0.002865199, -0.002851606, -0.0028185842, -0.002780662, -0.00274103, -0.002721081, -0.0026811322, -0.0026397824, -0.0026178805, -0.0025699183, -0.0025145477, -0.002483685, -0.0024157125, -0.00234064, -0.0022607238, -0.002219613, -0.0021362158, -0.0020513542, -0.0020080032, -0.0019182874, -0.0018219956, -0.001715825, -0.0016582122, -0.0015335798, -0.0014012482, -0.0013375266, -0.0012422156, -0.001250063
0, 0, 0, 0, 0, 0, 0, 0, 0, 0, 0, 0, 0, 0, 0, 0, 0, 0, 0, 0, 0, 0, 0, 0, 0, 0, 0, 0, 0, 0, 0, 0, 0, 0, 0, 0, 0, 0, 0, 0, 0, 0, 0, 0, 0, 0, 0, 0, 0, 0, 0, 0, 0, 0, 0, 0, 0, 0, 0, 0, 0, 0, 0, 0, 0, 0, 0, -0.0013399717, -0.0009979284, -0.0009229511, -0.00087124173, -0.00087640015, -0.00088630937, -0.0009086667, -0.0009268123, -0.00093811314, -0.0009417554, -0.0009492566, -0.0009627216, -0.00097387505, -0.0010069472, -0.0010540006, -0.0010814455, -0.0011399143, -0.0011958446, -0.0012427615, -0.0012617608, -0.001291241, -0.0013132689, -0.0013236543, -0.0013476778, -0.0013804057, -0.0014239026, -0.0014492077, -0.0015040095, -0.0015592084, -0.0015849635, -0.0016304837, -0.0016664028, -0.0016811608, -0.001706878, -0.0017319646, -0.001761215, -0.0017782901, -0.0018176269, -0.0018614143, -0.0018837182, -0.0019257768, -0.0019610184, -0.0019871525, -0.001996957, -0.0020112735, -0.0020216422, -0.0020266152, -0.0020383298, -0.002053555, -0.002062541, -0.0020819742, -0.0021007843, -0.0021153388, -0.0021199975, -0.002122991, -0.0021172187, -0.0021114396, -0.0020952644, -0.002075153, -0.0020528971, -0.0020413175, -0.002017446, -0.0019918734, -0.001978202, -0.0019479166, -0.0019127411, -0.0018930677, -0.0018494271, -0.0018008867, -0.0017483582, -0.0017209086, -0.0016640661, -0.0016045248, -0.0015735439, -0.0015083422, -0.0014375629, -0.0013594433, -0.0013171613, -0.0012259665, -0.0011300918, -0.001084911, -0.0010222257, -0.001043603
0, 0, 0, 0, 0, 0, 0, 0, 0, 0, 0, 0, 0, 0, 0, 0, 0, 0, 0, 0, 0, 0, 0, 0, 0, 0, 0, 0, 0, 0, 0, 0, 0, 0, 0, 0, 0, 0, 0, 0, 0, 0, 0, 0, 0, 0, 0, 0, 0, 0, 0, 0, 0, 0, 0, 0, 0, 0, 0, 0, 0, 0, 0, 0, 0, 0, 0, -0.0010668688, -0.00067678525, -0.0005924951, -0.0005225489, -0.00050764374, -0.00050728064, -0.00050933775, -0.0005066346, -0.0004966685, -0.00048978545, -0.0004755339, -0.00046635786, -0.00046550398, -0.00047326146, -0.0004929707, -0.0005060835, -0.0005350524, -0.0005622804, -0.00058282603, -0.0005900875, -0.00059930095, -0.0006051491, -0.00060869585, -0.0006203076, -0.0006408051, -0.00067075755, -0.00068869337, -0.0007275535, -0.00076614006, -0.0007838526, -0.0008145445, -0.00083835213, -0.0008483107, -0.00086673594, -0.0008868524, -0.00091208617, -0.0009271966, -0.0009620822, -0.0010010471, -0.0010208468, -0.0010591324, -0.0010929435, -0.0011212007, -0.0011332524, -0.0011542396, -0.0011732894, -0.0011828387, -0.0012033542, -0.001226453, -0.0012387645, -0.0012640358, -0.001288096, -0.0013083941, -0.001316523, -0.0013282725, -0.0013342428, -0.0013353897, -0.0013351683, -0.0013331034, -0.0013302421, -0.0013287262, -0.001325231, -0.0013206517, -0.0013176692, -0.001309375, -0.0012970876, -0.001289214, -0.0012695518, -0.0012452425, -0.0012169445, -0.0012015433, -0.0011687818, -0.0011333843, -0.0011147606, -0.0010753805, -0.0010325917, -0.0009851804, -0.0009594109, -0.0009037248, -0.0008459618, -0.00081992947, -0.00079082634, -0.0008263264
0, 0, 0, 0, 0, 0, 0, 0, 0, 0, 0, 0, 0, 0, 0, 0, 0, 0, 0, 0, 0, 0, 0, 0, 0, 0, 0, 0, 0, 0, 0, 0, 0, 0, 0, 0, 0, 0, 0, 0, 0, 0, 0, 0, 0, 0, 0, 0, 0, 0, 0, 0, 0, 0, 0, 0, 0, 0, 0, 0, 0, 0, 0, 0, 0, 0, 0, 0, -0.00023356176, -0.0002019509, -0.00015891597, -0.00013724488, -0.00013000496, -0.00011507267, -9.432214e-05, -6.578058e-05, -4.914208e-05, -1.4173274e-05, 1.7666896e-05, 3.0952593e-05, 5.0227954e-05, 6.019347e-05, 6.236122e-05, 6.407961e-05, 6.570849e-05, 7.0423754e-05, 7.4204785e-05, 8.400397e-05, 9.3716495e-05, 9.7273594e-05, 9.982511e-05, 9.441878e-05, 8.107967e-05, 7.2069546e-05, 5.156062e-05, 3.074043e-05, 2.113529e-05, 4.834947e-06, -7.828756e-06, -1.3234154e-05, -2.4133484e-05, -3.763241e-05, -5.6362212e-05, -6.8005626e-05, -9.552653e-05, -0.00012715875, -0.00014390939, -0.0001775536, -0.00020993006, -0.00023985383, -0.00025379437, -0.00028035403, -0.000305951, -0.00031897286, -0.00034609504, -0.00037509712, -0.00039007832, -0.0004204643, -0.00044989717, -0.0004766757, -0.0004888098, -0.00051005057, -0.00052782707, -0.0005358012, -0.00055086764, -0.00056621106, -0.00058269844, -0.00059142325, -0.00060968986, -0.00062815927, -0.00063686405, -0.0006524459, -0.0006639809, -0.00066789554, -0.0006716064, -0.00067010056, -0.0006646329, -0.0006607817, -0.00065177435, -0.0006417288, -0.0006365251, -0.0006259167, -0.0006142501, -0.00060025865, -0.0005920284, -0.0005731905, -0.0005539283, -0.0005470496, -0.00055129867, -0.00060057855
0, 0, 0, 0, 0, 0, 0, 0, 0, 0, 0, 0, 0, 0, 0, 0, 0, 0, 0, 0, 0, 0, 0, 0, 0, 0, 0, 0, 0, 0, 0, 0, 0, 0, 0, 0, 0, 0, 0, 0, 0, 0, 0, 0, 0, 0, 0, 0, 0, 0, 0, 0, 0, 0, 0, 0, 0, 0, 0, 0, 0, 0, 0, 0, 0, 0, 0, 0, 0.00011100084, 0.00012608545, 0.00016078763, 0.0001946661, 0.00021155042, 0.00024820352, 0.0002918946, 0.00034334644, 0.00037154654, 0.00043008383, 0.0004873202, 0.0005139022, 0.0005618415, 0.0006017479, 0.0006192093, 0.00065029634, 0.00067899603, 0.000707507, 0.00072199287, 0.0007511032, 0.00077897945, 0.0007917138, 0.0008134056, 0.0008285647, 0.00083703175, 0.00083895266, 0.0008393166, 0.0008367183, 0.00083494594, 0.0008314031, 0.0008285219, 0.00082702865, 0.00082339504, 0.0008173567, 0.0008068635, 0.0007997555, 0.0007812369, 0.00075781357, 0.000744439, 0.0007152859, 0.00068459247, 0.0006538203, 0.00063868106, 0.0006089845, 0.0005795739, 0.0005646109, 0.000533346, 0.0004999116, 0.000482306, 0.0004458332, 0.00040855462, 0.00037160682, 0.00035370688, 0.0003195917, 0.00028765068, 0.0002723134, 0.00024207479, 0.00021085818, 0.0001774786, 0.0001597078, 0.00012209447, 8.271534e-05, 6.293693e-05, 2.4615036e-05, -1.01178575e-05, -2.5606323e-05, -5.2558455e-05, -7.4575226e-05, -9.319217e-05, -0.00010194509, -0.00011946726, -0.00013829811, -0.000148515, -0.000170206, -0.00019272372, -0.00021429402, -0.00022426751, -0.00024245739, -0.00026103706, -0.0002727529, -0.000309123, -0.0003710784
0, 0, 0, 0, 0, 0, 0, 0, 0, 0, 0, 0, 0, 0, 0, 0, 0, 0, 0, 0, 0, 0, 0, 0, 0, 0, 0, 0, 0, 0, 0, 0, 0, 0, 0, 0, 0, 0, 0, 0, 0, 0, 0, 0, 0, 0, 0, 0, 0, 0, 0, 0, 0, 0, 0, 0, 0, 0, 0, 0, 0, 0, 0, 0, 0, 0, 0, 0, 0.00038702125, 0.00038125154, 0.00040354257, 0.00045549704, 0.00048715758, 0.0005567435, 0.00063387066, 0.000717415, 0.00076108804, 0.0008498866, 0.00093726686, 0.0009792311, 0.0010580233, 0.0011288264, 0.0011613992, 0.0012213408, 0.0012763857, 0.001328565, 0.0013541976, 0.001405172, 0.0014551793, 0.0014795545, 0.0015255115, 0.0015664322, 0.0016004819, 0.0016146592, 0.0016371084, 0.0016525757, 0.0016581818, 0.0016662015, 0.0016718317, 0.0016740634, 0.0016777882, 0.0016795954, 0.0016782456, 0.0016758186, 0.0016666431, 0.0016508815, 0.0016404685, 0.0016151883, 0.0015858955, 0.0015547208, 0.0015389234, 0.0015077469, 0.0014766153, 0.001460704, 0.0014272142, 0.0013901311, 0.0013699884, 0.0013262095, 0.0012782633, 0.0012276333, 0.0012019636, 0.001151397, 0.0011028672, 0.0010794951, 0.0010340691, 0.0009886504, 0.00094118156, 0.0009160825, 0.0008626976, 0.0008057681, 0.000776434, 0.0007175501, 0.00066066155, 0.00063356454, 0.00058262266, 0.00053526915, 0.0004897471, 0.0004668347, 0.00041940185, 0.00036842137, 0.00034137536, 0.00028498456, 0.00022680256, 0.00016907907, 0.00014094372, 8.605133e-05, 3.0434001e-05, 5.9508824e-07, -6.7119865e-05, -0.00014099802
0, 0, 0, 0, 0, 0, 0, 0, 0, 0, 0, 0, 0, 0, 0, 0, 0, 0, 0, 0, 0, 0, 0, 0, 0, 0, 0, 0, 0, 0, 0, 0, 0, 0, 0, 0, 0, 0, 0, 0, 0, 0, 0, 0, 0, 0, 0, 0, 0, 0, 0, 0, 0, 0, 0, 0, 0, 0, 0, 0, 0, 0, 0, 0, 0, 0, 0, 0, 0.00059479283, 0.00054810086, 0.00055044173, 0.000632597, 0.000686663, 0.00080448156, 0.00092755037, 0.0010531987, 0.0011163822, 0.0012424738, 0.0013654678, 0.0014249369, 0.001538101, 0.0016422849, 0.0016908686, 0.0017811676, 0.0018639729, 0.001941647, 0.001979485, 0.0020543772, 0.0021289254, 0.0021658998, 0.0022380836, 0.002305389, 0.0023649829, 0.0023910294, 0.0024348258, 0.002467578, 0.0024801919, 0.0024996432, 0.0025142273, 0.0025205316, 0.0025322512, 0.0025427283, 0.0025505745, 0.0025529026, 0.0025522928, 0.0025433875, 0.0025354384, 0.0025133125, 0.0024847735, 0.0024526385, 0.0024362598, 0.0024036304, 0.0023712553, 0.0023548128, 0.0023198426, 0.0022797908, 0.0022572938, 0.0022062352, 0.0021474117, 0.0020825758, 0.0020488843, 0.0019812856, 0.0019158673, 0.0018844584, 0.0018238131, 0.0017644544, 0.0017037159, 0.0016718792, 0.0016043249, 0.0015314958, 0.0014933303, 0.001414886, 0.001336101, 0.0012972002, 0.0012211798, 0.0011471359, 0.0010731637, 0.0010354669, 0.00095709495, 0.0008736924, 0.0008300529, 0.0007396293, 0.0006468989, 0.00055402203, 0.00050807674, 0.00041679136, 0.00032387016, 0.00027555763, 0.00017583495, 8.947159e-05
0, 0, 0, 0, 0, 0, 0, 0, 0, 0, 0, 0, 0, 0, 0, 0, 0, 0, 0, 0, 0, 0, 0, 0, 0, 0, 0, 0, 0, 0, 0, 0, 0, 0, 0, 0, 0, 0, 0, 0, 0, 0, 0, 0, 0, 0, 0, 0, 0, 0, 0, 0, 0, 0, 0, 0, 0, 0, 0, 0, 0, 0, 0, 0, 0, 0, 0, 0, 0.0006363046, 0.0006004413, 0.0006243591, 0.0007548709, 0.0008376744, 0.0010137861, 0.0011907769, 0.0013643485, 0.0014495493, 0.0016165988, 0.0017781312, 0.0018563545, 0.002006395, 0.0021463798, 0.002212181, 0.0023355861, 0.0024484326, 0.0025536139, 0.0026042263, 0.0027033482, 0.0028011096, 0.0028494794, 0.0029443426, 0.0030340825, 0.0031154319, 0.0031517514, 0.0032142694, 0.003263122, 0.0032829016, 0.0033148893, 0.0033401595, 0.0033514625, 0.0033728625, 0.003393048, 0.0034102632, 0.00341708, 0.0034246945, 0.0034221131, 0.003416569, 0.003397379, 0.003369289, 0.0033360256, 0.0033185259, 0.0032834995, 0.0032488531, 0.0032313499, 0.0031942634, 0.0031516522, 0.0031271589, 0.0030705598, 0.0030035728, 0.0029280912, 0.0028882434, 0.002807081, 0.0027269921, 0.0026879879, 0.002611903, 0.0025372843, 0.002461191, 0.002421647, 0.0023382725, 0.0022482167, 0.0022008428, 0.0021024263, 0.0020013244, 0.0019504859, 0.0018493165, 0.0017486139, 0.0016470194, 0.0015952502, 0.0014882125, 0.0013755354, 0.0013169812, 0.001196161, 0.0010718844, 0.0009458503, 0.0008824886, 0.00075451646, 0.0006226134, 0.00055473886, 0.00042069872, 0.0003200807
0, 0, 0, 0, 0, 0, 0, 0, 0, 0, 0, 0, 0, 0, 0, 0, 0, 0, 0, 0, 0, 0, 0, 0, 0, 0, 0, 0, 0, 0, 0, 0, 0, 0, 0, 0, 0, 0, 0, 0, 0, 0, 0, 0, 0, 0, 0, 0, 0, 0, 0, 0, 0, 0, 0, 0, 0, 0, 0, 0, 0, 0, 0, 0, 0, 0, 0, 0, 0, 0.0006857861, 0.00072817435, 0.00088857254, 0.0009957885, 0.0012268475, 0.0014568482, 0.0016767691, 0.0017829487, 0.0019888796, 0.0021870083, 0.0022833014, 0.0024692037, 0.0026449068, 0.0027283046, 0.0028853407, 0.0030295453, 0.00316242, 0.0032255389, 0.003347028, 0.0034641023, 0.003521467, 0.0036333431, 0.0037396294, 0.0038374495, 0.0038820338, 0.003961193, 0.004026156, 0.004053616, 0.0041000023, 0.004138351, 0.0041556032, 0.0041880957, 0.0042181243, 0.0042444, 0.0042553577, 0.0042705857, 0.004274576, 0.004271788, 0.0042567644, 0.00423055, 0.0041968464, 0.004178384, 0.004140053, 0.0041012424, 0.004081677, 0.004040542, 0.0039941864, 0.0039679077, 0.00390784, 0.003836766, 0.0037559404, 0.0037126804, 0.003622883, 0.0035311305, 0.0034851872, 0.0033934305, 0.0033012326, 0.0032066703, 0.0031578338, 0.003055514, 0.002946192, 0.0028889817, 0.002770035, 0.002647043, 0.0025847442, 0.002459477, 0.0023336152, 0.0022064531, 0.0021418636, 0.0020093706, 0.0018713056, 0.0017999123, 0.0016527183, 0.0015001725, 0.0013427415, 0.0012622195, 0.0010967319, 0.000923857, 0.0008352019, 0.0006643189, 0.0005475735
0, 0, 0, 0, 0, 0, 0, 0, 0, 0, 0, 0, 0, 0, 0, 0, 0, 0, 0, 0, 0, 0, 0, 0, 0, 0, 0, 0, 0, 0, 0, 0, 0, 0, 0, 0, 0, 0, 0, 0, 0, 0, 0, 0, 0, 0, 0, 0, 0, 0, 0, 0, 0, 0, 0, 0, 0, 0, 0, 0, 0, 0, 0, 0, 0, 0, 0, 0, 0, 0, 0.001123929, 0.0013263249, 0.0014726107, 0.0017889725, 0.0020953857, 0.0023790537, 0.0025133376, 0.0027714854, 0.0030202465, 0.0031424612, 0.0033824667, 0.0036155493, 0.0037283793, 0.0039446, 0.0041454807, 0.004329457, 0.0044152457, 0.0045761974, 0.0047252416, 0.004796297, 0.0049337614, 0.0050656004, 0.0051915795, 0.0052517494, 0.005364562, 0.0054651625, 0.0055103353, 0.0055900156, 0.005656432, 0.005685281, 0.005735975, 0.005779174, 0.005816211, 0.005832381, 0.005859163, 0.005876941, 0.0058817184, 0.00588161, 0.0058679767, 0.005841152, 0.0058233617, 0.005780775, 0.0057310443, 0.0057043224, 0.0056480393, 0.0055881003, 0.005556501, 0.005488802, 0.005413562, 0.0053288587, 0.0052825375, 0.005181797, 0.005070796, 0.005012017, 0.004888985, 0.0047602695, 0.004627095, 0.004558935, 0.004419314, 0.0042745676, 0.0042000203, 0.004046434, 0.0038864606, 0.003804163, 0.003635389, 0.003461782, 0.0032842318, 0.003194217, 0.003011586, 0.0028247116, 0.002729236, 0.0025327732, 0.0023271574, 0.0021098948, 0.001996025, 0.001756388, 0.0015012546, 0.0013706879, 0.0011259791, 0.0009767306
0, 0, 0, 0, 0, 0, 0, 0, 0, 0, 0, 0, 0, 0, 0, 0, 0, 0, 0, 0, 0, 0, 0, 0, 0, 0, 0, 0, 0, 0, 0, 0, 0, 0, 0, 0, 0, 0, 0, 0, 0, 0, 0, 0, 0, 0, 0, 0, 0, 0, 0, 0, 0, 0, 0, 0, 0, 0, 0, 0, 0, 0, 0, 0, 0, 0, 0, 0, 0, 0, 0.0015531994, 0.0016915172, 0.0018252729, 0.0021387003, 0.0024551894, 0.002752616, 0.0028944039, 0.003167529, 0.0034324783, 0.0035630034, 0.0038213856, 0.0040750043, 0.0041990983, 0.0044389805, 0.0046641524, 0.0048718615, 0.0049688, 0.005149832, 0.005316235, 0.0053952374, 0.005547154, 0.005693597, 0.005835082, 0.0059035616, 0.00603412, 0.006153086, 0.0062071276, 0.006302716, 0.006381137, 0.006414369, 0.0064704525, 0.0065158554, 0.006553928, 0.0065708905, 0.006600996, 0.006624882, 0.006633675, 0.006642837, 0.006638499, 0.0066187102, 0.006603006, 0.0065609603, 0.006507317, 0.0064772503, 0.006412783, 0.006344487, 0.006309116, 0.0062353075, 0.006155341, 0.006066248, 0.006017308, 0.0059095584, 0.005788667, 0.005723678, 0.005586459, 0.0054423856, 0.0052940324, 0.0052186684, 0.005065964, 0.0049095005, 0.0048292507, 0.0046635657, 0.0044888547, 0.0043977997, 0.004208123, 0.0040093414, 0.0038039288, 0.0036994587, 0.0034881146, 0.0032735844, 0.003164809, 0.0029424897, 0.0027107317, 0.0024653415, 0.0023361903, 0.0020630679, 0.0017710055, 0.0016215751, 0.0013436193, 0.0011804231
0, 0, 0, 0, 0, 0, 0, 0, 0, 0, 0, 0, 0, 0, 0, 0, 0, 0, 0, 0, 0, 0, 0, 0, 0, 0, 0, 0, 0, 0, 0, 0, 0, 0, 0, 0, 0, 0, 0, 0, 0, 0, 0, 0, 0, 0, 0, 0, 0, 0, 0, 0, 0, 0, 0, 0, 0, 0, 0, 0, 0, 0, 0, 0, 0, 0, 0, 0, 0, 0, 0.002130797, 0.00209426, 0.002182342, 0.0024613254, 0.002780416, 0.0030932869, 0.003244365, 0.0035368735, 0.0038207856, 0.0039607133, 0.0042379554, 0.0045112125, 0.004645481, 0.0049069566, 0.0051549245, 0.0053855646, 0.0054936656, 0.005695718, 0.0058808755, 0.005968415, 0.006136141, 0.006297358, 0.006453519, 0.0065295515, 0.006675767, 0.0068106847, 0.0068724034, 0.0069819773, 0.0070713577, 0.0071086907, 0.007170251, 0.0072182417, 0.007257822, 0.00727563, 0.007308773, 0.0073379064, 0.007350219, 0.007367607, 0.007371838, 0.007359154, 0.007346003, 0.0073060915, 0.0072508203, 0.0072187944, 0.0071487655, 0.0070739253, 0.007035253, 0.0069551105, 0.0068692733, 0.006774121, 0.006721879, 0.006606299, 0.00647562, 0.006405013, 0.0062554306, 0.006098388, 0.0059376247, 0.005856615, 0.005693506, 0.005527538, 0.0054425145, 0.0052657737, 0.0050769285, 0.004977119, 0.004766253, 0.0045419675, 0.0043080463, 0.004188818, 0.003948051, 0.0037053686, 0.003583197, 0.003335226, 0.0030784297, 0.002807068, 0.002664102, 0.0023608147, 0.002035409, 0.0018688317, 0.0015603679, 0.0013847812
0, 0, 0, 0, 0, 0, 0, 0, 0, 0, 0, 0, 0, 0, 0, 0, 0, 0, 0, 0, 0, 0, 0, 0, 0, 0, 0, 0, 0, 0, 0, 0, 0, 0, 0, 0, 0, 0, 0, 0, 0, 0, 0, 0, 0, 0, 0, 0, 0, 0, 0, 0, 0, 0, 0, 0, 0, 0, 0, 0, 0, 0, 0, 0, 0, 0, 0, 0, 0, 0, 0.0026595755, 0.0023591442, 0.0024051107, 0.002671491, 0.0030167324, 0.003365704, 0.0035349166, 0.003860912, 0.004173785, 0.0043266816, 0.004627225, 0.0049218466, 0.005066644, 0.0053490335, 0.0056183864, 0.0058706487, 0.0059893797, 0.0062115705, 0.0064148586, 0.006510579, 0.00669295, 0.00686678, 0.0070347525, 0.0071166996, 0.0072747446, 0.0074221194, 0.007490224, 0.0076124445, 0.007713718, 0.0077562886, 0.007826826, 0.007881701, 0.007926568, 0.007946715, 0.007984238, 0.00801832, 0.008033417, 0.0080570225, 0.008067649, 0.00806061, 0.008049634, 0.008012701, 0.007958192, 0.00792572, 0.0078537, 0.0077756, 0.007734973, 0.0076505784, 0.007560105, 0.0074598882, 0.007404786, 0.007282608, 0.007143645, 0.0070682224, 0.0069080987, 0.0067393496, 0.0065668635, 0.006480112, 0.006305762, 0.0061287587, 0.0060379035, 0.0058482303, 0.0056437277, 0.0055348105, 0.0053031663, 0.005055161, 0.004795524, 0.004663005, 0.0043956875, 0.0041274084, 0.003992839, 0.0037209615, 0.0034405896, 0.003144889, 0.002988851, 0.002657166, 0.0023002855, 0.0021174627, 0.0017800492, 0.0015925614
0, 0, 0, 0, 0, 0, 0, 0, 0, 0, 0, 0, 0, 0, 0, 0, 0, 0, 0, 0, 0, 0, 0, 0, 0, 0, 0, 0, 0, 0, 0, 0, 0, 0, 0, 0, 0, 0, 0, 0, 0, 0, 0, 0, 0, 0, 0, 0, 0, 0, 0, 0, 0, 0, 0, 0, 0, 0, 0, 0, 0, 0, 0, 0, 0, 0, 0, 0, 0, 0, 0.002488712, 0.002382104, 0.0024450514, 0.002754125, 0.0031603493, 0.0035705664, 0.0037672448, 0.0041408767, 0.0044916295, 0.0046602897, 0.0049877753, 0.0053049475, 0.0054598623, 0.0057618315, 0.0060504368, 0.006321702, 0.0064497907, 0.0066900104, 0.0069096275, 0.0070125917, 0.0072077746, 0.0073923236, 0.0075695496, 0.0076557947, 0.007823211, 0.007980982, 0.008055018, 0.008190365, 0.008305922, 0.008355744, 0.008440331, 0.008507765, 0.0085628815, 0.008587337, 0.008631961, 0.008671629, 0.008689162, 0.008717246, 0.00873209, 0.008729174, 0.00872002, 0.008686369, 0.008634206, 0.0086025875, 0.008531301, 0.008452896, 0.008411787, 0.008325991, 0.008233461, 0.008130535, 0.008073709, 0.007947246, 0.007802277, 0.0077230893, 0.0075536664, 0.007373792, 0.00718844, 0.0070948, 0.0069061415, 0.0067140525, 0.00661532, 0.0064091724, 0.006187111, 0.0060690143, 0.005818147, 0.0055501163, 0.005269671, 0.0051264935, 0.004837519, 0.0045472314, 0.004401585, 0.004107117, 0.0038034809, 0.0034827413, 0.0033133319, 0.0029526218, 0.0025639615, 0.0023649489, 0.0019987586, 0.0017995867
0, 0, 0, 0, 0, 0, 0, 0, 0, 0, 0, 0, 0, 0, 0, 0, 0, 0, 0, 0, 0, 0, 0, 0, 0, 0, 0, 0, 0, 0, 0, 0, 0, 0, 0, 0, 0, 0, 0, 0, 0, 0, 0, 0, 0, 0, 0, 0, 0, 0, 0, 0, 0, 0, 0, 0, 0, 0, 0, 0, 0, 0, 0, 0, 0, 0, 0, 0, 0, 0, 0.0029938917, 0.0024390183, 0.0024527821, 0.0027915447, 0.00327101, 0.0037497382, 0.003975528, 0.0043969434, 0.004784068, 0.004967474, 0.0053193183, 0.00565598, 0.0058196415, 0.0061376696, 0.0064421576, 0.0067297462, 0.006866072, 0.007122691, 0.0073579676, 0.0074682618, 0.007676555, 0.007872398, 0.008059622, 0.008150671, 0.008328089, 0.00849742, 0.008578039, 0.008728176, 0.008860543, 0.008919234, 0.009021462, 0.009105246, 0.0091742, 0.009204515, 0.0092585785, 0.0093050245, 0.009325223, 0.009357853, 0.009376693, 0.009377704, 0.009370511, 0.0093406, 0.009291739, 0.00926144, 0.009192038, 0.009114465, 0.00907353, 0.008987463, 0.008894117, 0.008789775, 0.008732025, 0.008602866, 0.008453433, 0.008371255, 0.00819388, 0.008003272, 0.007804359, 0.0077030156, 0.0074975914, 0.0072872406, 0.0071791643, 0.0069542467, 0.006714048, 0.0065871715, 0.006319442, 0.006034929, 0.005737693, 0.005585884, 0.005278481, 0.0049680267, 0.00481154, 0.0044939616, 0.0041650343, 0.0038166146, 0.0036325487, 0.003240713, 0.0028191868, 0.0026037467, 0.0022090895, 0.001998716
0, 0, 0, 0, 0, 0, 0, 0, 0, 0, 0, 0, 0, 0, 0, 0, 0, 0, 0, 0, 0, 0, 0, 0, 0, 0, 0, 0, 0, 0, 0, 0, 0, 0, 0, 0, 0, 0, 0, 0, 0, 0, 0, 0, 0, 0, 0, 0, 0, 0, 0, 0, 0, 0, 0, 0, 0, 0, 0, 0, 0, 0, 0, 0, 0, 0, 0, 0, 0, 0, 0, 0.0023359994, 0.002449444, 0.0028884208, 0.0034295856, 0.003953845, 0.004197786, 0.004648541, 0.0050579445, 0.0052506123, 0.0056179985, 0.005967798, 0.006137504, 0.0064678155, 0.0067854268, 0.0070878123, 0.00723223, 0.007506013, 0.007758957, 0.007878078, 0.008103386, 0.008314901, 0.008516589, 0.008614723, 0.008806016, 0.008990185, 0.009078523, 0.009245468, 0.0093956245, 0.009463447, 0.009583633, 0.009684087, 0.009767701, 0.00980419, 0.009868973, 0.009923824, 0.0099475775, 0.009986676, 0.010011484, 0.010018128, 0.010013776, 0.009988983, 0.009944298, 0.009915479, 0.0098478785, 0.00977052, 0.009729116, 0.009641438, 0.009546098, 0.009439352, 0.009380336, 0.009247989, 0.009094499, 0.009009727, 0.008825515, 0.008625339, 0.008413866, 0.008305178, 0.008083219, 0.007854836, 0.007737496, 0.007494507, 0.0072372304, 0.0071023386, 0.006819232, 0.0065196054, 0.0062065506, 0.006046238, 0.0057201115, 0.005388166, 0.005219874, 0.004876531, 0.004519237, 0.0041405186, 0.0039406205, 0.0035162629, 0.0030616496, 0.0028300604, 0.0024080316, 0.0021875966
0, 0, 0, 0, 0, 0, 0, 0, 0, 0, 0, 0, 0, 0, 0, 0, 0, 0, 0, 0, 0, 0, 0, 0, 0, 0, 0, 0, 0, 0, 0, 0, 0, 0, 0, 0, 0, 0, 0, 0, 0, 0, 0, 0, 0, 0, 0, 0, 0, 0, 0, 0, 0, 0, 0, 0, 0, 0, 0, 0, 0, 0, 0, 0, 0, 0, 0, 0, 0, 0, 0, 0.0027346257, 0.0027907835, 0.0031603088, 0.003675154, 0.004192156, 0.0044357656, 0.0048889634, 0.00530333, 0.005499032, 0.005873391, 0.006231384, 0.006405719, 0.0067467806, 0.007077481, 0.0073957643, 0.0075492766, 0.007843145, 0.0081179915, 0.008248344, 0.008496133, 0.008729374, 0.008951463, 0.00905937, 0.009269542, 0.009471743, 0.009568917, 0.0097534135, 0.009920851, 0.009997035, 0.01013325, 0.010248628, 0.010345509, 0.010388177, 0.010463988, 0.01052883, 0.010557384, 0.010605538, 0.010639277, 0.010654662, 0.010654359, 0.010637186, 0.010597997, 0.010571132, 0.01050532, 0.010427099, 0.010384521, 0.010293256, 0.010193385, 0.01008197, 0.010020597, 0.009883648, 0.0097254375, 0.009638045, 0.009447744, 0.009239541, 0.009017799, 0.008902999, 0.008667155, 0.008423559, 0.008298417, 0.008039775, 0.0077670733, 0.007624504, 0.007325939, 0.0070100306, 0.0066790106, 0.0065088808, 0.006161179, 0.0058048028, 0.0056232824, 0.005251613, 0.0048641576, 0.0044542276, 0.00423855, 0.0037823669, 0.0032960835, 0.0030492384, 0.0026014796, 0.0023721142
0, 0, 0, 0, 0, 0, 0, 0, 0, 0, 0, 0, 0, 0, 0, 0, 0, 0, 0, 0, 0, 0, 0, 0, 0, 0, 0, 0, 0, 0, 0, 0, 0, 0, 0, 0, 0, 0, 0, 0, 0, 0, 0, 0, 0, 0, 0, 0, 0, 0, 0, 0, 0, 0, 0, 0, 0, 0, 0, 0, 0, 0, 0, 0, 0, 0, 0, 0, 0, 0, 0, 0.003480894, 0.0033668838, 0.003510624, 0.0039256606, 0.004401644, 0.0046350607, 0.0050790487, 0.0054926653, 0.005690166, 0.006071246, 0.006439116, 0.006619564, 0.006974782, 0.0073224707, 0.0076605855, 0.007825035, 0.00814272, 0.008443271, 0.008586845, 0.00886109, 0.009120026, 0.00936677, 0.009486318, 0.009718431, 0.009940708, 0.0100474255, 0.010249686, 0.010433588, 0.010517545, 0.010668471, 0.010797449, 0.010906978, 0.010955639, 0.011042962, 0.011119224, 0.011153379, 0.011212847, 0.011257818, 0.011284228, 0.011289219, 0.0112815015, 0.011249859, 0.011225686, 0.011162928, 0.011084648, 0.011041017, 0.010946022, 0.010840834, 0.010723421, 0.010658928, 0.010515952, 0.010352029, 0.01026184, 0.010065459, 0.009850324, 0.009620016, 0.009500309, 0.009253422, 0.00899728, 0.008865478, 0.008592743, 0.0083048735, 0.008154332, 0.007838832, 0.0075042774, 0.0071526226, 0.006971326, 0.006599557, 0.006216955, 0.006021567, 0.005621177, 0.005204288, 0.004764696, 0.0045343004, 0.004048704, 0.0035329473, 0.0032717667, 0.0027994616, 0.0025614353
0, 0, 0, 0, 0, 0, 0, 0, 0, 0, 0, 0, 0, 0, 0, 0, 0, 0, 0, 0, 0, 0, 0, 0, 0, 0, 0, 0, 0, 0, 0, 0, 0, 0, 0, 0, 0, 0, 0, 0, 0, 0, 0, 0, 0, 0, 0, 0, 0, 0, 0, 0, 0, 0, 0, 0, 0, 0, 0, 0, 0, 0, 0, 0, 0, 0, 0, 0, 0, 0, 0, 0.004203727, 0.0038002678, 0.0036950577, 0.004034445, 0.0044915616, 0.004724072, 0.005173984, 0.0055992655, 0.0058041736, 0.006202277, 0.006589755, 0.006780762, 0.0071585216, 0.0075300727, 0.007893237, 0.008070695, 0.008415005, 0.00874297, 0.008900277, 0.00920194, 0.009487448, 0.009759459, 0.009890954, 0.010145756, 0.010388859, 0.010505287, 0.010725817, 0.01092683, 0.011019021, 0.011185961, 0.011329949, 0.011453705, 0.011509198, 0.011609712, 0.011698398, 0.0117384875, 0.011809633, 0.011865965, 0.011903286, 0.011913563, 0.011915722, 0.0118927965, 0.011872243, 0.011815111, 0.011739647, 0.011696266, 0.011599915, 0.011491099, 0.011368418, 0.011300956, 0.01115177, 0.010981493, 0.0108881015, 0.010685224, 0.01046295, 0.010224362, 0.010100034, 0.009842724, 0.009574314, 0.009435601, 0.009147725, 0.008843237, 0.008683898, 0.008349735, 0.007995307, 0.0076223705, 0.0074298005, 0.0070342203, 0.006626119, 0.006417499, 0.005990044, 0.0055457135, 0.005078842, 0.004834771, 0.004321732, 0.0037778588, 0.0035027, 0.0030059756, 0.0027587772
0, 0, 0, 0, 0, 0, 0, 0, 0, 0, 0, 0, 0, 0, 0, 0, 0, 0, 0, 0, 0, 0, 0, 0, 0, 0, 0, 0, 0, 0, 0, 0, 0, 0, 0, 0, 0, 0, 0, 0, 0, 0, 0, 0, 0, 0, 0, 0, 0, 0, 0, 0, 0, 0, 0, 0, 0, 0, 0, 0, 0, 0, 0, 0, 0, 0, 0, 0, 0, 0, 0, 0.0037718883, 0.003622608, 0.0035969538, 0.0039480594, 0.004432438, 0.0046811183, 0.0051638857, 0.005621475, 0.00584233, 0.0062727653, 0.0066928463, 0.0069000963, 0.0073098745, 0.007712556, 0.008105702, 0.008297751, 0.008670472, 0.009025848, 0.009196598, 0.009524465, 0.0098352395, 0.010131267, 0.010274296, 0.010550982, 0.010814582, 0.010940881, 0.011180667, 0.011400659, 0.01150235, 0.011688209, 0.011850945, 0.011992509, 0.012056332, 0.012172134, 0.012273928, 0.012319837, 0.0124012055, 0.012466361, 0.012511944, 0.012526293, 0.012536822, 0.012522327, 0.012505951, 0.012456451, 0.012387005, 0.012345748, 0.012251363, 0.0121415295, 0.012015355, 0.01194548, 0.011790595, 0.011613948, 0.011517171, 0.011307338, 0.011077356, 0.010829777, 0.010700211, 0.010430802, 0.010147843, 0.010001058, 0.009695529, 0.009372332, 0.009203435, 0.008850266, 0.008476906, 0.008084572, 0.007881983, 0.007465215, 0.007034036, 0.00681325, 0.006360345, 0.005889595, 0.0053957356, 0.00513799, 0.0045971507, 0.004024668, 0.003735289, 0.0032137025, 0.0029568104
0, 0, 0, 0, 0, 0, 0, 0, 0, 0, 0, 0, 0, 0, 0, 0, 0, 0, 0, 0, 0, 0, 0, 0, 0, 0, 0, 0, 0, 0, 0, 0, 0, 0, 0, 0, 0, 0, 0, 0, 0, 0, 0, 0, 0, 0, 0, 0, 0, 0, 0, 0, 0, 0, 0, 0, 0, 0, 0, 0, 0, 0, 0, 0, 0, 0, 0, 0, 0, 0, 0, 0.004397721, 0.0037865557, 0.003429584, 0.003761305, 0.0042860415, 0.004558399, 0.0050877146, 0.0055904128, 0.005833502, 0.0063075707, 0.0067696893, 0.006997272, 0.0074456926, 0.007884107, 0.008310183, 0.008517593, 0.008919456, 0.009302349, 0.009486302, 0.009839701, 0.0101749925, 0.010494246, 0.010648354, 0.010946166, 0.011229622, 0.011365577, 0.011624556, 0.011864237, 0.011976109, 0.012182928, 0.012366924, 0.012528972, 0.0126021635, 0.012734746, 0.012849692, 0.012900836, 0.012990066, 0.013060769, 0.0131110195, 0.0131279435, 0.0131442705, 0.013137016, 0.0131247295, 0.013083447, 0.013021325, 0.012982927, 0.012892075, 0.012782487, 0.012653526, 0.012581463, 0.012421198, 0.012238612, 0.012138782, 0.01192247, 0.01168503, 0.011428093, 0.011292863, 0.011009712, 0.010710043, 0.010553942, 0.010228921, 0.0098860655, 0.009707766, 0.009336866, 0.008946974, 0.008538408, 0.008327295, 0.0078919055, 0.007439458, 0.00720686, 0.0067282184, 0.0062295296, 0.005706304, 0.005433584, 0.0048624184, 0.004259738, 0.003955758, 0.0034092634, 0.003142792
0, 0, 0, 0, 0, 0, 0, 0, 0, 0, 0, 0, 0, 0, 0, 0, 0, 0, 0, 0, 0, 0, 0, 0, 0, 0, 0, 0, 0, 0, 0, 0, 0, 0, 0, 0, 0, 0, 0, 0, 0, 0, 0, 0, 0, 0, 0, 0, 0, 0, 0, 0, 0, 0, 0, 0, 0, 0, 0, 0, 0, 0, 0, 0, 0, 0, 0, 0, 0, 0, 0, 0, 0.0031366977, 0.0031873211, 0.0035891547, 0.0041460316, 0.004436035, 0.0050061885, 0.0055546616, 0.005821318, 0.006342379, 0.0068497346, 0.0070986957, 0.007586971, 0.008061439, 0.008519815, 0.0087423455, 0.009172906, 0.009583123, 0.009780395, 0.010159895, 0.010520265, 0.010863085, 0.011028196, 0.011346359, 0.011648238, 0.011792819, 0.012068671, 0.012325581, 0.012446518, 0.012672389, 0.0128763, 0.013058069, 0.013140691, 0.013289519, 0.013416843, 0.013472546, 0.013568077, 0.013642403, 0.013695531, 0.013714033, 0.013734755, 0.013733755, 0.013725074, 0.013691115, 0.013635336, 0.01359921, 0.0135104535, 0.01339962, 0.013266729, 0.013192009, 0.013026157, 0.012838345, 0.012736084, 0.012515046, 0.012271956, 0.012007114, 0.011866643, 0.0115702925, 0.011253893, 0.011088578, 0.010744246, 0.010382688, 0.0101956045, 0.009808834, 0.009404539, 0.008981718, 0.008762959, 0.008310032, 0.007836159, 0.0075912043, 0.007084858, 0.0065552294, 0.0059994757, 0.005710381, 0.005106911, 0.004473372, 0.0041549713, 0.0035845335, 0.003309658
0, 0, 0, 0, 0, 0, 0, 0, 0, 0, 0, 0, 0, 0, 0, 0, 0, 0, 0, 0, 0, 0, 0, 0, 0, 0, 0, 0, 0, 0, 0, 0, 0, 0, 0, 0, 0, 0, 0, 0, 0, 0, 0, 0, 0, 0, 0, 0, 0, 0, 0, 0, 0, 0, 0, 0, 0, 0, 0, 0, 0, 0, 0, 0, 0, 0, 0, 0, 0, 0, 0, 0, 0.0035588276, 0.0033082243, 0.0035482785, 0.004068722, 0.0043641147, 0.0049660276, 0.0055579976, 0.005847582, 0.0064139413, 0.006963636, 0.0072321775, 0.00775617, 0.008261962, 0.008748189, 0.008983782, 0.009439658, 0.009875108, 0.010085119, 0.010490155, 0.010875511, 0.01124142, 0.011417118, 0.011753883, 0.01207112, 0.012222417, 0.012510477, 0.0127793485, 0.0129065495, 0.013146155, 0.013365371, 0.013563202, 0.01365361, 0.013816646, 0.013955108, 0.014015072, 0.0141167985, 0.01419518, 0.014251752, 0.01427222, 0.0142979985, 0.0143032335, 0.014297834, 0.014270134, 0.0142186275, 0.014183512, 0.0140940035, 0.013979172, 0.013840229, 0.013762272, 0.013590333, 0.013397907, 0.013294035, 0.013070389, 0.012824433, 0.012554536, 0.012410271, 0.0121032875, 0.011772608, 0.011599142, 0.011237515, 0.010858864, 0.010663735, 0.010262049, 0.009844027, 0.009407144, 0.009180665, 0.008709781, 0.008213504, 0.007955541, 0.0074200206, 0.00685833, 0.006269665, 0.005964348, 0.0053296583, 0.0046671317, 0.0043354314, 0.0037434443, 0.00346144
0, 0, 0, 0, 0, 0, 0, 0, 0, 0, 0, 0, 0, 0, 0, 0, 0, 0, 0, 0, 0, 0, 0, 0, 0, 0, 0, 0, 0, 0, 0, 0, 0, 0, 0, 0, 0, 0, 0, 0, 0, 0, 0, 0, 0, 0, 0, 0, 0, 0, 0, 0, 0, 0, 0, 0, 0, 0, 0, 0, 0, 0, 0, 0, 0, 0, 0, 0, 0, 0, 0, 0, 0.004470565, 0.0034464372, 0.0035075422, 0.0040276973, 0.0043422575, 0.0049917437, 0.0056316126, 0.005943625, 0.006550771, 0.0071354876, 0.0074194083, 0.0079701925, 0.008498162, 0.009003722, 0.009248339, 0.00972221, 0.010176488, 0.010396513, 0.010822448, 0.011228827, 0.011614396, 0.011798915, 0.012150659, 0.012479067, 0.012634815, 0.012930225, 0.013205799, 0.013336547, 0.01358465, 0.013814233, 0.014023761, 0.014120341, 0.014294821, 0.0144433, 0.014507503, 0.01461614, 0.01470015, 0.014762127, 0.014785573, 0.014817857, 0.014830151, 0.014828165, 0.01480622, 0.014757808, 0.014722852, 0.014631069, 0.014510909, 0.014364971, 0.0142835155, 0.014105532, 0.013909146, 0.01380412, 0.01357944, 0.013332543, 0.013059972, 0.012913255, 0.012598383, 0.012256256, 0.012075888, 0.011699249, 0.011305001, 0.0111022005, 0.010685735, 0.010253509, 0.009801733, 0.009567162, 0.009077834, 0.0085592, 0.008288654, 0.00772571, 0.007135012, 0.006517555, 0.006198397, 0.005537309, 0.004850215, 0.0045071053, 0.0038960713, 0.0036074328
0, 0, 0, 0, 0, 0, 0, 0, 0, 0, 0, 0, 0, 0, 0, 0, 0, 0, 0, 0, 0, 0, 0, 0, 0, 0, 0, 0, 0, 0, 0, 0, 0, 0, 0, 0, 0, 0, 0, 0, 0, 0, 0, 0, 0, 0, 0, 0, 0, 0, 0, 0, 0, 0, 0, 0, 0, 0, 0, 0, 0, 0, 0, 0, 0, 0, 0, 0, 0, 0, 0, 0, 0, 0.003042133, 0.003398029, 0.004042005, 0.004398618, 0.005112443, 0.0057987925, 0.0061294157, 0.0067664413, 0.0073734475, 0.007666187, 0.008230874, 0.008768722, 0.009281863, 0.009529924, 0.0100110555, 0.010474327, 0.010699669, 0.01113767, 0.011557322, 0.011955918, 0.012146277, 0.012507942, 0.012843747, 0.013002359, 0.01330251, 0.013582602, 0.013716003, 0.013970385, 0.014208074, 0.014426872, 0.014528138, 0.014712224, 0.014869409, 0.014937493, 0.015052983, 0.015143334, 0.015211661, 0.015238399, 0.015277857, 0.015297434, 0.015298902, 0.015282748, 0.015237647, 0.0152032105, 0.015110174, 0.014986095, 0.014834963, 0.014750779, 0.01456817, 0.014368651, 0.014262638, 0.014036854, 0.013788786, 0.013513669, 0.013364701, 0.013043019, 0.012690898, 0.01250455, 0.012114633, 0.011706058, 0.011496022, 0.011065063, 0.0106183365, 0.010151455, 0.009908799, 0.009401858, 0.0088634575, 0.008582247, 0.007997054, 0.0073839314, 0.006744767, 0.0064151944, 0.005734106, 0.0050272048, 0.004674305, 0.0040459987, 0.0037504467
0, 0, 0, 0, 0, 0, 0, 0, 0, 0, 0, 0, 0, 0, 0, 0, 0, 0, 0, 0, 0, 0, 0, 0, 0, 0, 0, 0, 0, 0, 0, 0, 0, 0, 0, 0, 0, 0, 0, 0, 0, 0, 0, 0, 0, 0, 0, 0, 0, 0, 0, 0, 0, 0, 0, 0, 0, 0, 0, 0, 0, 0, 0, 0, 0, 0, 0, 0, 0, 0, 0, 0, 0, 0.0031527642, 0.0035337398, 0.0042276788, 0.004607288, 0.0053564813, 0.0060652895, 0.006403265, 0.007049666, 0.007660637, 0.007953909, 0.008517243, 0.009051581, 0.009560388, 0.009806463, 0.010284544, 0.010746806, 0.010972577, 0.011413288, 0.011837605, 0.012241701, 0.012434981, 0.012802176, 0.013143378, 0.013304545, 0.013610015, 0.013896123, 0.01403295, 0.014295102, 0.014541208, 0.014768856, 0.014874347, 0.015066344, 0.015230321, 0.015301415, 0.015422421, 0.015517797, 0.015591257, 0.015620743, 0.015665872, 0.015691457, 0.015695844, 0.015684988, 0.015643768, 0.0156106185, 0.015518818, 0.015394329, 0.01524187, 0.015156729, 0.014972068, 0.014770476, 0.014663466, 0.014435208, 0.01418384, 0.013904045, 0.013752065, 0.013422938, 0.013061396, 0.012869777, 0.012468392, 0.012047569, 0.0118312035, 0.011387353, 0.010927224, 0.010446429, 0.010196514, 0.009674516, 0.009120467, 0.008831345, 0.008230305, 0.0076017515, 0.006947439, 0.006610287, 0.0059134588, 0.005189548, 0.0048277564, 0.0041831043, 0.0038800812
0, 0, 0, 0, 0, 0, 0, 0, 0, 0, 0, 0, 0, 0, 0, 0, 0, 0, 0, 0, 0, 0, 0, 0, 0, 0, 0, 0, 0, 0, 0, 0, 0, 0, 0, 0, 0, 0, 0, 0, 0, 0, 0, 0, 0, 0, 0, 0, 0, 0, 0, 0, 0, 0, 0, 0, 0, 0, 0, 0, 0, 0, 0, 0, 0, 0, 0, 0, 0, 0, 0, 0, 0, 0.0036299948, 0.00393711, 0.0045960858, 0.0049657943, 0.0056996904, 0.0063937753, 0.0067241634, 0.007355186, 0.007950613, 0.0082362, 0.008784628, 0.009305339, 0.009802051, 0.010042984, 0.0105125755, 0.010968743, 0.01119235, 0.011630274, 0.012053593, 0.012458487, 0.012652697, 0.013023194, 0.013369296, 0.013533677, 0.013846896, 0.014142077, 0.014283785, 0.014555852, 0.014811619, 0.015047674, 0.015156828, 0.015354931, 0.015523568, 0.015596595, 0.015721096, 0.015819658, 0.015896395, 0.015927434, 0.015975835, 0.016004665, 0.016010705, 0.01600308, 0.01596491, 0.015933296, 0.015844436, 0.015722875, 0.015572675, 0.01548848, 0.015304593, 0.015102107, 0.014993861, 0.014761706, 0.014504672, 0.014217964, 0.014062225, 0.013725151, 0.0133555895, 0.013159868, 0.012750197, 0.012320763, 0.012099777, 0.011646059, 0.011175064, 0.01068269, 0.01042683, 0.009892902, 0.009327531, 0.00903292, 0.008421235, 0.0077819335, 0.0071159396, 0.006772289, 0.006060869, 0.0053204983, 0.004950075, 0.0042897044, 0.0039790645
0, 0, 0, 0, 0, 0, 0, 0, 0, 0, 0, 0, 0, 0, 0, 0, 0, 0, 0, 0, 0, 0, 0, 0, 0, 0, 0, 0, 0, 0, 0, 0, 0, 0, 0, 0, 0, 0, 0, 0, 0, 0, 0, 0, 0, 0, 0, 0, 0, 0, 0, 0, 0, 0, 0, 0, 0, 0, 0, 0, 0, 0, 0, 0, 0, 0, 0, 0, 0, 0, 0, 0, 0, 0.00432992, 0.004478763, 0.0050299335, 0.0053627635, 0.006042196, 0.006695349, 0.0070080566, 0.00760739, 0.008175203, 0.008448459, 0.008975636, 0.0094796615, 0.009964377, 0.010200773, 0.010664029, 0.011116367, 0.011338657, 0.011774566, 0.012196555, 0.01260111, 0.0127958525, 0.013169085, 0.013520693, 0.013688904, 0.014011409, 0.014317275, 0.014464386, 0.014746737, 0.015011227, 0.015253945, 0.015365722, 0.015567797, 0.015739497, 0.015813885, 0.015941275, 0.016043011, 0.016122552, 0.016154846, 0.016204841, 0.016234387, 0.016240552, 0.016232913, 0.016195372, 0.016164497, 0.016078096, 0.015960328, 0.015814425, 0.015732162, 0.015550815, 0.015348245, 0.015238837, 0.015002125, 0.014738788, 0.014444903, 0.014285679, 0.013942465, 0.013568141, 0.013370516, 0.012957328, 0.012523874, 0.01230042, 0.011840468, 0.011361564, 0.010860021, 0.0105994465, 0.010056513, 0.009482932, 0.009184542, 0.008565445, 0.007917818, 0.007241408, 0.0068915356, 0.006165494, 0.0054085767, 0.005029821, 0.00435488, 0.0040373635
0, 0, 0, 0, 0, 0, 0, 0, 0, 0, 0, 0, 0, 0, 0, 0, 0, 0, 0, 0, 0, 0, 0, 0, 0, 0, 0, 0, 0, 0, 0, 0, 0, 0, 0, 0, 0, 0, 0, 0, 0, 0, 0, 0, 0, 0, 0, 0, 0, 0, 0, 0, 0, 0, 0, 0, 0, 0, 0, 0, 0, 0, 0, 0, 0, 0, 0, 0, 0, 0, 0, 0, 0, 0.0051783863, 0.0049553895, 0.0053308043, 0.0056186696, 0.006242957, 0.006858874, 0.007155457, 0.0077251587, 0.008267499, 0.008529847, 0.009039822, 0.009533177, 0.010013431, 0.010249621, 0.010715037, 0.011171376, 0.011395674, 0.011834988, 0.012259268, 0.01266557, 0.012861422, 0.013238055, 0.013595554, 0.013767509, 0.014099028, 0.014414518, 0.014566229, 0.014856451, 0.015126486, 0.015372537, 0.015485475, 0.015689494, 0.01586374, 0.015939953, 0.016072044, 0.016179286, 0.016264072, 0.0162984, 0.016350795, 0.016380185, 0.016385477, 0.016375275, 0.016335513, 0.016304057, 0.01621818, 0.01610314, 0.01596141, 0.015881136, 0.015702717, 0.015500611, 0.015390294, 0.015149892, 0.014881233, 0.014582177, 0.014420939, 0.014075362, 0.013700879, 0.013503806, 0.013091914, 0.012658855, 0.012434771, 0.0119716395, 0.011486915, 0.010978187, 0.010713894, 0.010163962, 0.009584396, 0.009283502, 0.008659788, 0.008006528, 0.007322212, 0.006967162, 0.006228525, 0.0054571633, 0.0050712344, 0.0043840623, 0.004060787
0, 0, 0, 0, 0, 0, 0, 0, 0, 0, 0, 0, 0, 0, 0, 0, 0, 0, 0, 0, 0, 0, 0, 0, 0, 0, 0, 0, 0, 0, 0, 0, 0, 0, 0, 0, 0, 0, 0, 0, 0, 0, 0, 0, 0, 0, 0, 0, 0, 0, 0, 0, 0, 0, 0, 0, 0, 0, 0, 0, 0, 0, 0, 0, 0, 0, 0, 0, 0, 0, 0, 0, 0, 0.005819104, 0.0050349836, 0.005306249, 0.00558307, 0.006200536, 0.006809271, 0.007100798, 0.0076589347, 0.008190594, 0.008448951, 0.008954702, 0.009449943, 0.009937761, 0.010179341, 0.010657246, 0.011126137, 0.011356199, 0.011804947, 0.012235806, 0.0126466565, 0.012844469, 0.013225726, 0.0135891205, 0.01376463, 0.014103937, 0.014427066, 0.014581985, 0.014876786, 0.015148884, 0.0153952, 0.015508058, 0.015712697, 0.015889805, 0.015968606, 0.016107833, 0.016224012, 0.01631739, 0.016355254, 0.016412314, 0.016442578, 0.01644698, 0.016433666, 0.016390344, 0.01635746, 0.016270582, 0.016156994, 0.016018245, 0.015939735, 0.015764106, 0.015562862, 0.015452142, 0.015209405, 0.014937542, 0.014636093, 0.014474347, 0.014129822, 0.013758914, 0.01356411, 0.013156879, 0.012726855, 0.012503267, 0.012038568, 0.011549537, 0.011034902, 0.010767618, 0.010212576, 0.009629938, 0.009328206, 0.008703748, 0.008049873, 0.007363154, 0.007005915, 0.0062605734, 0.005480121, 0.005089363, 0.0043936875, 0.004065828
0, 0, 0, 0, 0, 0, 0, 0, 0, 0, 0, 0, 0, 0, 0, 0, 0, 0, 0, 0, 0, 0, 0, 0, 0, 0, 0, 0, 0, 0, 0, 0, 0, 0, 0, 0, 0, 0, 0, 0, 0, 0, 0, 0, 0, 0, 0, 0, 0, 0, 0, 0, 0, 0, 0, 0, 0, 0, 0, 0, 0, 0, 0, 0, 0, 0, 0, 0, 0, 0, 0, 0, 0, 0.004575822, 0.0045541204, 0.004979899, 0.005282561, 0.005926586, 0.006550382, 0.00684752, 0.0074150334, 0.007955662, 0.008219015, 0.008736909, 0.009247696, 0.009754079, 0.010005534, 0.010502975, 0.010989506, 0.011227073, 0.011688004, 0.0121274805, 0.012544624, 0.012745283, 0.0131323105, 0.013502471, 0.013681764, 0.014028636, 0.014358522, 0.014516054, 0.014814041, 0.0150865875, 0.015331818, 0.015444119, 0.015648823, 0.015828894, 0.015910411, 0.016057642, 0.01618361, 0.016286697, 0.016328678, 0.016391547, 0.016423961, 0.016428238, 0.016412811, 0.016366543, 0.016332667, 0.016245043, 0.016132731, 0.015996782, 0.015919818, 0.015746865, 0.015546777, 0.015436003, 0.015192169, 0.014918697, 0.014616534, 0.01445523, 0.014113445, 0.013747376, 0.013555473, 0.013153885, 0.012727779, 0.01250506, 0.0120398095, 0.011547696, 0.011028924, 0.010759764, 0.010202324, 0.009620193, 0.009319835, 0.008699864, 0.00805167, 0.0073699513, 0.0070143975, 0.006270345, 0.0054882225, 0.0050957627, 0.004396169, 0.0040652286
0, 0, 0, 0, 0, 0, 0, 0, 0, 0, 0, 0, 0, 0, 0, 0, 0, 0, 0, 0, 0, 0, 0, 0, 0, 0, 0, 0, 0, 0, 0, 0, 0, 0, 0, 0, 0, 0, 0, 0, 0, 0, 0, 0, 0, 0, 0, 0, 0, 0, 0, 0, 0, 0, 0, 0, 0, 0, 0, 0, 0, 0, 0, 0, 0, 0, 0, 0, 0, 0, 0, 0, 0, 0.0047247205, 0.004367201, 0.0046156337, 0.004883701, 0.005511588, 0.0061499574, 0.0064583947, 0.007050697, 0.007616878, 0.007892843, 0.008435976, 0.008971968, 0.009502677, 0.009765604, 0.01028392, 0.0107874945, 0.011031958, 0.011503812, 0.011951266, 0.012375038, 0.012578907, 0.012972846, 0.0133509645, 0.013534502, 0.013889837, 0.014227039, 0.014387509, 0.014689239, 0.014962977, 0.015207844, 0.015319774, 0.015524416, 0.015706312, 0.015789634, 0.015941985, 0.016074423, 0.016183851, 0.01622858, 0.016295409, 0.01632961, 0.016333997, 0.016317995, 0.016271139, 0.016237311, 0.016150776, 0.01604094, 0.015908387, 0.015833039, 0.01566279, 0.015464118, 0.015353501, 0.015109172, 0.014834909, 0.014532698, 0.014371985, 0.014032834, 0.013671131, 0.01348183, 0.013085496, 0.012663456, 0.012442112, 0.011977881, 0.011485136, 0.010965286, 0.010695962, 0.010139911, 0.009561919, 0.009264898, 0.008653481, 0.008015379, 0.007343834, 0.006992891, 0.0062564802, 0.0054792613, 0.0050882595, 0.0043899124, 0.0040580602
0, 0, 0, 0, 0, 0, 0, 0, 0, 0, 0, 0, 0, 0, 0, 0, 0, 0, 0, 0, 0, 0, 0, 0, 0, 0, 0, 0, 0, 0, 0, 0, 0, 0, 0, 0, 0, 0, 0, 0, 0, 0, 0, 0, 0, 0, 0, 0, 0, 0, 0, 0, 0, 0, 0, 0, 0, 0, 0, 0, 0, 0, 0, 0, 0, 0, 0, 0, 0, 0, 0, 0, 0, 0.005556174, 0.0041683796, 0.0041675293, 0.004405689, 0.0050327927, 0.005698102, 0.0060232617, 0.006650544, 0.007250583, 0.0075428104, 0.008116312, 0.008679395, 0.009233419, 0.009506416, 0.010041461, 0.010557425, 0.010806688, 0.011286066, 0.011739469, 0.012169045, 0.012376003, 0.0127770435, 0.01316295, 0.013350558, 0.013713847, 0.014057772, 0.014220957, 0.014526777, 0.014802609, 0.015048068, 0.01515992, 0.015364211, 0.0155457705, 0.015629089, 0.01578144, 0.01591403, 0.016023278, 0.016067874, 0.016134212, 0.01616799, 0.016172307, 0.016156787, 0.016111545, 0.016078891, 0.01599555, 0.015889594, 0.015760887, 0.015687194, 0.01551949, 0.015322282, 0.0152119305, 0.014967739, 0.014693551, 0.014392014, 0.014232119, 0.0138955545, 0.013537661, 0.013350631, 0.012959022, 0.012541654, 0.012322435, 0.011862171, 0.011372913, 0.010856737, 0.010589532, 0.010038699, 0.009467538, 0.009174543, 0.008572265, 0.007944363, 0.007283197, 0.00693738, 0.0062106554, 0.005442234, 0.0050551165, 0.004362597, 0.0040326575
0, 0, 0, 0, 0, 0, 0, 0, 0, 0, 0, 0, 0, 0, 0, 0, 0, 0, 0, 0, 0, 0, 0, 0, 0, 0, 0, 0, 0, 0, 0, 0, 0, 0, 0, 0, 0, 0, 0, 0, 0, 0, 0, 0, 0, 0, 0, 0, 0, 0, 0, 0, 0, 0, 0, 0, 0, 0, 0, 0, 0, 0, 0, 0, 0, 0, 0, 0, 0, 0, 0, 0, 0, 0, 0.003257513, 0.0035968528, 0.0038967186, 0.004589547, 0.0052964007, 0.005639593, 0.0063005667, 0.0069316137, 0.007238124, 0.007837162, 0.008421112, 0.008991082, 0.009270272, 0.009814496, 0.010336419, 0.01058794, 0.01107108, 0.01152825, 0.011961975, 0.012171327, 0.012577157, 0.012967624, 0.013157222, 0.013523602, 0.013869677, 0.014033575, 0.014340275, 0.01461662, 0.014862022, 0.014973735, 0.0151770795, 0.015356574, 0.0154383015, 0.0155864125, 0.015713511, 0.01581694, 0.0158587, 0.015920496, 0.015951715, 0.015955672, 0.01594099, 0.015898572, 0.015867783, 0.015788488, 0.01568639, 0.015560654, 0.01548822, 0.015322335, 0.015126335, 0.015016529, 0.014773852, 0.0145017095, 0.014203061, 0.01404483, 0.013711957, 0.013358145, 0.013173302, 0.012786491, 0.012374779, 0.012158841, 0.011705809, 0.011224708, 0.010717239, 0.010454355, 0.009912039, 0.009348886, 0.009059646, 0.008464479, 0.007843295, 0.007189155, 0.0068471087, 0.0061288485, 0.0053702546, 0.0049883113, 0.004305096, 0.003979741
0, 0, 0, 0, 0, 0, 0, 0, 0, 0, 0, 0, 0, 0, 0, 0, 0, 0, 0, 0, 0, 0, 0, 0, 0, 0, 0, 0, 0, 0, 0, 0, 0, 0, 0, 0, 0, 0, 0, 0, 0, 0, 0, 0, 0, 0, 0, 0, 0, 0, 0, 0, 0, 0, 0, 0, 0, 0, 0, 0, 0, 0, 0, 0, 0, 0, 0, 0, 0, 0, 0, 0, 0, 0, 0.0029145775, 0.0032836273, 0.0035968516, 0.004310867, 0.0050360993, 0.0053882357, 0.006066936, 0.0067145308, 0.0070285304, 0.0076399543, 0.008232177, 0.0088062445, 0.009086122, 0.009630025, 0.010150715, 0.010401729, 0.010884593, 0.0113425935, 0.0117776105, 0.011987374, 0.0123929875, 0.012781061, 0.012968591, 0.013329424, 0.013668864, 0.013829494, 0.01413057, 0.014402981, 0.014646275, 0.014757279, 0.014959169, 0.015136258, 0.015216024, 0.015358652, 0.015478441, 0.015574088, 0.015612279, 0.015668273, 0.015696352, 0.015699957, 0.015686639, 0.015647143, 0.015618044, 0.015541789, 0.0154416775, 0.015316706, 0.015244378, 0.015078787, 0.01488392, 0.014775336, 0.014536242, 0.014269228, 0.013976572, 0.013821331, 0.013493975, 0.013145069, 0.012962528, 0.012580609, 0.012175001, 0.011962816, 0.011519111, 0.011049208, 0.0105538145, 0.01029689, 0.009765339, 0.009210959, 0.008925161, 0.008335382, 0.007718289, 0.007068466, 0.0067291767, 0.006018225, 0.005269834, 0.0048937285, 0.0042220056, 0.0039028563
0, 0, 0, 0, 0, 0, 0, 0, 0, 0, 0, 0, 0, 0, 0, 0, 0, 0, 0, 0, 0, 0, 0, 0, 0, 0, 0, 0, 0, 0, 0, 0, 0, 0, 0, 0, 0, 0, 0, 0, 0, 0, 0, 0, 0, 0, 0, 0, 0, 0, 0, 0, 0, 0, 0, 0, 0, 0, 0, 0, 0, 0, 0, 0, 0, 0, 0, 0, 0, 0, 0, 0, 0, 0, 0.0029240835, 0.0032473907, 0.0035436319, 0.0042367205, 0.0049521415, 0.0053017563, 0.0059775766, 0.0066232397, 0.00693584, 0.0075429045, 0.008128003, 0.0086922515, 0.008966579, 0.009499467, 0.01001047, 0.010257559, 0.010734481, 0.011188277, 0.011619438, 0.011826713, 0.012225318, 0.012603071, 0.012784062, 0.013130242, 0.0134542985, 0.013607583, 0.013896198, 0.014159957, 0.01439834, 0.014507997, 0.014708271, 0.014883613, 0.014962062, 0.015100609, 0.0152146965, 0.015303953, 0.015339239, 0.015390762, 0.015416977, 0.015420525, 0.01540879, 0.015371586, 0.0153435, 0.015268262, 0.0151673695, 0.015040431, 0.014967093, 0.01480032, 0.014606671, 0.014499769, 0.014266199, 0.014006961, 0.013722889, 0.013571726, 0.01325159, 0.012908167, 0.012727848, 0.01235006, 0.0119494945, 0.011740665, 0.011305695, 0.010847151, 0.010364593, 0.010114192, 0.009594889, 0.009050632, 0.008769015, 0.008185937, 0.007574303, 0.006930495, 0.0065948474, 0.0058933, 0.005157074, 0.0047878083, 0.004129107, 0.003816478
0, 0, 0, 0, 0, 0, 0, 0, 0, 0, 0, 0, 0, 0, 0, 0, 0, 0, 0, 0, 0, 0, 0, 0, 0, 0, 0, 0, 0, 0, 0, 0, 0, 0, 0, 0, 0, 0, 0, 0, 0, 0, 0, 0, 0, 0, 0, 0, 0, 0, 0, 0, 0, 0, 0, 0, 0, 0, 0, 0, 0, 0, 0, 0, 0, 0, 0, 0, 0, 0, 0, 0, 0, 0, 0.0030698383, 0.0033669816, 0.0036507077, 0.0043223677, 0.005019645, 0.005360726, 0.006019649, 0.006647831, 0.006951273, 0.007538835, 0.008102553, 0.0086442195, 0.008907213, 0.009418445, 0.009910465, 0.010149367, 0.010612397, 0.011054964, 0.011475633, 0.011677338, 0.012063014, 0.012424848, 0.012596814, 0.012923366, 0.013227582, 0.013371635, 0.013644336, 0.013896772, 0.014128362, 0.014236014, 0.014434038, 0.014607754, 0.014685101, 0.01482063, 0.014930411, 0.015014988, 0.015048105, 0.015096489, 0.015121566, 0.0151253585, 0.0151147945, 0.015078986, 0.01505116, 0.014975257, 0.014871913, 0.0147416135, 0.0146667, 0.014498142, 0.014305594, 0.014200648, 0.013973425, 0.013722923, 0.013448187, 0.013301421, 0.012988809, 0.012650767, 0.012472433, 0.012097929, 0.011700791, 0.011494208, 0.011065586, 0.010616078, 0.010145031, 0.009900877, 0.009394285, 0.008862218, 0.008586244, 0.008013873, 0.007412824, 0.006780491, 0.0064512715, 0.005764146, 0.0050440812, 0.004683128, 0.0040391176, 0.0037328175
0, 0, 0, 0, 0, 0, 0, 0, 0, 0, 0, 0, 0, 0, 0, 0, 0, 0, 0, 0, 0, 0, 0, 0, 0, 0, 0, 0, 0, 0, 0, 0, 0, 0, 0, 0, 0, 0, 0, 0, 0, 0, 0, 0, 0, 0, 0, 0, 0, 0, 0, 0, 0, 0, 0, 0, 0, 0, 0, 0, 0, 0, 0, 0, 0, 0, 0, 0, 0, 0, 0, 0, 0, 0, 0.0032619825, 0.003553985, 0.0038359312, 0.0045000915, 0.0051822984, 0.0055131433, 0.006147968, 0.0067489147, 0.0070379893, 0.0075957156, 0.008128504, 0.008638833, 0.008886387, 0.00936794, 0.009832847, 0.010059423, 0.0105007235, 0.01092478, 0.011329115, 0.011522966, 0.01189272, 0.012237543, 0.01240058, 0.0127086, 0.012994569, 0.013130137, 0.013387976, 0.013629071, 0.013853046, 0.013957932, 0.014151758, 0.0143218115, 0.014397267, 0.014528187, 0.0146325445, 0.014711586, 0.014742112, 0.014786502, 0.014809308, 0.014812567, 0.014801873, 0.014766361, 0.0147385225, 0.014661698, 0.014556394, 0.01442358, 0.01434759, 0.01417793, 0.0139866285, 0.013883399, 0.013661611, 0.01341851, 0.013151901, 0.013008986, 0.012703253, 0.012370532, 0.012194265, 0.011822979, 0.011428896, 0.011224111, 0.010800137, 0.010357723, 0.009896037, 0.009657391, 0.009162978, 0.008644156, 0.008375108, 0.007817184, 0.007231794, 0.0066165393, 0.006296421, 0.005628661, 0.004928744, 0.004577504, 0.0039497907, 0.0036497468
0, 0, 0, 0, 0, 0, 0, 0, 0, 0, 0, 0, 0, 0, 0, 0, 0, 0, 0, 0, 0, 0, 0, 0, 0, 0, 0, 0, 0, 0, 0, 0, 0, 0, 0, 0, 0, 0, 0, 0, 0, 0, 0, 0, 0, 0, 0, 0, 0, 0, 0, 0, 0, 0, 0, 0, 0, 0, 0, 0, 0, 0, 0, 0, 0, 0, 0, 0, 0, 0, 0, 0, 0, 0, 0.0034798523, 0.0037688336, 0.0040509114, 0.0047090338, 0.005373163, 0.0056912675, 0.006296144, 0.006864362, 0.007136746, 0.007660861, 0.008159904, 0.008636782, 0.0088676885, 0.009316638, 0.009750663, 0.009962742, 0.010377484, 0.010778585, 0.011163349, 0.01134857, 0.011702564, 0.012032886, 0.012188875, 0.0124832485, 0.012756116, 0.012885486, 0.013131933, 0.013363307, 0.01357886, 0.013679963, 0.0138666155, 0.014029579, 0.014101303, 0.014224288, 0.014320419, 0.014391243, 0.014418038, 0.014455849, 0.014473838, 0.014475311, 0.014462323, 0.01442579, 0.014397792, 0.014320878, 0.014215623, 0.014082839, 0.014006868, 0.0138377715, 0.013648004, 0.01354594, 0.013327783, 0.013089601, 0.012828793, 0.012689006, 0.012389443, 0.012062562, 0.011889084, 0.011523197, 0.011134412, 0.0109323105, 0.010514242, 0.010078737, 0.009625402, 0.009391545, 0.008908087, 0.008401961, 0.0081399735, 0.0075974544, 0.0070292605, 0.0064328914, 0.0061228545, 0.005476125, 0.004797627, 0.0044567343, 0.003846157, 0.003552444
0, 0, 0, 0, 0, 0, 0, 0, 0, 0, 0, 0, 0, 0, 0, 0, 0, 0, 0, 0, 0, 0, 0, 0, 0, 0, 0, 0, 0, 0, 0, 0, 0, 0, 0, 0, 0, 0, 0, 0, 0, 0, 0, 0, 0, 0, 0, 0, 0, 0, 0, 0, 0, 0, 0, 0, 0, 0, 0, 0, 0, 0, 0, 0, 0, 0, 0, 0, 0, 0, 0, 0, 0, 0, 0.0037400702, 0.0039964244, 0.004263507, 0.0048899585, 0.005518468, 0.0058182096, 0.006386894, 0.006921178, 0.0071775257, 0.0076710917, 0.00814095, 0.008588954, 0.008805444, 0.0092254905, 0.009631145, 0.009829572, 0.010218681, 0.010597127, 0.010962801, 0.01113981, 0.011479766, 0.011798575, 0.011949466, 0.012234588, 0.012498843, 0.012623974, 0.012861837, 0.013084185, 0.013290398, 0.013386822, 0.013563885, 0.013717179, 0.013784061, 0.013897437, 0.013984011, 0.014045656, 0.014068006, 0.0140977185, 0.014108834, 0.014107551, 0.014090279, 0.014051499, 0.014023124, 0.013946713, 0.013843333, 0.013713041, 0.013638349, 0.013471577, 0.013283751, 0.013182634, 0.012966453, 0.012730824, 0.012473773, 0.012336415, 0.012042897, 0.011723504, 0.011554252, 0.0111975, 0.010818242, 0.010620939, 0.010212196, 0.009785601, 0.009341142, 0.009111927, 0.008638374, 0.00814357, 0.007887859, 0.0073592598, 0.006806643, 0.006227342, 0.005926322, 0.0052984874, 0.004639736, 0.0043086614, 0.0037149608, 0.0034274275
0, 0, 0, 0, 0, 0, 0, 0, 0, 0, 0, 0, 0, 0, 0, 0, 0, 0, 0, 0, 0, 0, 0, 0, 0, 0, 0, 0, 0, 0, 0, 0, 0, 0, 0, 0, 0, 0, 0, 0, 0, 0, 0, 0, 0, 0, 0, 0, 0, 0, 0, 0, 0, 0, 0, 0, 0, 0, 0, 0, 0, 0, 0, 0, 0, 0, 0, 0, 0, 0, 0, 0, 0, 0, 0.0040783994, 0.0042077093, 0.0044210833, 0.004965566, 0.0055367346, 0.0058140424, 0.0063466327, 0.0068529374, 0.007097376, 0.0075695994, 0.008019934, 0.008448866, 0.008655775, 0.009056238, 0.009441973, 0.0096304305, 0.010000222, 0.010360848, 0.010710792, 0.01088078, 0.011208465, 0.011517153, 0.011663694, 0.011940879, 0.012197645, 0.012318896, 0.0125484215, 0.012761419, 0.012957646, 0.01304894, 0.013216137, 0.0133604305, 0.0134231625, 0.0135289505, 0.013608636, 0.013663765, 0.013682885, 0.01370607, 0.013710847, 0.013706581, 0.013684365, 0.013642342, 0.013613208, 0.013537188, 0.013436201, 0.013309609, 0.0132369185, 0.013073701, 0.012888488, 0.01278825, 0.012573317, 0.012339204, 0.012084977, 0.011949892, 0.011662921, 0.0113528175, 0.011189099, 0.010844771, 0.010478699, 0.010287922, 0.009891601, 0.009476462, 0.009042462, 0.008818251, 0.0083550345, 0.007871384, 0.007621706, 0.007106128, 0.0065676193, 0.0060032518, 0.0057099727, 0.0050982498, 0.0044567767, 0.004134527, 0.0035567286, 0.0032748487
0, 0, 0, 0, 0, 0, 0, 0, 0, 0, 0, 0, 0, 0, 0, 0, 0, 0, 0, 0, 0, 0, 0, 0, 0, 0, 0, 0, 0, 0, 0, 0, 0, 0, 0, 0, 0, 0, 0, 0, 0, 0, 0, 0, 0, 0, 0, 0, 0, 0, 0, 0, 0, 0, 0, 0, 0, 0, 0, 0, 0, 0, 0, 0, 0, 0, 0, 0, 0, 0, 0, 0, 0, 0, 0.0044957562, 0.0042924476, 0.004404991, 0.004836555, 0.005355803, 0.0056178, 0.006130227, 0.0066234428, 0.006862589, 0.0073256628, 0.007767651, 0.008188411, 0.008391198, 0.008783041, 0.009159597, 0.0093432125, 0.009702635, 0.010052394, 0.010391102, 0.010555521, 0.010872385, 0.011170954, 0.011312769, 0.01158098, 0.011828946, 0.011945729, 0.012165929, 0.012369061, 0.012555577, 0.012642335, 0.012801612, 0.012940077, 0.013000728, 0.0131038185, 0.013182016, 0.0132358335, 0.013254193, 0.013274971, 0.013276123, 0.013269777, 0.013243371, 0.013197998, 0.013167817, 0.013091396, 0.01299221, 0.012869239, 0.01279866, 0.012639519, 0.012457639, 0.012358617, 0.012145457, 0.011913199, 0.011662147, 0.011529539, 0.011249725, 0.0109497, 0.010791987, 0.010460947, 0.01010885, 0.009925002, 0.009541989, 0.009139224, 0.008717098, 0.008498901, 0.008048206, 0.0075782184, 0.0073358547, 0.0068357615, 0.0063133263, 0.0057650697, 0.005479841, 0.0048845634, 0.004260369, 0.003946952, 0.0033848449, 0.0031080227
0, 0, 0, 0, 0, 0, 0, 0, 0, 0, 0, 0, 0, 0, 0, 0, 0, 0, 0, 0, 0, 0, 0, 0, 0, 0, 0, 0, 0, 0, 0, 0, 0, 0, 0, 0, 0, 0, 0, 0, 0, 0, 0, 0, 0, 0, 0, 0, 0, 0, 0, 0, 0, 0, 0, 0, 0, 0, 0, 0, 0, 0, 0, 0, 0, 0, 0, 0, 0, 0, 0, 0, 0, 0, 0.0046967943, 0.003996454, 0.0040437244, 0.0044413204, 0.0049626078, 0.0052282186, 0.0057472545, 0.0062442133, 0.0064841732, 0.006947456, 0.007388666, 0.007808583, 0.008011014, 0.0084023755, 0.008778035, 0.008960795, 0.009317243, 0.00966174, 0.00999301, 0.010152996, 0.0104603255, 0.010749002, 0.010885868, 0.011144426, 0.011383065, 0.011495244, 0.011706206, 0.011900573, 0.012079076, 0.0121624125, 0.012316442, 0.012452039, 0.012512352, 0.012616386, 0.012697146, 0.012753937, 0.012773472, 0.012795431, 0.012795894, 0.012788607, 0.01275957, 0.012711553, 0.012680348, 0.012603178, 0.012505192, 0.012385189, 0.012316575, 0.012161828, 0.011984126, 0.011886962, 0.011677263, 0.011448469, 0.01120193, 0.011072266, 0.010799979, 0.01050988, 0.0103577925, 0.010038726, 0.009699095, 0.009521391, 0.009150406, 0.008759583, 0.008350173, 0.008138919, 0.0077038226, 0.007251837, 0.0070192977, 0.0065400084, 0.006039087, 0.0055123144, 0.005237669, 0.0046633705, 0.004060115, 0.0037569776, 0.003212401, 0.0029407856
0, 0, 0, 0, 0, 0, 0, 0, 0, 0, 0, 0, 0, 0, 0, 0, 0, 0, 0, 0, 0, 0, 0, 0, 0, 0, 0, 0, 0, 0, 0, 0, 0, 0, 0, 0, 0, 0, 0, 0, 0, 0, 0, 0, 0, 0, 0, 0, 0, 0, 0, 0, 0, 0, 0, 0, 0, 0, 0, 0, 0, 0, 0, 0, 0, 0, 0, 0, 0, 0, 0, 0, 0, 0, 0.0031217535, 0.0031789527, 0.0033572451, 0.0038730719, 0.0044447505, 0.0047253645, 0.0052631493, 0.005769065, 0.0060111624, 0.0064758486, 0.006917016, 0.007337136, 0.0075400095, 0.007932818, 0.008309823, 0.008492901, 0.008848333, 0.009189171, 0.009514277, 0.009670482, 0.009969434, 0.010249476, 0.010382154, 0.010632778, 0.0108641405, 0.010972874, 0.01117729, 0.011365482, 0.011538353, 0.011619119, 0.011768951, 0.011901983, 0.011961674, 0.012066085, 0.01214888, 0.012208548, 0.012229424, 0.012253377, 0.0122545175, 0.012247011, 0.012216891, 0.012167566, 0.012135982, 0.012058831, 0.011962519, 0.011845773, 0.0117793325, 0.011629604, 0.011457318, 0.011362966, 0.011158904, 0.010935919, 0.010695979, 0.010570007, 0.010306254, 0.010026037, 0.00987931, 0.009571375, 0.009242988, 0.009070894, 0.008711193, 0.008332224, 0.007936515, 0.0077330675, 0.0073158816, 0.0068853023, 0.006664692, 0.0062110247, 0.0057373764, 0.00523847, 0.004977694, 0.0044308086, 0.0038542897, 0.0035638914, 0.003040441, 0.002775267
0, 0, 0, 0, 0, 0, 0, 0, 0, 0, 0, 0, 0, 0, 0, 0, 0, 0, 0, 0, 0, 0, 0, 0, 0, 0, 0, 0, 0, 0, 0, 0, 0, 0, 0, 0, 0, 0, 0, 0, 0, 0, 0, 0, 0, 0, 0, 0, 0, 0, 0, 0, 0, 0, 0, 0, 0, 0, 0, 0, 0, 0, 0, 0, 0, 0, 0, 0, 0, 0, 0, 0, 0, 0, 0.0024987948, 0.0026067563, 0.0028092847, 0.003353921, 0.003938244, 0.004221716, 0.004760636, 0.0052634347, 0.0055029485, 0.0059617274, 0.0063971817, 0.0068128873, 0.0070140692, 0.0074041206, 0.007778337, 0.007959633, 0.008310288, 0.008644483, 0.00896154, 0.009113521, 0.009404184, 0.009676917, 0.0098065315, 0.010052086, 0.010279614, 0.010386671, 0.010587882, 0.010772418, 0.010940782, 0.011018952, 0.01116323, 0.011290844, 0.011348078, 0.011448625, 0.011529253, 0.0115880845, 0.011608949, 0.011633256, 0.011634822, 0.0116275, 0.011597904, 0.011549585, 0.011518743, 0.011444008, 0.011351343, 0.011239506, 0.0111759305, 0.011032595, 0.010867508, 0.010776891, 0.010580496, 0.010365671, 0.010134651, 0.010013557, 0.009760311, 0.00949169, 0.009351058, 0.009055887, 0.008740628, 0.008575196, 0.008229057, 0.007864271, 0.0074841334, 0.0072892117, 0.006891216, 0.0064830235, 0.0062748133, 0.005848206, 0.005404022, 0.004936107, 0.0046912045, 0.004176382, 0.0036316067, 0.0033563045, 0.0028580076, 0.002601393
0, 0, 0, 0, 0, 0, 0, 0, 0, 0, 0, 0, 0, 0, 0, 0, 0, 0, 0, 0, 0, 0, 0, 0, 0, 0, 0, 0, 0, 0, 0, 0, 0, 0, 0, 0, 0, 0, 0, 0, 0, 0, 0, 0, 0, 0, 0, 0, 0, 0, 0, 0, 0, 0, 0, 0, 0, 0, 0, 0, 0, 0, 0, 0, 0, 0, 0, 0, 0, 0, 0, 0, 0, 0, 0.002208627, 0.0022907692, 0.002469795, 0.002967521, 0.003513267, 0.0037805454, 0.0042917957, 0.0047717183, 0.0050012753, 0.005442598, 0.005863565, 0.0062671127, 0.0064627905, 0.006842238, 0.007205633, 0.0073811547, 0.0077196276, 0.008041091, 0.008345764, 0.008491959, 0.008772516, 0.009037527, 0.0091642095, 0.009405545, 0.009630317, 0.009736251, 0.009934891, 0.010115706, 0.010278597, 0.010353387, 0.010489811, 0.010608985, 0.010662022, 0.0107549615, 0.010829484, 0.010884115, 0.010903593, 0.010926564, 0.0109284865, 0.010921928, 0.0108947065, 0.010850233, 0.010821744, 0.010752563, 0.010666467, 0.010562041, 0.010502374, 0.010367319, 0.010210929, 0.010124875, 0.009937901, 0.009733213, 0.009513258, 0.009398173, 0.009158014, 0.008904027, 0.008771295, 0.008492808, 0.0081953425, 0.008039112, 0.0077116713, 0.0073659313, 0.007004961, 0.0068198727, 0.006442355, 0.0060561216, 0.0058596623, 0.0054583163, 0.005041786, 0.004603832, 0.004374705, 0.0038928702, 0.0033820746, 0.0031234582, 0.002653709, 0.00240801
0, 0, 0, 0, 0, 0, 0, 0, 0, 0, 0, 0, 0, 0, 0, 0, 0, 0, 0, 0, 0, 0, 0, 0, 0, 0, 0, 0, 0, 0, 0, 0, 0, 0, 0, 0, 0, 0, 0, 0, 0, 0, 0, 0, 0, 0, 0, 0, 0, 0, 0, 0, 0, 0, 0, 0, 0, 0, 0, 0, 0, 0, 0, 0, 0, 0, 0, 0, 0, 0, 0, 0, 0, 0, 0.002020402, 0.002085932, 0.002240216, 0.0026762409, 0.0031616078, 0.003401806, 0.0038660972, 0.004307812, 0.004521095, 0.004934494, 0.0053320723, 0.0057149613, 0.005900779, 0.0062606893, 0.006604216, 0.00676968, 0.007088112, 0.0073903534, 0.0076775933, 0.007816021, 0.008082975, 0.00833723, 0.008459497, 0.008693506, 0.008912188, 0.009015168, 0.009207594, 0.009381367, 0.00953619, 0.0096066985, 0.009734249, 0.009844688, 0.009893717, 0.009979399, 0.0100480495, 0.010098656, 0.010116898, 0.010139038, 0.010142341, 0.010137252, 0.0101143755, 0.010075833, 0.010050937, 0.009989659, 0.009912344, 0.009817295, 0.009762483, 0.00963746, 0.009491198, 0.009410328, 0.009234193, 0.009041273, 0.008834302, 0.00872621, 0.008501511, 0.008264998, 0.008141756, 0.007883751, 0.007608592, 0.007463968, 0.0071605965, 0.00683929, 0.0065024076, 0.0063291485, 0.0059749214, 0.005611764, 0.0054269517, 0.00504944, 0.004658199, 0.004247824, 0.004033478, 0.003583506, 0.0031071543, 0.0028659876, 0.0024268925, 0.0021939029
0, 0, 0, 0, 0, 0, 0, 0, 0, 0, 0, 0, 0, 0, 0, 0, 0, 0, 0, 0, 0, 0, 0, 0, 0, 0, 0, 0, 0, 0, 0, 0, 0, 0, 0, 0, 0, 0, 0, 0, 0, 0, 0, 0, 0, 0, 0, 0, 0, 0, 0, 0, 0, 0, 0, 0, 0, 0, 0, 0, 0, 0, 0, 0, 0, 0, 0, 0, 0, 0, 0, 0, 0, 0, 0.0018473051, 0.0019052081, 0.0020409424, 0.002422842, 0.0028478298, 0.0030590054, 0.0034702525, 0.0038665328, 0.0040597906, 0.0044376724, 0.0048041325, 0.0051581184, 0.0053298958, 0.0056619346, 0.0059779217, 0.006129899, 0.006422226, 0.0067005665, 0.0069666076, 0.007095482, 0.0073452843, 0.0075844596, 0.0076997485, 0.007920516, 0.008126424, 0.008223106, 0.008403052, 0.008564779, 0.008708767, 0.0087744435, 0.0088941455, 0.008998899, 0.00904577, 0.009128376, 0.009195162, 0.009244971, 0.009263301, 0.009286608, 0.009292597, 0.009289461, 0.009271723, 0.009239664, 0.00921852, 0.00916568, 0.009097794, 0.00901298, 0.0089635495, 0.00884961, 0.008715024, 0.008640161, 0.008476758, 0.00829746, 0.008105415, 0.00800532, 0.0077976803, 0.0075799837, 0.0074668536, 0.0072307256, 0.006979437, 0.0068475115, 0.006570709, 0.006277108, 0.005968572, 0.0058094678, 0.0054830406, 0.005146972, 0.004975389, 0.004624115, 0.004259495, 0.0038771578, 0.0036777747, 0.0032599375, 0.00281868, 0.0025953774, 0.0021880546, 0.0019683712
0, 0, 0, 0, 0, 0, 0, 0, 0, 0, 0, 0, 0, 0, 0, 0, 0, 0, 0, 0, 0, 0, 0, 0, 0, 0, 0, 0, 0, 0, 0, 0, 0, 0, 0, 0, 0, 0, 0, 0, 0, 0, 0, 0, 0, 0, 0, 0, 0, 0, 0, 0, 0, 0, 0, 0, 0, 0, 0, 0, 0, 0, 0, 0, 0, 0, 0, 0, 0, 0, 0, 0, 0, 0, 0.0016605936, 0.001715157, 0.0018366223, 0.002173585, 0.0025449456, 0.0027291605, 0.0030887763, 0.003437964, 0.0036094463, 0.003946549, 0.004275064, 0.0045927814, 0.0047468822, 0.005044468, 0.005327522, 0.0054638353, 0.005726977, 0.005979367, 0.006222612, 0.0063410806, 0.0065715886, 0.006792278, 0.006898287, 0.0071002436, 0.0072869933, 0.0073742205, 0.007536123, 0.007681944, 0.007813391, 0.00787439, 0.0079877125, 0.00808983, 0.008136469, 0.008219822, 0.008288215, 0.0083398335, 0.008359162, 0.008384631, 0.008393418, 0.0083920285, 0.008378604, 0.008352148, 0.008334251, 0.008289087, 0.00823025, 0.0081556365, 0.008111782, 0.008009826, 0.007888546, 0.007820871, 0.00767286, 0.0075101065, 0.0073354533, 0.0072443755, 0.007055249, 0.0068567535, 0.006753625, 0.006538409, 0.0063096355, 0.0061897533, 0.0059386916, 0.0056732, 0.0053948774, 0.0052514886, 0.004957211, 0.004653541, 0.004498093, 0.004178964, 0.003846448, 0.0034968925, 0.0033144413, 0.0029319944, 0.0025279955, 0.002323404, 0.0019486735, 0.0017419532
0, 0, 0, 0, 0, 0, 0, 0, 0, 0, 0, 0, 0, 0, 0, 0, 0, 0, 0, 0, 0, 0, 0, 0, 0, 0, 0, 0, 0, 0, 0, 0, 0, 0, 0, 0, 0, 0, 0, 0, 0, 0, 0, 0, 0, 0, 0, 0, 0, 0, 0, 0, 0, 0, 0, 0, 0, 0, 0, 0, 0, 0, 0, 0, 0, 0, 0, 0, 0, 0, 0, 0, 0, 0, 0.001454915, 0.0015085053, 0.0016178269, 0.0019155706, 0.0022393926, 0.002399102, 0.0027104134, 0.0030128823, 0.0031616688, 0.003454556, 0.0037400012, 0.004016129, 0.004150039, 0.0044089756, 0.0046562958, 0.0047760536, 0.005009178, 0.005235415, 0.005455785, 0.0055636945, 0.005773897, 0.005974319, 0.006069904, 0.006250229, 0.006414948, 0.0064913756, 0.006633125, 0.006761956, 0.006880726, 0.006937072, 0.007044258, 0.0071437573, 0.007190028, 0.0072735366, 0.007342674, 0.007395065, 0.0074146925, 0.007440998, 0.007451046, 0.0074506304, 0.0074402653, 0.0074185724, 0.007403695, 0.00736586, 0.0073158178, 0.007251484, 0.0072133485, 0.0071242447, 0.007017982, 0.0069586774, 0.006828834, 0.0066858437, 0.006531799, 0.006451112, 0.0062826276, 0.0061043613, 0.0060112607, 0.0058161616, 0.0056083063, 0.0054994775, 0.0052722585, 0.0050334632, 0.0047848704, 0.0046574753, 0.0043970784, 0.004129274, 0.003992225, 0.0037105922, 0.0034161236, 0.0031051927, 0.0029423188, 0.0025997555, 0.0022362936, 0.0020514515, 0.0017105631, 0.0015167816
0, 0, 0, 0, 0, 0, 0, 0, 0, 0, 0, 0, 0, 0, 0, 0, 0, 0, 0, 0, 0, 0, 0, 0, 0, 0, 0, 0, 0, 0, 0, 0, 0, 0, 0, 0, 0, 0, 0, 0, 0, 0, 0, 0, 0, 0, 0, 0, 0, 0, 0, 0, 0, 0, 0, 0, 0, 0, 0, 0, 0, 0, 0, 0, 0, 0, 0, 0, 0, 0, 0, 0, 0, 0, 0.0009845316, 0.001039837, 0.0011263995, 0.0013505142, 0.0015865488, 0.0017012572, 0.0019224437, 0.0021351108, 0.0022389966, 0.0024424277, 0.0026398476, 0.002830558, 0.0029233932, 0.0031045303, 0.0032809898, 0.0033680317, 0.0035407199, 0.0037123866, 0.0038827735, 0.0039669313, 0.004131027, 0.0042866045, 0.004360213, 0.0044978894, 0.0046226736, 0.0046806363, 0.004789321, 0.00489073, 0.0049870303, 0.0050336276, 0.005123405, 0.005207086, 0.005245774, 0.0053150416, 0.0053713117, 0.0054134433, 0.0054291748, 0.0054508774, 0.005461478, 0.0054633813, 0.0054616984, 0.0054533198, 0.005446511, 0.0054266755, 0.0053967317, 0.0053544715, 0.0053283568, 0.00526613, 0.005191353, 0.005149769, 0.005059235, 0.004960227, 0.004853421, 0.004797011, 0.0046775127, 0.004547782, 0.00447861, 0.0043309834, 0.0041707656, 0.0040861797, 0.003909308, 0.003723956, 0.0035326802, 0.0034354418, 0.003238341, 0.0030376017, 0.002935479, 0.0027261262, 0.0025073215, 0.002275322, 0.002153202, 0.0018946743, 0.0016175981, 0.0014750976, 0.0012068675, 0.0010420274
0, 0, 0, 0, 0, 0, 0, 0, 0, 0, 0, 0, 0, 0, 0, 0, 0, 0, 0, 0, 0, 0, 0, 0, 0, 0, 0, 0, 0, 0, 0, 0, 0, 0, 0, 0, 0, 0, 0, 0, 0, 0, 0, 0, 0, 0, 0, 0, 0, 0, 0, 0, 0, 0, 0, 0, 0, 0, 0, 0, 0, 0, 0, 0, 0, 0, 0, 0, 0, 0, 0, 0, 0, 0, 0.0007180891, 0.0007741994, 0.0008485408, 0.0010341236, 0.001225828, 0.0013183103, 0.0014960738, 0.00166652, 0.0017496874, 0.001912606, 0.0020709112, 0.0022244079, 0.0022994848, 0.0024465988, 0.002590691, 0.0026619893, 0.002803871, 0.002945146, 0.003085456, 0.0031547896, 0.0032904143, 0.0034198824, 0.0034816558, 0.0035986588, 0.0037067798, 0.0037577767, 0.0038547134, 0.0039460696, 0.0040327637, 0.004074348, 0.0041533606, 0.00422548, 0.0042583058, 0.0043164147, 0.004363442, 0.0043993783, 0.004413494, 0.004435077, 0.004449537, 0.00445462, 0.004461103, 0.0044624223, 0.004460732, 0.0044513275, 0.004431961, 0.0044008847, 0.004380736, 0.0043314015, 0.0042713443, 0.004237863, 0.0041651744, 0.0040862164, 0.004001547, 0.003956978, 0.003862555, 0.003759569, 0.0037043006, 0.003585317, 0.0034548196, 0.0033854102, 0.0032390808, 0.0030844011, 0.0029233315, 0.0028408868, 0.002672803, 0.0025005816, 0.0024127027, 0.0022323097, 0.0020441085, 0.0018454288, 0.0017412972, 0.0015216451, 0.001286719, 0.0011656034, 0.0009350989, 0.000786048
0, 0, 0, 0, 0, 0, 0, 0, 0, 0, 0, 0, 0, 0, 0, 0, 0, 0, 0, 0, 0, 0, 0, 0, 0, 0, 0, 0, 0, 0, 0, 0, 0, 0, 0, 0, 0, 0, 0, 0, 0, 0, 0, 0, 0, 0, 0, 0, 0, 0, 0, 0, 0, 0, 0, 0, 0, 0, 0, 0, 0, 0, 0, 0, 0, 0, 0, 0, 0, 0, 0, 0, 0, 0, 0.0004355256, 0.00049191585, 0.00055310794, 0.0006980569, 0.0008440408, 0.00091406767, 0.0010486956, 0.0011782574, 0.0012418854, 0.0013673076, 0.0014905374, 0.0016113808, 0.0016709017, 0.0017879683, 0.0019026179, 0.0019591295, 0.0020708104, 0.0021808967, 0.002289212, 0.0023426302, 0.0024475448, 0.0025493556, 0.0025989106, 0.0026950946, 0.0027871234, 0.0028316015, 0.002917375, 0.0029990533, 0.0030761382, 0.0031127057, 0.0031813595, 0.0032430254, 0.0032709774, 0.003320788, 0.0033624426, 0.003396773, 0.0034115345, 0.0034371458, 0.003458454, 0.0034676734, 0.003483056, 0.0034933568, 0.0034961281, 0.0034955523, 0.0034854203, 0.00346478, 0.0034504384, 0.0034140386, 0.0033684352, 0.0033426885, 0.003286546, 0.0032253128, 0.0031597435, 0.0031253332, 0.0030528808, 0.0029742254, 0.0029320796, 0.0028412675, 0.0027412262, 0.0026877094, 0.0025739223, 0.002451941, 0.002322596, 0.0022554232, 0.002116732, 0.0019724015, 0.0018981806, 0.0017452645, 0.0015857392, 0.001418348, 0.0013311896, 0.0011487119, 0.0009546471, 0.00085441436, 0.00066090643, 0.00052715745
0, 0, 0, 0, 0, 0, 0, 0, 0, 0, 0, 0, 0, 0, 0, 0, 0, 0, 0, 0, 0, 0, 0, 0, 0, 0, 0, 0, 0, 0, 0, 0, 0, 0, 0, 0, 0, 0, 0, 0, 0, 0, 0, 0, 0, 0, 0, 0, 0, 0, 0, 0, 0, 0, 0, 0, 0, 0, 0, 0, 0, 0, 0, 0, 0, 0, 0, 0, 0, 0, 0, 0, 0, 0, 0.00014447026, 0.00020113516, 0.00024877573, 0.0003523322, 0.00045227067, 0.0004998361, 0.00059165264, 0.000681158, 0.00072570454, 0.0008150541, 0.0009051201, 0.0009956144, 0.0010408078, 0.0011303405, 0.00121812, 0.001261043, 0.0013448573, 0.0014258663, 0.0015042807, 0.0015427507, 0.0016188166, 0.0016946073, 0.001732546, 0.0018085196, 0.0018843326, 0.0019218553, 0.0019953863, 0.0020659044, 0.0021323443, 0.0021637387, 0.0022226216, 0.0022760557, 0.00230079, 0.0023464314, 0.002387499, 0.0024246355, 0.0024418882, 0.002473673, 0.0025017902, 0.0025142997, 0.0025356538, 0.002551208, 0.0025564793, 0.0025614284, 0.002558558, 0.0025476657, 0.0025392761, 0.0025167048, 0.0024868574, 0.0024694582, 0.0024302462, 0.0023859693, 0.002337468, 0.002311724, 0.0022574281, 0.0021987413, 0.0021675248, 0.0021009424, 0.0020280315, 0.0019890692, 0.0019058979, 0.0018152931, 0.0017174161, 0.001665797, 0.0015577229, 0.0014434702, 0.0013841746, 0.0012616253, 0.0011335886, 0.0009998092, 0.0009304485, 0.00078602834, 0.0006325288, 0.00055264315, 0.0003946079, 0.0002746169
0, 0, 0, 0, 0, 0, 0, 0, 0, 0, 0, 0, 0, 0, 0, 0, 0, 0, 0, 0, 0, 0, 0, 0, 0, 0, 0, 0, 0, 0, 0, 0, 0, 0, 0, 0, 0, 0, 0, 0, 0, 0, 0, 0, 0, 0, 0, 0, 0, 0, 0, 0, 0, 0, 0, 0, 0, 0, 0, 0, 0, 0, 0, 0, 0, 0, 0, 0, 0, 0, 0, 0, 0, 0, -0.00015270569, -9.5087555e-05, -6.041975e-05, 3.6900062e-06, 5.9966584e-05, 8.628344e-05, 0.00013736934, 0.00018834436, 0.00021433111, 0.00026817815, 0.00032527433, 0.00038547622, 0.00041642465, 0.0004790227, 0.0005412389, 0.0005716357, 0.00063049217, 0.0006864826, 0.00074015633, 0.0007664622, 0.0008191251, 0.0008732609, 0.0009012231, 0.0009590253, 0.0010187185, 0.0010487785, 0.0011084013, 0.0011658461, 0.0012200688, 0.001245831, 0.0012948655, 0.0013410595, 0.0013633618, 0.0014067475, 0.0014488869, 0.0014893565, 0.0015087377, 0.0015447852, 0.0015761015, 0.001589624, 0.0016119967, 0.0016280925, 0.0016338744, 0.0016415506, 0.0016446663, 0.0016437052, 0.0016416814, 0.0016343573, 0.0016221796, 0.0016140785, 0.0015936445, 0.0015676356, 0.0015363733, 0.0015189884, 0.0014810922, 0.0014394452, 0.001417305, 0.0013704912, 0.0013199222, 0.0012930208, 0.0012354807, 0.0011723198, 0.0011033965, 0.0010668013, 0.0009896233, 0.0009076456, 0.00086499564, 0.00077678176, 0.00068458135, 0.000588254, 0.00053828, 0.00043370886, 0.00032114578, 0.00026133386, 0.00013749409, 2.9588698e-05
0, 0, 0, 0, 0, 0, 0, 0, 0, 0, 0, 0, 0, 0, 0, 0, 0, 0, 0, 0, 0, 0, 0, 0, 0, 0, 0, 0, 0, 0, 0, 0, 0, 0, 0, 0, 0, 0, 0, 0, 0, 0, 0, 0, 0, 0, 0, 0, 0, 0, 0, 0, 0, 0, 0, 0, 0, 0, 0, 0, 0, 0, 0, 0, 0, 0, 0, 0, 0, 0, 0, 0, 0, 0, -0.00046668647, -0.00040610036, -0.00038189904, -0.0003506726, -0.0003313937, -0.00032334577, -0.0003079108, -0.0002917325, -0.00028290736, -0.00026268925, -0.00023802544, -0.00020851256, -0.00019217996, -0.00015713072, -0.000120584875, -0.00010220536, -6.6206914e-05, -3.1588603e-05, 2.0899934e-06, 1.886877e-05, 5.3418193e-05, 9.043243e-05, 0.00011009418, 0.000151826, 0.00019589848, 0.0002183049, 0.0002628964, 0.00030594837, 0.00034679723, 0.00036647497, 0.0004048351, 0.0004429754, 0.0004623211, 0.0005019452, 0.0005426163, 0.00058298785, 0.0006023567, 0.0006380263, 0.0006680097, 0.00068052986, 0.0007006858, 0.00071531325, 0.0007212241, 0.00073154224, 0.00074108335, 0.0007506079, 0.000755242, 0.0007635932, 0.00076941174, 0.00077082013, 0.00076983665, 0.00076315034, 0.0007505989, 0.00074230554, 0.00072212424, 0.0006981186, 0.0006849417, 0.0006566188, 0.0006255893, 0.0006088959, 0.0005727006, 0.0005328131, 0.00048930227, 0.00046637704, 0.00041852513, 0.00036856014, 0.0003428657, 0.0002901232, 0.00023526691, 0.00017760601, 0.00014739571, 8.30181e-05, 1.1163313e-05, -2.8886094e-05, -0.00011930101, -0.0002157515
0, 0, 0, 0, 0, 0, 0, 0, 0, 0, 0, 0, 0, 0, 0, 0, 0, 0, 0, 0, 0, 0, 0, 0, 0, 0, 0, 0, 0, 0, 0, 0, 0, 0, 0, 0, 0, 0, 0, 0, 0, 0, 0, 0, 0, 0, 0, 0, 0, 0, 0, 0, 0, 0, 0, 0, 0, 0, 0, 0, 0, 0, 0, 0, 0, 0, 0, 0, 0, 0, 0, 0, 0, 0, -0.0008398706, -0.00075415144, -0.00072938844, -0.0007153807, -0.0007228956, -0.0007291384, -0.0007426296, -0.00075567677, -0.0007615646, -0.0007712671, -0.0007767844, -0.0007771379, -0.0007753797, -0.0007683957, -0.0007578477, -0.00075166835, -0.00073832436, -0.00072410976, -0.0007090144, -0.0007009265, -0.000682976, -0.00066193356, -0.0006501229, -0.0006241252, -0.00059583806, -0.0005812291, -0.0005519361, -0.00052337174, -0.00049584755, -0.00048232125, -0.0004551041, -0.0004263431, -0.0004110546, -0.0003783953, -0.00034343946, -0.00030800648, -0.00029092, -0.000259351, -0.00023266325, -0.0002213516, -0.00020229866, -0.00018646319, -0.00017898092, -0.00016347997, -0.00014590634, -0.00012584505, -0.00011508029, -9.322143e-05, -7.2489085e-05, -6.311782e-05, -4.7438618e-05, -3.6459398e-05, -3.0349907e-05, -2.9010147e-05, -2.9214829e-05, -3.264909e-05, -3.5364996e-05, -4.2907654e-05, -5.3389955e-05, -5.985869e-05, -7.537476e-05, -9.37373e-05, -0.000114123715, -0.00012464134, -0.00014572221, -0.00016631657, -0.00017638074, -0.00019630618, -0.00021652965, -0.00023813936, -0.0002498523, -0.0002760293, -0.00030858323, -0.00032920658, -0.00038630716, -0.00047096194
0, 0, 0, 0, 0, 0, 0, 0, 0, 0, 0, 0, 0, 0, 0, 0, 0, 0, 0, 0, 0, 0, 0, 0, 0, 0, 0, 0, 0, 0, 0, 0, 0, 0, 0, 0, 0, 0, 0, 0, 0, 0, 0, 0, 0, 0, 0, 0, 0, 0, 0, 0, 0, 0, 0, 0, 0, 0, 0, 0, 0, 0, 0, 0, 0, 0, 0, 0, 0, 0, 0, 0, 0, 0, -0.001450186, -0.0011336779, -0.0010847272, -0.0010729705, -0.0011022339, -0.0011209205, -0.0011596694, -0.0011981432, -0.0012168749, -0.0012529335, -0.0012857047, -0.0013139799, -0.0013261803, -0.0013466922, -0.0013625585, -0.0013689937, -0.0013795993, -0.0013875493, -0.0013932766, -0.001395189, -0.0013967388, -0.0013946926, -0.0013922026, -0.0013843684, -0.0013733308, -0.0013669188, -0.0013529656, -0.0013380876, -0.0013226151, -0.0013146173, -0.0012977195, -0.0012787489, -0.0012682063, -0.0012448757, -0.0012188639, -0.0011914683, -0.0011777445, -0.0011511472, -0.001126511, -0.001114894, -0.0010928464, -0.0010711326, -0.0010599846, -0.0010362762, -0.0010099456, -0.0009810464, -0.0009659043, -0.0009352752, -0.0009052805, -0.00089098973, -0.0008642444, -0.00083994545, -0.0008176949, -0.0008071636, -0.0007870592, -0.0007680849, -0.00075917365, -0.00074304757, -0.0007300233, -0.0007248931, -0.0007172936, -0.00071250566, -0.0007090517, -0.0007073389, -0.00070292555, -0.000696611, -0.0006925881, -0.00068334496, -0.00067289075, -0.0006622106, -0.0006570154, -0.0006474922, -0.0006418957, -0.00064312335, -0.0006661957, -0.0007381557
0, 0, 0, 0, 0, 0, 0, 0, 0, 0, 0, 0, 0, 0, 0, 0, 0, 0, 0, 0, 0, 0, 0, 0, 0, 0, 0, 0, 0, 0, 0, 0, 0, 0, 0, 0, 0, 0, 0, 0, 0, 0, 0, 0, 0, 0, 0, 0, 0, 0, 0, 0, 0, 0, 0, 0, 0, 0, 0, 0, 0, 0, 0, 0, 0, 0, 0, 0, 0, 0, 0, 0, 0, 0, -0.0015133338, -0.0013558782, -0.0013397342, -0.001373266, -0.0014380655, -0.0014726481, -0.0015406909, -0.0016062787, -0.0016382089, -0.0017004231, -0.001759638, -0.001814831, -0.0018406024, -0.0018882792, -0.0019308508, -0.0019503658, -0.0019864845, -0.0020192952, -0.0020493674, -0.0020634292, -0.0020890853, -0.0021107623, -0.002119886, -0.0021340067, -0.0021428019, -0.0021453195, -0.0021471384, -0.0021453092, -0.00214085, -0.002137806, -0.0021302798, -0.002120892, -0.002115346, -0.0021023103, -0.0020865428, -0.0020680167, -0.0020577428, -0.0020353468, -0.0020107082, -0.0019975665, -0.0019696993, -0.0019400294, -0.0019245499, -0.0018924449, -0.0018590483, -0.001824775, -0.0018074608, -0.0017729575, -0.0017389877, -0.0017222462, -0.0016888757, -0.0016550132, -0.0016197205, -0.0016013334, -0.0015631912, -0.0015235448, -0.0015035637, -0.0014641371, -0.0014266402, -0.0014089128, -0.0013754804, -0.0013441707, -0.0013138002, -0.0012985562, -0.0012669876, -0.001233339, -0.0012155388, -0.0011780998, -0.0011383842, -0.0010963889, -0.0010744997, -0.001029045, -0.0009840165, -0.00096510164, -0.0009524552, -0.0010105796
0, 0, 0, 0, 0, 0, 0, 0, 0, 0, 0, 0, 0, 0, 0, 0, 0, 0, 0, 0, 0, 0, 0, 0, 0, 0, 0, 0, 0, 0, 0, 0, 0, 0, 0, 0, 0, 0, 0, 0, 0, 0, 0, 0, 0, 0, 0, 0, 0, 0, 0, 0, 0, 0, 0, 0, 0, 0, 0, 0, 0, 0, 0, 0, 0, 0, 0, 0, 0, 0, 0, 0, 0, 0, -0.0015159834, -0.0014675339, -0.0014927982, -0.0015900489, -0.0017038652, -0.0017595879, -0.0018655834, -0.001965105, -0.0020130184, -0.002105822, -0.002194589, -0.0022786267, -0.0023187026, -0.0023945083, -0.002464626, -0.0024976654, -0.0025603555, -0.0026195606, -0.0026761699, -0.0027036062, -0.0027561327, -0.00280442, -0.002826475, -0.0028653264, -0.0028963808, -0.0029088578, -0.0029280817, -0.0029404995, -0.002948004, -0.0029504607, -0.0029535277, -0.0029548632, -0.002954915, -0.0029533019, -0.00294857, -0.0029392834, -0.0029325904, -0.0029145454, -0.002890381, -0.0028762082, -0.0028444459, -0.0028096677, -0.0027916394, -0.002755235, -0.0027189, -0.002682874, -0.0026648885, -0.0026287145, -0.0025916859, -0.0025724655, -0.0025321061, -0.0024884155, -0.0024409685, -0.002415865, -0.0023629318, -0.0023071924, -0.0022785312, -0.0022201366, -0.0021609864, -0.0021312714, -0.0020715825, -0.0020115145, -0.0019507008, -0.001919869, -0.0018572801, -0.0017930049, -0.0017600494, -0.0016920494, -0.0016205718, -0.0015442915, -0.0015039493, -0.0014185084, -0.0013298086, -0.0012887052, -0.0012371956, -0.0012801017
0, 0, 0, 0, 0, 0, 0, 0, 0, 0, 0, 0, 0, 0, 0, 0, 0, 0, 0, 0, 0, 0, 0, 0, 0, 0, 0, 0, 0, 0, 0, 0, 0, 0, 0, 0, 0, 0, 0, 0, 0, 0, 0, 0, 0, 0, 0, 0, 0, 0, 0, 0, 0, 0, 0, 0, 0, 0, 0, 0, 0, 0, 0, 0, 0, 0, 0, 0, 0, 0, 0, 0, 0, 0, -0.0015345697, -0.0015334849, -0.0015855293, -0.0017355906, -0.0018990396, -0.0019782013, -0.0021285985, -0.0022695996, -0.002337184, -0.0024674812, -0.0025914072, -0.0027087564, -0.002764763, -0.0028713602, -0.0029706557, -0.0030178404, -0.0031079708, -0.0031938513, -0.0032769043, -0.0033175042, -0.0033965106, -0.0034712288, -0.003506289, -0.0035704803, -0.0036252898, -0.003648849, -0.0036883086, -0.00371865, -0.0037421286, -0.003752055, -0.0037697884, -0.0037856915, -0.0037929101, -0.0038052986, -0.0038133154, -0.0038147038, -0.0038123475, -0.0038008762, -0.003780802, -0.0037679055, -0.0037379658, -0.0037046906, -0.0036874996, -0.0036529845, -0.003618483, -0.003583232, -0.0035648744, -0.0035254965, -0.0034814596, -0.0034573071, -0.0034048327, -0.00334715, -0.003285398, -0.003253467, -0.0031878622, -0.0031203262, -0.0030856314, -0.0030136842, -0.0029373954, -0.002897386, -0.0028132051, -0.002724019, -0.0026306265, -0.0025828322, -0.0024857374, -0.0023870997, -0.0023370646, -0.0022347632, -0.002127349, -0.0020121885, -0.0019507792, -0.0018196215, -0.0016815074, -0.0016155598, -0.0015211044, -0.0015468925
0, 0, 0, 0, 0, 0, 0, 0, 0, 0, 0, 0, 0, 0, 0, 0, 0, 0, 0, 0, 0, 0, 0, 0, 0, 0, 0, 0, 0, 0, 0, 0, 0, 0, 0, 0, 0, 0, 0, 0, 0, 0, 0, 0, 0, 0, 0, 0, 0, 0, 0, 0, 0, 0, 0, 0, 0, 0, 0, 0, 0, 0, 0, 0, 0, 0, 0, 0, 0, 0, 0, 0, 0, 0, -0.0015711049, -0.0015889149, -0.001656017, -0.0018432331, -0.0020493336, -0.0021509319, -0.0023466581, -0.0025324598, -0.0026218859, -0.0027942844, -0.002957984, -0.0031127608, -0.003186628, -0.0033270707, -0.0034580748, -0.0035203034, -0.0036392212, -0.003752397, -0.0038615125, -0.0039148307, -0.0040189754, -0.0041187177, -0.0041662804, -0.0042554475, -0.004334843, -0.0043704454, -0.004433303, -0.004486125, -0.0045309737, -0.0045512696, -0.0045892177, -0.004624483, -0.004640966, -0.004670829, -0.004694142, -0.0047084894, -0.0047117188, -0.004709975, -0.0046981433, -0.0046892036, -0.004666898, -0.004641313, -0.0046279263, -0.004600336, -0.004570876, -0.0045372234, -0.004517924, -0.004472565, -0.0044170376, -0.004385455, -0.004315644, -0.004239582, -0.0041608433, -0.0041213427, -0.0040429607, -0.0039646956, -0.00392484, -0.0038413745, -0.0037500672, -0.0037005697, -0.003593197, -0.003475228, -0.003349077, -0.003283861, -0.0031509686, -0.0030162074, -0.00294815, -0.0028092593, -0.002663428, -0.0025060168, -0.0024216203, -0.0022404825, -0.0020484836, -0.0019556556, -0.0018147433, -0.0018215533
0, 0, 0, 0, 0, 0, 0, 0, 0, 0, 0, 0, 0, 0, 0, 0, 0, 0, 0, 0, 0, 0, 0, 0, 0, 0, 0, 0, 0, 0, 0, 0, 0, 0, 0, 0, 0, 0, 0, 0, 0, 0, 0, 0, 0, 0, 0, 0, 0, 0, 0, 0, 0, 0, 0, 0, 0, 0, 0, 0, 0, 0, 0, 0, 0, 0, 0, 0, 0, 0, 0, 0, 0, 0, -0.0016270801, -0.0016558276, -0.0017338821, -0.0019506072, -0.0021931257, -0.0023145594, -0.0025517454, -0.0027797304, -0.0028901482, -0.0031039377, -0.0033077535, -0.003501007, -0.003593456, -0.0037696625, -0.0039346884, -0.00401326, -0.004163485, -0.0043061157, -0.004443016, -0.004509648, -0.004639677, -0.004764706, -0.004824849, -0.004939187, -0.005043989, -0.0050923983, -0.0051810294, -0.00525963, -0.005329903, -0.005362724, -0.0054248353, -0.0054828394, -0.005510094, -0.005559724, -0.005600485, -0.0056298207, -0.0056397533, -0.0056500784, -0.005649099, -0.0056453734, -0.0056334822, -0.0056179874, -0.0056093615, -0.005590208, -0.0055665537, -0.005534486, -0.0055140434, -0.005462277, -0.005395058, -0.0053559938, -0.0052691842, -0.005175138, -0.0050793453, -0.0050320067, -0.0049392604, -0.0048477035, -0.0048010843, -0.0047028293, -0.004593436, -0.0045332992, -0.0044011353, -0.0042539327, -0.004095118, -0.0040127556, -0.0038447245, -0.0036743807, -0.0035883216, -0.0034125836, -0.0032276774, -0.0030270412, -0.0029191328, -0.0026868787, -0.0024396488, -0.002319072, -0.00212987, -0.002116585
0, 0, 0, 0, 0, 0, 0, 0, 0, 0, 0, 0, 0, 0, 0, 0, 0, 0, 0, 0, 0, 0, 0, 0, 0, 0, 0, 0, 0, 0, 0, 0, 0, 0, 0, 0, 0, 0, 0, 0, 0, 0, 0, 0, 0, 0, 0, 0, 0, 0, 0, 0, 0, 0, 0, 0, 0, 0, 0, 0, 0, 0, 0, 0, 0, 0, 0, 0, 0, 0, 0, 0, 0, 0, -0.0017072007, -0.0017504701, -0.0018414463, -0.002089229, -0.0023657416, -0.0025046254, -0.0027771555, -0.0030407566, -0.0031690437, -0.0034183927, -0.0036576767, -0.0038862126, -0.003996216, -0.0042074528, -0.004407061, -0.0045027584, -0.0046867304, -0.004861914, -0.0050300127, -0.005111705, -0.005270703, -0.005423453, -0.0054971585, -0.0056382017, -0.0057694637, -0.005831127, -0.0059464537, -0.0060518216, -0.0061487188, -0.0061946013, -0.0062818094, -0.0063632987, -0.0064015556, -0.0064716293, -0.006530776, -0.0065763835, -0.00659373, -0.0066175573, -0.006628541, -0.0066302014, -0.0066281967, -0.0066214013, -0.006616747, -0.006604171, -0.006584922, -0.00655461, -0.0065337946, -0.0064788433, -0.0064053717, -0.006362131, -0.0062653404, -0.0061596176, -0.0060505676, -0.0059960564, -0.0058877226, -0.0057785735, -0.0057222797, -0.005602699, -0.0054690233, -0.0053956164, -0.005234796, -0.005056536, -0.004864811, -0.0047655245, -0.004563082, -0.004357448, -0.00425336, -0.004040185, -0.003815193, -0.0035708523, -0.0034393596, -0.0031564164, -0.0028546364, -0.0027065428, -0.0024689396, -0.0024352227
0, 0, 0, 0, 0, 0, 0, 0, 0, 0, 0, 0, 0, 0, 0, 0, 0, 0, 0, 0, 0, 0, 0, 0, 0, 0, 0, 0, 0, 0, 0, 0, 0, 0, 0, 0, 0, 0, 0, 0, 0, 0, 0, 0, 0, 0, 0, 0, 0, 0, 0, 0, 0, 0, 0, 0, 0, 0, 0, 0, 0, 0, 0, 0, 0, 0, 0, 0, 0, 0, 0, 0, 0, 0, -0.0018201731, -0.0018893025, -0.001998281, -0.0022823557, -0.002591798, -0.002745916, -0.0030473627, -0.003338817, -0.003480913, -0.0037579974, -0.004025585, -0.0042832308, -0.004408178, -0.004650192, -0.004881826, -0.0049939267, -0.005211316, -0.0054202657, -0.0056218, -0.005719923, -0.0059109484, -0.0060942257, -0.006182549, -0.0063519487, -0.0065105283, -0.006585592, -0.006727378, -0.006858829, -0.0069814245, -0.007039818, -0.0071512954, -0.0072554634, -0.007304445, -0.0073948354, -0.007472994, -0.0075361994, -0.0075618015, -0.0076009366, -0.0076251733, -0.0076326034, -0.007640105, -0.0076403976, -0.007638355, -0.007629808, -0.0076131285, -0.007584523, -0.007564493, -0.0075110025, -0.0074387467, -0.007395843, -0.007298383, -0.007189082, -0.0070721647, -0.007011786, -0.0068877526, -0.00675777, -0.0066894237, -0.0065429714, -0.0063799727, -0.006291178, -0.006098688, -0.005888, -0.0056630867, -0.0055468325, -0.0053092213, -0.005066397, -0.004942862, -0.0046888017, -0.0044199694, -0.0041289343, -0.0039730063, -0.0036386312, -0.0032827454, -0.0031075827, -0.0028222792, -0.002768638
0, 0, 0, 0, 0, 0, 0, 0, 0, 0, 0, 0, 0, 0, 0, 0, 0, 0, 0, 0, 0, 0, 0, 0, 0, 0, 0, 0, 0, 0, 0, 0, 0, 0, 0, 0, 0, 0, 0, 0, 0, 0, 0, 0, 0, 0, 0, 0, 0, 0, 0, 0, 0, 0, 0, 0, 0, 0, 0, 0, 0, 0, 0, 0, 0, 0, 0, 0, 0, 0, 0, 0, 0, 0, -0.0020048309, -0.0021077187, -0.0022350317, -0.002550955, -0.002886014, -0.003051533, -0.0033742406, -0.003686358, -0.0038387345, -0.004136779, -0.004425779, -0.004705532, -0.0048419465, -0.005108027, -0.005365683, -0.005491639, -0.0057380884, -0.005978044, -0.006211477, -0.006325714, -0.00654847, -0.0067626243, -0.00686588, -0.007063844, -0.0072497367, -0.007338067, -0.00750575, -0.0076625687, -0.0078100166, -0.007880554, -0.008015608, -0.008142281, -0.008202139, -0.008313531, -0.008411975, -0.008494866, -0.008529991, -0.008587266, -0.008627883, -0.00864259, -0.0086622, -0.008670879, -0.008671675, -0.008666639, -0.008651741, -0.00862477, -0.008605872, -0.008555968, -0.00848853, -0.008448219, -0.008354965, -0.008246409, -0.008124507, -0.008059106, -0.007919686, -0.0077679, -0.007686755, -0.007512082, -0.0073187654, -0.007214601, -0.006991204, -0.0067493436, -0.0064920834, -0.006358796, -0.00608453, -0.005800823, -0.0056551397, -0.0053538806, -0.0050347396, -0.004691469, -0.0045089405, -0.00412048, -0.0037096262, -0.003507444, -0.0031752214, -0.003102588
0, 0, 0, 0, 0, 0, 0, 0, 0, 0, 0, 0, 0, 0, 0, 0, 0, 0, 0, 0, 0, 0, 0, 0, 0, 0, 0, 0, 0, 0, 0, 0, 0, 0, 0, 0, 0, 0, 0, 0, 0, 0, 0, 0, 0, 0, 0, 0, 0, 0, 0, 0, 0, 0, 0, 0, 0, 0, 0, 0, 0, 0, 0, 0, 0, 0, 0, 0, 0, 0, 0, 0, 0, 0, -0.0023879001, -0.0024680016, -0.0025915971, -0.0029097244, -0.0032527966, -0.0034233725, -0.0037580372, -0.004083958, -0.004243859, -0.0045575635, -0.0048626564, -0.0051586637, -0.005303399, -0.0055865864, -0.0058629545, -0.005999046, -0.0062679225, -0.0065327655, -0.0067931926, -0.006921315, -0.007172271, -0.0074143033, -0.0075312722, -0.0077560674, -0.007968007, -0.00806912, -0.00826239, -0.008444724, -0.008617441, -0.008700454, -0.008860108, -0.009010489, -0.00908185, -0.00921566, -0.00933575, -0.009440106, -0.009485854, -0.009564274, -0.009625154, -0.009649296, -0.009685664, -0.009707292, -0.00971297, -0.0097144, -0.009702624, -0.009677026, -0.009658638, -0.009610008, -0.009544584, -0.009505332, -0.009413218, -0.009302846, -0.009174469, -0.009103603, -0.008948663, -0.008775991, -0.00868281, -0.008482212, -0.008261949, -0.0081443405, -0.007894085, -0.0076247216, -0.00733752, -0.0071875993, -0.0068758535, -0.006548275, -0.0063782493, -0.0060243984, -0.005649473, -0.0052490705, -0.005037986, -0.0045927144, -0.004125765, -0.0038964194, -0.0035178687, -0.0034269614
0, 0, 0, 0, 0, 0, 0, 0, 0, 0, 0, 0, 0, 0, 0, 0, 0, 0, 0, 0, 0, 0, 0, 0, 0, 0, 0, 0, 0, 0, 0, 0, 0, 0, 0, 0, 0, 0, 0, 0, 0, 0, 0, 0, 0, 0, 0, 0, 0, 0, 0, 0, 0, 0, 0, 0, 0, 0, 0, 0, 0, 0, 0, 0, 0, 0, 0, 0, 0, 0, 0, 0, 0, -0.0042799753, -0.0031279668, -0.002960697, -0.0030475624, -0.0033388524, -0.003675935, -0.0038465222, -0.00418529, -0.004519212, -0.004684171, -0.0050093294, -0.005326504, -0.0056347125, -0.0057853586, -0.0060807443, -0.0063703926, -0.0065138577, -0.006799277, -0.0070833256, -0.007365234, -0.0075047305, -0.0077790017, -0.008044564, -0.008173324, -0.00842167, -0.008657425, -0.00877074, -0.008989035, -0.009197422, -0.009396742, -0.009493153, -0.009679025, -0.009854608, -0.009937962, -0.010094537, -0.010236098, -0.010361235, -0.010417399, -0.0105169825, -0.01059936, -0.010634124, -0.010690714, -0.010729804, -0.010742722, -0.010755074, -0.010749362, -0.01072549, -0.010706725, -0.010655351, -0.010585424, -0.010543383, -0.010444769, -0.010326112, -0.010186957, -0.010109474, -0.009938695, -0.009747064, -0.009643456, -0.009420909, -0.00917807, -0.009049082, -0.008775996, -0.008482232, -0.008167196, -0.008001468, -0.0076530236, -0.007281842, -0.0070876046, -0.006681419, -0.0062508243, -0.005793444, -0.00555377, -0.0050517814, -0.004529005, -0.0042728498, -0.0038484817, -0.0037394075
0, 0, 0, 0, 0, 0, 0, 0, 0, 0, 0, 0, 0, 0, 0, 0, 0, 0, 0, 0, 0, 0, 0, 0, 0, 0, 0, 0, 0, 0, 0, 0, 0, 0, 0, 0, 0, 0, 0, 0, 0, 0, 0, 0, 0, 0, 0, 0, 0, 0, 0, 0, 0, 0, 0, 0, 0, 0, 0, 0, 0, 0, 0, 0, 0, 0, 0, 0, 0, 0, 0, 0, 0, -0.0037102837, -0.0033259029, -0.0033458972, -0.0034621316, -0.0037739938, -0.004115205, -0.004286519, -0.004627659, -0.0049664145, -0.0051346375, -0.0054677995, -0.005794202, -0.0061120978, -0.006267785, -0.006573836, -0.006875102, -0.0070250076, -0.00732496, -0.0076256357, -0.007926136, -0.00807533, -0.008369635, -0.008655563, -0.008794477, -0.00906337, -0.0093205515, -0.009445068, -0.009686992, -0.009920756, -0.010146814, -0.010256752, -0.010469162, -0.010669689, -0.010764646, -0.010942312, -0.011102399, -0.011244436, -0.011308876, -0.0114251785, -0.011525405, -0.01156949, -0.011645033, -0.011702352, -0.011723515, -0.011749549, -0.011752753, -0.011732066, -0.011712894, -0.011657094, -0.011578729, -0.011531336, -0.011420855, -0.011289535, -0.011136853, -0.011052344, -0.010866706, -0.010658603, -0.010546178, -0.010304822, -0.010041753, -0.009902102, -0.009606475, -0.009287954, -0.008944759, -0.008763406, -0.008380362, -0.007969709, -0.0077540735, -0.007302372, -0.0068232063, -0.006315191, -0.0060496405, -0.0054949904, -0.00491888, -0.004636718, -0.004167342, -0.004039495
0, 0, 0, 0, 0, 0, 0, 0, 0, 0, 0, 0, 0, 0, 0, 0, 0, 0, 0, 0, 0, 0, 0, 0, 0, 0, 0, 0, 0, 0, 0, 0, 0, 0, 0, 0, 0, 0, 0, 0, 0, 0, 0, 0, 0, 0, 0, 0, 0, 0, 0, 0, 0, 0, 0, 0, 0, 0, 0, 0, 0, 0, 0, 0, 0, 0, 0, 0, 0, 0, 0, 0, 0, -0.0036522925, -0.003513371, -0.003673058, -0.0038237257, -0.00416971, -0.0045242715, -0.0046994295, -0.005046174, -0.00539042, -0.005561745, -0.0059018745, -0.0062366617, -0.0065643433, -0.006725473, -0.0070435517, -0.0073584653, -0.0075157634, -0.007831741, -0.008149913, -0.008468887, -0.008627645, -0.008941147, -0.009246303, -0.009394684, -0.009682393, -0.009958706, -0.010093064, -0.010355814, -0.010611902, -0.010861602, -0.010983543, -0.011219654, -0.011442162, -0.0115470905, -0.011742383, -0.011916856, -0.012070758, -0.0121404845, -0.012267028, -0.012378123, -0.012428142, -0.012516662, -0.012587957, -0.012616073, -0.012654936, -0.012667823, -0.012652492, -0.012634028, -0.012575734, -0.0124908, -0.0124389315, -0.012317866, -0.012175015, -0.012010666, -0.011920256, -0.011722392, -0.011500637, -0.011380535, -0.011121754, -0.010837991, -0.010686738, -0.010365282, -0.01001814, -0.009644233, -0.009446941, -0.009031306, -0.008587155, -0.008354337, -0.007867154, -0.0073502148, -0.006801444, -0.0065142047, -0.005913269, -0.0052879467, -0.0049810773, -0.0044680345, -0.004320793
0, 0, 0, 0, 0, 0, 0, 0, 0, 0, 0, 0, 0, 0, 0, 0, 0, 0, 0, 0, 0, 0, 0, 0, 0, 0, 0, 0, 0, 0, 0, 0, 0, 0, 0, 0, 0, 0, 0, 0, 0, 0, 0, 0, 0, 0, 0, 0, 0, 0, 0, 0, 0, 0, 0, 0, 0, 0, 0, 0, 0, 0, 0, 0, 0, 0, 0, 0, 0, 0, 0, 0, 0, -0.0046701794, -0.0039181346, -0.0039813993, -0.0041281157, -0.004485779, -0.004857401, -0.0050406707, -0.005401699, -0.005758026, -0.0059348345, -0.0062856125, -0.006631811, -0.006972345, -0.007140641, -0.007474324, -0.007806421, -0.007972801, -0.008307396, -0.00864465, -0.008982829, -0.009151187, -0.009483805, -0.009807607, -0.009965145, -0.010270736, -0.010564013, -0.010706747, -0.010986102, -0.011259264, -0.011526393, -0.011657151, -0.011910989, -0.012150296, -0.012263074, -0.012472535, -0.012658547, -0.012821434, -0.012894714, -0.013027038, -0.013143111, -0.013195645, -0.013289937, -0.013368019, -0.013400008, -0.013446978, -0.013467387, -0.013457717, -0.013441051, -0.013383976, -0.013297136, -0.013243472, -0.013117282, -0.012967939, -0.012796141, -0.012701721, -0.012494725, -0.012261696, -0.0121346945, -0.011858878, -0.011553113, -0.011388991, -0.011038648, -0.010659762, -0.010253615, -0.010040552, -0.009594698, -0.0091223605, -0.008876033, -0.008361929, -0.007816414, -0.0072354395, -0.006930183, -0.0062892223, -0.005619245, -0.0052895052, -0.0047355094, -0.0045693587
0, 0, 0, 0, 0, 0, 0, 0, 0, 0, 0, 0, 0, 0, 0, 0, 0, 0, 0, 0, 0, 0, 0, 0, 0, 0, 0, 0, 0, 0, 0, 0, 0, 0, 0, 0, 0, 0, 0, 0, 0, 0, 0, 0, 0, 0, 0, 0, 0, 0, 0, 0, 0, 0, 0, 0, 0, 0, 0, 0, 0, 0, 0, 0, 0, 0, 0, 0, 0, 0, 0, 0, 0, -0.0041974327, -0.0039031017, -0.004087385, -0.004264958, -0.0046696705, -0.0050804634, -0.0052811033, -0.0056723063, -0.006053267, -0.006240977, -0.006611608, -0.0069765095, -0.007336079, -0.0075140866, -0.007867867, -0.008220287, -0.00839669, -0.008750752, -0.009106316, -0.009461844, -0.009638713, -0.009988054, -0.01032838, -0.010494073, -0.0108157, -0.011124, -0.011273668, -0.011565605, -0.011849894, -0.01212724, -0.01226306, -0.012527093, -0.012777382, -0.012895848, -0.013116753, -0.013313701, -0.013485723, -0.013562821, -0.01370071, -0.01381968, -0.013872932, -0.013967636, -0.014045905, -0.0140780825, -0.014126223, -0.014148756, -0.014141615, -0.014126146, -0.0140710035, -0.013984751, -0.013930726, -0.013802657, -0.013649733, -0.013472786, -0.013375137, -0.013160234, -0.012916785, -0.012783371, -0.012491434, -0.0121647855, -0.011988451, -0.011610935, -0.011202886, -0.010767471, -0.010540358, -0.010068294, -0.009572275, -0.009314683, -0.008778174, -0.00820883, -0.007600384, -0.0072795916, -0.0066035576, -0.005894114, -0.005544072, -0.004954044, -0.0047712876
0, 0, 0, 0, 0, 0, 0, 0, 0, 0, 0, 0, 0, 0, 0, 0, 0, 0, 0, 0, 0, 0, 0, 0, 0, 0, 0, 0, 0, 0, 0, 0, 0, 0, 0, 0, 0, 0, 0, 0, 0, 0, 0, 0, 0, 0, 0, 0, 0, 0, 0, 0, 0, 0, 0, 0, 0, 0, 0, 0, 0, 0, 0, 0, 0, 0, 0, 0, 0, 0, 0, 0, 0, -0.0035984756, -0.003632493, -0.0040041488, -0.004241447, -0.0047333664, -0.0052085523, -0.0054362128, -0.005873822, -0.0062930263, -0.0064973556, -0.006898261, -0.0072906124, -0.0076760147, -0.007866551, -0.00824414, -0.008618265, -0.008804461, -0.009175923, -0.009545835, -0.009913488, -0.010095949, -0.010456497, -0.010808429, -0.010980353, -0.011314683, -0.011635302, -0.011790671, -0.012092148, -0.012383133, -0.012664821, -0.012802311, -0.013069685, -0.013324462, -0.013446025, -0.013674923, -0.013881535, -0.014063404, -0.014144932, -0.014289659, -0.014411789, -0.01446514, -0.014557452, -0.0146309035, -0.014660252, -0.014702522, -0.014720198, -0.014709673, -0.014692894, -0.014635675, -0.014547112, -0.014491511, -0.014359003, -0.014199879, -0.014015118, -0.013912943, -0.013688124, -0.013433354, -0.0132936835, -0.012987797, -0.0126449615, -0.012459734, -0.012063038, -0.011634572, -0.011178458, -0.010941022, -0.01044896, -0.0099333385, -0.009665942, -0.00910922, -0.008518022, -0.007884932, -0.007550488, -0.006844487, -0.006102579, -0.0057362467, -0.0051177903, -0.004922808
0, 0, 0, 0, 0, 0, 0, 0, 0, 0, 0, 0, 0, 0, 0, 0, 0, 0, 0, 0, 0, 0, 0, 0, 0, 0, 0, 0, 0, 0, 0, 0, 0, 0, 0, 0, 0, 0, 0, 0, 0, 0, 0, 0, 0, 0, 0, 0, 0, 0, 0, 0, 0, 0, 0, 0, 0, 0, 0, 0, 0, 0, 0, 0, 0, 0, 0, 0, 0, 0, 0, 0, 0, -0.0032386957, -0.0034327211, -0.003926703, -0.0042111427, -0.0047805323, -0.0053192675, -0.005575071, -0.0060627423, -0.0065250956, -0.006748938, -0.0071854186, -0.0076099066, -0.008024699, -0.008228843, -0.008631205, -0.009026279, -0.0092212325, -0.009606397, -0.009985614, -0.010359146, -0.010543821, -0.01090865, -0.011265932, -0.011441242, -0.011783339, -0.012112729, -0.01227223, -0.0125807095, -0.012875481, -0.013157585, -0.013294168, -0.013558666, -0.013810932, -0.013931932, -0.014161747, -0.014372071, -0.0145594375, -0.014643785, -0.014793153, -0.014916977, -0.0149696, -0.015057231, -0.015122261, -0.015146423, -0.01517755, -0.015184186, -0.015163844, -0.015142628, -0.015077109, -0.01498017, -0.0149200475, -0.014777389, -0.014606197, -0.014407825, -0.014298607, -0.014059576, -0.013791454, -0.01364551, -0.013328279, -0.012975471, -0.012785707, -0.0123802265, -0.011942668, -0.011476295, -0.011233239, -0.010728296, -0.010197805, -0.009922334, -0.00934823, -0.008738042, -0.008084695, -0.0077397684, -0.0070119593, -0.006247684, -0.0058705662, -0.0052341223, -0.0050326097
0, 0, 0, 0, 0, 0, 0, 0, 0, 0, 0, 0, 0, 0, 0, 0, 0, 0, 0, 0, 0, 0, 0, 0, 0, 0, 0, 0, 0, 0, 0, 0, 0, 0, 0, 0, 0, 0, 0, 0, 0, 0, 0, 0, 0, 0, 0, 0, 0, 0, 0, 0, 0, 0, 0, 0, 0, 0, 0, 0, 0, 0, 0, 0, 0, 0, 0, 0, 0, 0, 0, 0, 0, -0.0033354918, -0.0035346763, -0.004041742, -0.004337623, -0.004937229, -0.0055123316, -0.005787067, -0.0063123503, -0.0068103448, -0.0070509696, -0.0075187352, -0.00797187, -0.008412705, -0.0086288955, -0.009052929, -0.009465917, -0.009668101, -0.010064063, -0.010449366, -0.0108250175, -0.011009781, -0.011373839, -0.011730742, -0.011906122, -0.012249959, -0.012582446, -0.012743696, -0.013054977, -0.013350232, -0.013629223, -0.013762812, -0.014018939, -0.014260968, -0.014376586, -0.01459637, -0.014798673, -0.014980332, -0.015062551, -0.015208003, -0.015327131, -0.015376629, -0.015455772, -0.01550929, -0.015526718, -0.0155432895, -0.015534982, -0.015500148, -0.015472129, -0.015393533, -0.015283649, -0.015216833, -0.015059774, -0.014872696, -0.014657003, -0.014538963, -0.014282717, -0.013999301, -0.013846991, -0.013519769, -0.013161277, -0.012969799, -0.012562807, -0.012124129, -0.011655173, -0.011409894, -0.010898091, -0.010357829, -0.010076638, -0.009490028, -0.0088670105, -0.008201552, -0.007851044, -0.0071131694, -0.006339996, -0.005958765, -0.005315902, -0.005113902
0, 0, 0, 0, 0, 0, 0, 0, 0, 0, 0, 0, 0, 0, 0, 0, 0, 0, 0, 0, 0, 0, 0, 0, 0, 0, 0, 0, 0, 0, 0, 0, 0, 0, 0, 0, 0, 0, 0, 0, 0, 0, 0, 0, 0, 0, 0, 0, 0, 0, 0, 0, 0, 0, 0, 0, 0, 0, 0, 0, 0, 0, 0, 0, 0, 0, 0, 0, 0, 0, 0, 0, -0.0055052005, -0.004080953, -0.003965422, -0.00439664, -0.004679133, -0.005271666, -0.005854324, -0.006136182, -0.0066793845, -0.0071973624, -0.007447936, -0.007934729, -0.008405332, -0.008862262, -0.009086012, -0.009524363, -0.00995015, -0.010157885, -0.010563039, -0.010953941, -0.011331502, -0.011515801, -0.011876718, -0.012228258, -0.012400714, -0.012738597, -0.013065983, -0.013225009, -0.013532114, -0.013822283, -0.014093732, -0.014222221, -0.014465029, -0.014689649, -0.014795435, -0.014994035, -0.015174781, -0.01533638, -0.01540942, -0.015538373, -0.015642796, -0.015685316, -0.015750239, -0.015788613, -0.01579797, -0.015797552, -0.015771728, -0.015719747, -0.015683506, -0.015589431, -0.015465165, -0.015391469, -0.015220537, -0.01501863, -0.014787122, -0.014660788, -0.014388029, -0.014089425, -0.013930454, -0.01359295, -0.01322842, -0.013035572, -0.0126279965, -0.012190034, -0.01172118, -0.011475114, -0.010960015, -0.010414473, -0.010130094, -0.009537186, -0.00890933, -0.008241841, -0.007891471, -0.007156237, -0.006387587, -0.0060087307, -0.005370194, -0.0051728
0, 0, 0, 0, 0, 0, 0, 0, 0, 0, 0, 0, 0, 0, 0, 0, 0, 0, 0, 0, 0, 0, 0, 0, 0, 0, 0, 0, 0, 0, 0, 0, 0, 0, 0, 0, 0, 0, 0, 0, 0, 0, 0, 0, 0, 0, 0, 0, 0, 0, 0, 0, 0, 0, 0, 0, 0, 0, 0, 0, 0, 0, 0, 0, 0, 0, 0, 0, 0, 0, 0, 0, -0.00469442, -0.0042596366, -0.0044066045, -0.004897824, -0.005186793, -0.0057783877, -0.006357627, -0.006639047, -0.007184424, -0.007707271, -0.007960753, -0.008452804, -0.00892753, -0.009387801, -0.00961336, -0.0100561315, -0.010487717, -0.010698882, -0.01111085, -0.0115072485, -0.011887387, -0.01207131, -0.012427566, -0.012769556, -0.01293569, -0.0132592, -0.013571227, -0.013722893, -0.014016089, -0.014293347, -0.014551536, -0.014672692, -0.014898108, -0.015100949, -0.015194034, -0.015364351, -0.015514364, -0.015645111, -0.015703266, -0.015804734, -0.01588486, -0.015916312, -0.015960962, -0.01597973, -0.015979387, -0.015958918, -0.015912462, -0.015840126, -0.015794232, -0.01568255, -0.015543559, -0.0154634435, -0.01528119, -0.0150688365, -0.014826459, -0.014694332, -0.014409032, -0.014097136, -0.013931757, -0.013582549, -0.013209071, -0.013013027, -0.012601268, -0.012161512, -0.011691961, -0.01144554, -0.010929225, -0.010382043, -0.010096955, -0.009503538, -0.008877706, -0.0082161, -0.007870297, -0.0071469173, -0.006392042, -0.00601998, -0.0053931014, -0.0052036904
0, 0, 0, 0, 0, 0, 0, 0, 0, 0, 0, 0, 0, 0, 0, 0, 0, 0, 0, 0, 0, 0, 0, 0, 0, 0, 0, 0, 0, 0, 0, 0, 0, 0, 0, 0, 0, 0, 0, 0, 0, 0, 0, 0, 0, 0, 0, 0, 0, 0, 0, 0, 0, 0, 0, 0, 0, 0, 0, 0, 0, 0, 0, 0, 0, 0, 0, 0, 0, 0, 0, 0, -0.0046852054, -0.004606834, -0.0049647717, -0.005529697, -0.0058297534, -0.006422768, -0.0069945822, -0.007272269, -0.007812502, -0.0083322665, -0.008584372, -0.009073248, -0.009542938, -0.009997076, -0.010219705, -0.010657744, -0.011087161, -0.011298465, -0.011712404, -0.012111518, -0.012492378, -0.012674934, -0.013023891, -0.013351853, -0.013508623, -0.013809991, -0.014097622, -0.014236921, -0.014506594, -0.014762496, -0.015001018, -0.0151123945, -0.015317071, -0.015496237, -0.015575928, -0.015716199, -0.01583301, -0.0159293, -0.015970428, -0.016039358, -0.01609007, -0.016107943, -0.016127042, -0.016121829, -0.016109493, -0.016064582, -0.01599283, -0.015895048, -0.015836967, -0.015703183, -0.015546307, -0.015458972, -0.015265415, -0.015044735, -0.014795003, -0.014659052, -0.014365047, -0.014042469, -0.013871217, -0.013509621, -0.013124634, -0.012923682, -0.012504483, -0.012060789, -0.011590141, -0.011344015, -0.010829272, -0.0102843065, -0.010000703, -0.009411343, -0.008791688, -0.008139501, -0.0077997954, -0.0070910235, -0.0063526346, -0.005988768, -0.005376293, -0.0051960167
0, 0, 0, 0, 0, 0, 0, 0, 0, 0, 0, 0, 0, 0, 0, 0, 0, 0, 0, 0, 0, 0, 0, 0, 0, 0, 0, 0, 0, 0, 0, 0, 0, 0, 0, 0, 0, 0, 0, 0, 0, 0, 0, 0, 0, 0, 0, 0, 0, 0, 0, 0, 0, 0, 0, 0, 0, 0, 0, 0, 0, 0, 0, 0, 0, 0, 0, 0, 0, 0, 0, -0.007837185, -0.0066017373, -0.005623798, -0.0057847425, -0.006292834, -0.00657789, -0.0071515953, -0.0077119507, -0.007986188, -0.008522324, -0.009039835, -0.0092908265, -0.009776019, -0.010239649, -0.010685407, -0.010903142, -0.0113314595, -0.011752573, -0.011960517, -0.012369375, -0.012764757, -0.013140612, -0.01331944, -0.013657026, -0.013967368, -0.014112959, -0.014388149, -0.01464638, -0.01477055, -0.015010415, -0.015238401, -0.01545106, -0.015550116, -0.015730496, -0.015884053, -0.01595018, -0.016061198, -0.01614645, -0.016209824, -0.016234564, -0.016271533, -0.016291788, -0.01629511, -0.016285915, -0.016252799, -0.016226307, -0.016151944, -0.016049314, -0.015920375, -0.015847048, -0.0156849, -0.015503878, -0.015406431, -0.015196603, -0.014964041, -0.01470528, -0.014565176, -0.014262772, -0.013930618, -0.013753943, -0.0133810025, -0.012985085, -0.012779413, -0.012353187, -0.011906744, -0.011437431, -0.011193212, -0.010684098, -0.010146165, -0.009866243, -0.009284485, -0.008673184, -0.008030468, -0.0076961163, -0.0069995173, -0.006275092, -0.005918416, -0.005319359, -0.0051477617
0, 0, 0, 0, 0, 0, 0, 0, 0, 0, 0, 0, 0, 0, 0, 0, 0, 0, 0, 0, 0, 0, 0, 0, 0, 0, 0, 0, 0, 0, 0, 0, 0, 0, 0, 0, 0, 0, 0, 0, 0, 0, 0, 0, 0, 0, 0, 0, 0, 0, 0, 0, 0, 0, 0, 0, 0, 0, 0, 0, 0, 0, 0, 0, 0, 0, 0, 0, 0, 0, 0, -0.008592107, -0.007427141, -0.0064623696, -0.006564287, -0.0070333728, -0.0073086135, -0.007874645, -0.008437241, -0.008714142, -0.00925646, -0.009779543, -0.010032855, -0.010520784, -0.010984266, -0.011426451, -0.01164118, -0.012061255, -0.012472401, -0.012675027, -0.013073036, -0.01345713, -0.013820813, -0.01399296, -0.014315011, -0.014606305, -0.014740976, -0.014991471, -0.015221777, -0.015331105, -0.015540499, -0.015737625, -0.01591979, -0.01600397, -0.016155047, -0.016279401, -0.016330801, -0.016411884, -0.016466489, -0.016498936, -0.016508128, -0.016514385, -0.016504401, -0.016492633, -0.016453154, -0.016389135, -0.016346708, -0.016239647, -0.016103145, -0.015939716, -0.015849363, -0.015654514, -0.015443855, -0.0153330695, -0.015099851, -0.014848332, -0.0145742865, -0.014427665, -0.014113469, -0.013770879, -0.013589286, -0.013207178, -0.012803638, -0.012595077, -0.012165697, -0.011719955, -0.011255413, -0.011014897, -0.010515171, -0.00998823, -0.009713852, -0.009142841, -0.0085414015, -0.00790781, -0.0075779404, -0.006890547, -0.006176383, -0.005825407, -0.005237773, -0.0050735893
0, 0, 0, 0, 0, 0, 0, 0, 0, 0, 0, 0, 0, 0, 0, 0, 0, 0, 0, 0, 0, 0, 0, 0, 0, 0, 0, 0, 0, 0, 0, 0, 0, 0, 0, 0, 0, 0, 0, 0, 0, 0, 0, 0, 0, 0, 0, 0, 0, 0, 0, 0, 0, 0, 0, 0, 0, 0, 0, 0, 0, 0, 0, 0, 0, 0, 0, 0, 0, 0, 0, -0.0070957397, -0.0066938936, -0.0065451534, -0.0069601145, -0.0075609703, -0.007875654, -0.008497293, -0.009097532, -0.00938884, -0.0099532865, -0.010492616, -0.010752361, -0.011251427, -0.011723809, -0.012171988, -0.012388286, -0.0128078535, -0.013213448, -0.013411401, -0.013796861, -0.014165179, -0.014511423, -0.014674653, -0.014979014, -0.015252889, -0.015378707, -0.015610581, -0.015819984, -0.015917538, -0.01610075, -0.016268188, -0.016418057, -0.016485322, -0.016602114, -0.016692393, -0.016726987, -0.016775163, -0.016797626, -0.01679829, -0.016791634, -0.016765978, -0.016723555, -0.016695475, -0.016622996, -0.016525768, -0.01646675, -0.0163268, -0.016157754, -0.015962418, -0.015856287, -0.015630415, -0.015389956, -0.015264851, -0.015004547, -0.014728465, -0.014433205, -0.014277329, -0.013947471, -0.013592899, -0.013406555, -0.013017517, -0.012609927, -0.012400307, -0.011970942, -0.011528037, -0.011068995, -0.010832357, -0.010342213, -0.009826778, -0.009558626, -0.009000157, -0.008410603, -0.0077876262, -0.0074625975, -0.006784692, -0.0060802638, -0.005734431, -0.005157017, -0.0049989987
0, 0, 0, 0, 0, 0, 0, 0, 0, 0, 0, 0, 0, 0, 0, 0, 0, 0, 0, 0, 0, 0, 0, 0, 0, 0, 0, 0, 0, 0, 0, 0, 0, 0, 0, 0, 0, 0, 0, 0, 0, 0, 0, 0, 0, 0, 0, 0, 0, 0, 0, 0, 0, 0, 0, 0, 0, 0, 0, 0, 0, 0, 0, 0, 0, 0, 0, 0, 0, 0, 0, -0.0057397033, -0.0057522, -0.0062595564, -0.0070558144, -0.007873013, -0.008260437, -0.008985154, -0.009650926, -0.009965368, -0.010563199, -0.011125064, -0.011394091, -0.011910359, -0.012399395, -0.012863308, -0.0130865965, -0.013516378, -0.013925168, -0.0141216945, -0.0144984005, -0.01485179, -0.015179626, -0.015333597, -0.015620985, -0.015880883, -0.016000742, -0.016221387, -0.016418291, -0.016508337, -0.016672364, -0.016814332, -0.016933009, -0.016983097, -0.017063517, -0.01711688, -0.017133404, -0.017146679, -0.017135767, -0.017103586, -0.017080404, -0.017020516, -0.01694266, -0.016896484, -0.01678796, -0.016655792, -0.01658026, -0.016409835, -0.016213762, -0.015994055, -0.015876278, -0.015627252, -0.015362848, -0.015225347, -0.014939899, -0.014638877, -0.014320588, -0.014154413, -0.013807291, -0.013440223, -0.013249522, -0.012854828, -0.012444681, -0.012234538, -0.011804806, -0.01136226, -0.010904659, -0.010669357, -0.0101838885, -0.009676125, -0.009412889, -0.0088662775, -0.008290123, -0.0076809055, -0.0073626386, -0.0066975183, -0.0060053193, -0.0056652217, -0.005097818, -0.0049448884
0, 0, 0, 0, 0, 0, 0, 0, 0, 0, 0, 0, 0, 0, 0, 0, 0, 0, 0, 0, 0, 0, 0, 0, 0, 0, 0, 0, 0, 0, 0, 0, 0, 0, 0, 0, 0, 0, 0, 0, 0, 0, 0, 0, 0, 0, 0, 0, 0, 0, 0, 0, 0, 0, 0, 0, 0, 0, 0, 0, 0, 0, 0, 0, 0, 0, 0, 0, 0, 0, 0, -0.005336647, -0.005483827, -0.006219006, -0.0071839564, -0.008127429, -0.008565716, -0.009370933, -0.010093082, -0.010428302, -0.011057177, -0.011641108, -0.011919738, -0.012455269, -0.012965062, -0.013451124, -0.013684884, -0.014133303, -0.014553848, -0.014753016, -0.015128192, -0.015472019, -0.01578604, -0.015932605, -0.016206622, -0.016456662, -0.016572895, -0.016787782, -0.016978221, -0.017063877, -0.017214647, -0.01733651, -0.017428292, -0.017462859, -0.017510118, -0.017529752, -0.017529966, -0.017512115, -0.017471611, -0.017409865, -0.017371291, -0.017278839, -0.017165711, -0.01710117, -0.01695579, -0.016788961, -0.01669769, -0.016499832, -0.016282436, -0.01604608, -0.01592101, -0.015657587, -0.015377101, -0.015230626, -0.014925049, -0.014602641, -0.014263526, -0.014087866, -0.013724702, -0.013346429, -0.013151785, -0.012751938, -0.012338751, -0.012127102, -0.011693841, -0.011246254, -0.0107832225, -0.010545555, -0.010057156, -0.009550525, -0.009289838, -0.008752, -0.008188729, -0.007594996, -0.0072848513, -0.006635567, -0.005957562, -0.005623617, -0.0050656833, -0.0049169334
0, 0, 0, 0, 0, 0, 0, 0, 0, 0, 0, 0, 0, 0, 0, 0, 0, 0, 0, 0, 0, 0, 0, 0, 0, 0, 0, 0, 0, 0, 0, 0, 0, 0, 0, 0, 0, 0, 0, 0, 0, 0, 0, 0, 0, 0, 0, 0, 0, 0, 0, 0, 0, 0, 0, 0, 0, 0, 0, 0, 0, 0, 0, 0, 0, 0, 0, 0, 0, 0, -0.008194367, -0.0063554286, -0.006187785, -0.0066507417, -0.007516091, -0.008430875, -0.00886906, -0.009687955, -0.010430348, -0.010775722, -0.011423163, -0.012024532, -0.012311886, -0.012866322, -0.013397398, -0.013906271, -0.014151514, -0.014620762, -0.015057443, -0.015262171, -0.015642593, -0.015984902, -0.016292844, -0.016435761, -0.016702497, -0.016947033, -0.017061269, -0.017272674, -0.017458873, -0.017541235, -0.017682185, -0.017788934, -0.017860599, -0.01788368, -0.017906666, -0.017902415, -0.017891372, -0.017852962, -0.017793119, -0.017711222, -0.017661585, -0.017544111, -0.01740208, -0.017321888, -0.017144255, -0.016946293, -0.016840855, -0.016618615, -0.016382707, -0.016132891, -0.016002335, -0.015728423, -0.015436167, -0.015282782, -0.014961418, -0.0146212885, -0.014264722, -0.014081077, -0.013704617, -0.01331714, -0.0131192915, -0.012714941, -0.012297678, -0.012083721, -0.011644149, -0.011188046, -0.010715175, -0.0104727745, -0.009976612, -0.009466295, -0.009205736, -0.008672395, -0.008118808, -0.0075380886, -0.00723505, -0.006599676, -0.005933421, -0.0056043277, -0.0050533605, -0.004907424
0, 0, 0, 0, 0, 0, 0, 0, 0, 0, 0, 0, 0, 0, 0, 0, 0, 0, 0, 0, 0, 0, 0, 0, 0, 0, 0, 0, 0, 0, 0, 0, 0, 0, 0, 0, 0, 0, 0, 0, 0, 0, 0, 0, 0, 0, 0, 0, 0, 0, 0, 0, 0, 0, 0, 0, 0, 0, 0, 0, 0, 0, 0, 0, 0, 0, 0, 0, 0, 0, -0.00878538, -0.007051609, -0.006847813, -0.007168205, -0.00789831, -0.008722118, -0.009131274, -0.009917815, -0.010651323, -0.010997956, -0.011654393, -0.012270377, -0.012566336, -0.013138923, -0.013689221, -0.014217177, -0.0144716175, -0.014957924, -0.015409369, -0.015620132, -0.016009863, -0.016358161, -0.016669098, -0.016812677, -0.017080162, -0.017324345, -0.017438084, -0.017647453, -0.017829755, -0.017909277, -0.01804263, -0.018139485, -0.018199319, -0.018216245, -0.018227253, -0.018212577, -0.018197102, -0.018151034, -0.018084146, -0.017993862, -0.017938877, -0.017807776, -0.017647918, -0.017557481, -0.017357502, -0.017136386, -0.017019715, -0.016777063, -0.016523734, -0.016259681, -0.01612268, -0.015836805, -0.015532146, -0.015372144, -0.015036355, -0.014681224, -0.014310452, -0.014120389, -0.013733352, -0.013338601, -0.013138107, -0.012729683, -0.012308517, -0.012092218, -0.011646722, -0.0111831995, -0.010702286, -0.01045594, -0.009953225, -0.009438918, -0.009177533, -0.008645083, -0.008095522, -0.007520658, -0.0072207167, -0.006591118, -0.00592913, -0.005601481, -0.0050522983, -0.0049069873
0, 0, 0, 0, 0, 0, 0, 0, 0, 0, 0, 0, 0, 0, 0, 0, 0, 0, 0, 0, 0, 0, 0, 0, 0, 0, 0, 0, 0, 0, 0, 0, 0, 0, 0, 0, 0, 0, 0, 0, 0, 0, 0, 0, 0, 0, 0, 0, 0, 0, 0, 0, 0, 0, 0, 0, 0, 0, 0, 0, 0, 0, 0, 0, 0, 0, 0, 0, 0, 0, -0.0071709044, -0.0067221103, -0.006807153, -0.0073412857, -0.0080808345, -0.008863705, -0.009252133, -0.010008587, -0.010730038, -0.011076627, -0.011741796, -0.012373458, -0.012678169, -0.013268328, -0.013834045, -0.014374411, -0.014634297, -0.015130542, -0.015591437, -0.015807102, -0.01620765, -0.016567402, -0.0168899, -0.017038912, -0.017315531, -0.017566046, -0.017681703, -0.01789237, -0.018073171, -0.018151255, -0.018281115, -0.01837444, -0.01843192, -0.018448204, -0.018459214, -0.018446008, -0.018431492, -0.018387435, -0.018321812, -0.018231086, -0.018175196, -0.018040543, -0.017874535, -0.01778019, -0.017571012, -0.017338712, -0.017215943, -0.016960144, -0.016693063, -0.016414963, -0.016270917, -0.015971022, -0.015652684, -0.0154860495, -0.015137711, -0.0147710955, -0.014390162, -0.014195633, -0.01380097, -0.013400178, -0.013197175, -0.012784462, -0.0123595605, -0.012141473, -0.01169252, -0.011225971, -0.01074284, -0.010495664, -0.009991833, -0.009476704, -0.009214955, -0.008681372, -0.008129808, -0.007551491, -0.0072493367, -0.006614369, -0.0059465873, -0.00561612, -0.0050622756, -0.004914914
0, 0, 0, 0, 0, 0, 0, 0, 0, 0, 0, 0, 0, 0, 0, 0, 0, 0, 0, 0, 0, 0, 0, 0, 0, 0, 0, 0, 0, 0, 0, 0, 0, 0, 0, 0, 0, 0, 0, 0, 0, 0, 0, 0, 0, 0, 0, 0, 0, 0, 0, 0, 0, 0, 0, 0, 0, 0, 0, 0, 0, 0, 0, 0, 0, 0, 0, 0, 0, 0, -0.0058704256, -0.0061061727, -0.0064104144, -0.00718109, -0.008000342, -0.008796726, -0.009182603, -0.009931136, -0.01065058, -0.010999544, -0.011675681, -0.012322972, -0.012636012, -0.013240638, -0.013816557, -0.01436275, -0.014624211, -0.01512319, -0.015588448, -0.015807858, -0.016219394, -0.016594611, -0.016935362, -0.017093688, -0.017387457, -0.017651567, -0.017772298, -0.017990328, -0.018175665, -0.01825555, -0.018389028, -0.018487621, -0.018552681, -0.018573428, -0.018594002, -0.018589705, -0.018579006, -0.018540733, -0.01847871, -0.018390134, -0.018335221, -0.01820284, -0.01804006, -0.01794765, -0.017742423, -0.017513074, -0.017390918, -0.0171339, -0.016862161, -0.016575996, -0.016427146, -0.016116701, -0.01578845, -0.015617495, -0.01526232, -0.014890947, -0.01450638, -0.014310282, -0.013912052, -0.013506637, -0.013301095, -0.012882921, -0.012453317, -0.012233368, -0.011782317, -0.011316106, -0.010835396, -0.010590018, -0.010089644, -0.009576416, -0.009314634, -0.008778303, -0.008219769, -0.007630827, -0.0073222658, -0.0066733966, -0.005991914, -0.0056552235, -0.0050916676, -0.004940174
0, 0, 0, 0, 0, 0, 0, 0, 0, 0, 0, 0, 0, 0, 0, 0, 0, 0, 0, 0, 0, 0, 0, 0, 0, 0, 0, 0, 0, 0, 0, 0, 0, 0, 0, 0, 0, 0, 0, 0, 0, 0, 0, 0, 0, 0, 0, 0, 0, 0, 0, 0, 0, 0, 0, 0, 0, 0, 0, 0, 0, 0, 0, 0, 0, 0, 0, 0, 0, -0.0069838664, -0.0056852056, -0.005780439, -0.0061002234, -0.006915163, -0.0077623017, -0.008568901, -0.008955737, -0.009703005, -0.010422056, -0.010772345, -0.011454631, -0.012110841, -0.012428384, -0.013040332, -0.013619993, -0.014166709, -0.014427756, -0.014926058, -0.01539389, -0.015616498, -0.01603948, -0.01643247, -0.016795073, -0.016964667, -0.017280167, -0.017562855, -0.017691514, -0.017923124, -0.018120388, -0.018206209, -0.018352695, -0.018466344, -0.018548513, -0.01857823, -0.018615946, -0.018625952, -0.018620806, -0.018590031, -0.018532094, -0.018446565, -0.018393628, -0.018267721, -0.018115513, -0.01802973, -0.017839799, -0.017626569, -0.017511861, -0.017267268, -0.017003415, -0.016720543, -0.01657206, -0.016261207, -0.015933037, -0.015762787, -0.015410874, -0.015044717, -0.014665415, -0.014471326, -0.014074917, -0.013667739, -0.01346009, -0.013036104, -0.012600259, -0.012377779, -0.011923463, -0.011457084, -0.010978691, -0.010734861, -0.010237128, -0.009724315, -0.009461305, -0.008919246, -0.008350418, -0.007747718, -0.007431331, -0.006766209, -0.0060688416, -0.0057249675, -0.0051496928, -0.004993158
0, 0, 0, 0, 0, 0, 0, 0, 0, 0, 0, 0, 0, 0, 0, 0, 0, 0, 0, 0, 0, 0, 0, 0, 0, 0, 0, 0, 0, 0, 0, 0, 0, 0, 0, 0, 0, 0, 0, 0, 0, 0, 0, 0, 0, 0, 0, 0, 0, 0, 0, 0, 0, 0, 0, 0, 0, 0, 0, 0, 0, 0, 0, 0, 0, 0, 0, 0, 0, -0.005547176, -0.0052324836, -0.005534619, -0.0058615673, -0.0066501093, -0.0074692178, -0.008256002, -0.008634736, -0.009367215, -0.010073534, -0.010418491, -0.011092394, -0.011743374, -0.01205895, -0.012668072, -0.01324533, -0.0137898605, -0.014050203, -0.014548899, -0.015020432, -0.015246929, -0.015681444, -0.016091509, -0.01647423, -0.016654445, -0.016990716, -0.017292384, -0.017429836, -0.017678123, -0.01789245, -0.017987538, -0.018154476, -0.01829166, -0.018399324, -0.018441945, -0.018504448, -0.018535264, -0.018538607, -0.018521007, -0.018472467, -0.018395852, -0.01834788, -0.018234886, -0.018100495, -0.01802532, -0.017859329, -0.017671626, -0.01756946, -0.017347908, -0.017102906, -0.016834944, -0.016692845, -0.01639381, -0.016077679, -0.015914047, -0.015576392, -0.0152250705, -0.014859449, -0.014670972, -0.01428238, -0.013877822, -0.0136696305, -0.013241953, -0.012800482, -0.012575171, -0.012116405, -0.011647271, -0.011167119, -0.010922287, -0.010421364, -0.009902885, -0.009635799, -0.009083363, -0.008501889, -0.007885411, -0.007562145, -0.006883472, -0.0061731464, -0.0058230893, -0.0052371887, -0.005075982
0, 0, 0, 0, 0, 0, 0, 0, 0, 0, 0, 0, 0, 0, 0, 0, 0, 0, 0, 0, 0, 0, 0, 0, 0, 0, 0, 0, 0, 0, 0, 0, 0, 0, 0, 0, 0, 0, 0, 0, 0, 0, 0, 0, 0, 0, 0, 0, 0, 0, 0, 0, 0, 0, 0, 0, 0, 0, 0, 0, 0, 0, 0, 0, 0, 0, 0, 0, -0.006352487, -0.0055958526, -0.00500587, -0.005333895, -0.0056516356, -0.006392751, -0.0071601667, -0.007904555, -0.008265253, -0.008965093, -0.009641638, -0.009972696, -0.010621401, -0.011251566, -0.011558629, -0.0121547105, -0.012724193, -0.013265866, -0.013526294, -0.01402734, -0.014504353, -0.014734464, -0.015178667, -0.015600389, -0.015996635, -0.016183998, -0.016534755, -0.01685131, -0.016996501, -0.017261285, -0.017494457, -0.017600082, -0.017791133, -0.017956063, -0.018094452, -0.018152857, -0.018246528, -0.018306553, -0.018323164, -0.018330114, -0.018303601, -0.01824833, -0.018211396, -0.01812194, -0.018013753, -0.017952863, -0.017816722, -0.017659422, -0.017572112, -0.017378472, -0.017158609, -0.016912987, -0.01678147, -0.016503345, -0.016208293, -0.016055284, -0.015739113, -0.015408387, -0.0150611615, -0.014880582, -0.014504317, -0.014107383, -0.013901313, -0.013475165, -0.013032699, -0.012806389, -0.01234503, -0.011872481, -0.0113872755, -0.011138999, -0.0106289815, -0.010098251, -0.009824153, -0.009256604, -0.00866029, -0.008030591, -0.0077015026, -0.0070128688, -0.006293344, -0.005938551, -0.0053435923, -0.0051785237
0, 0, 0, 0, 0, 0, 0, 0, 0, 0, 0, 0, 0, 0, 0, 0, 0, 0, 0, 0, 0, 0, 0, 0, 0, 0, 0, 0, 0, 0, 0, 0, 0, 0, 0, 0, 0, 0, 0, 0, 0, 0, 0, 0, 0, 0, 0, 0, 0, 0, 0, 0, 0, 0, 0, 0, 0, 0, 0, 0, 0, 0, 0, 0, 0, 0, 0, 0, -0.004907251, -0.004719375, -0.004663407, -0.005107925, -0.005426472, -0.006128328, -0.0068423892, -0.007536688, -0.007874058, -0.008530595, -0.009166421, -0.009477811, -0.010089974, -0.0106885675, -0.010982424, -0.0115577895, -0.012114732, -0.012650872, -0.012910576, -0.013412738, -0.01389255, -0.014124229, -0.014571527, -0.014996446, -0.015396936, -0.015587019, -0.015944902, -0.016271532, -0.01642314, -0.01670347, -0.016955705, -0.017072147, -0.017287424, -0.017479887, -0.01764878, -0.017723385, -0.017850889, -0.017946145, -0.01798091, -0.018024344, -0.018034846, -0.01801617, -0.017997434, -0.017943783, -0.017870463, -0.01782661, -0.017723858, -0.017598461, -0.017526297, -0.017361628, -0.017169006, -0.016949736, -0.016831119, -0.01657855, -0.016308762, -0.016168082, -0.015875285, -0.015565813, -0.01523721, -0.01506497, -0.014703323, -0.014318393, -0.014117301, -0.013699603, -0.013263891, -0.013040163, -0.012582215, -0.012109708, -0.011620529, -0.011368563, -0.01084798, -0.010302702, -0.0100204265, -0.009435912, -0.008823485, -0.00817988, -0.007844936, -0.0071459794, -0.006416964, -0.006057332, -0.005452931, -0.005283722
0, 0, 0, 0, 0, 0, 0, 0, 0, 0, 0, 0, 0, 0, 0, 0, 0, 0, 0, 0, 0, 0, 0, 0, 0, 0, 0, 0, 0, 0, 0, 0, 0, 0, 0, 0, 0, 0, 0, 0, 0, 0, 0, 0, 0, 0, 0, 0, 0, 0, 0, 0, 0, 0, 0, 0, 0, 0, 0, 0, 0, 0, 0, 0, 0, 0, 0, 0, -0.0048079076, -0.004431525, -0.0044172844, -0.004902187, -0.0052146474, -0.005876093, -0.006536945, -0.0071785217, -0.0074911616, -0.008100468, -0.008691711, -0.0089817485, -0.0095533375, -0.010115264, -0.010393034, -0.010941576, -0.011478849, -0.012001709, -0.012256717, -0.012752055, -0.013226155, -0.013454999, -0.013896076, -0.014315227, -0.014711803, -0.01490132, -0.015261925, -0.015597201, -0.015755225, -0.01605221, -0.016324734, -0.016452156, -0.016690534, -0.016907291, -0.017102199, -0.017190814, -0.017349178, -0.017479885, -0.01753429, -0.017620394, -0.01767686, -0.01770533, -0.017709738, -0.017700393, -0.017667677, -0.01764269, -0.017574802, -0.017481543, -0.017424788, -0.017290156, -0.017127335, -0.016938137, -0.01683449, -0.016611341, -0.016369093, -0.01624115, -0.015971357, -0.015681751, -0.015370354, -0.015206119, -0.014859645, -0.014489558, -0.014295932, -0.013892909, -0.013470813, -0.013253204, -0.012805042, -0.012338075, -0.011849252, -0.011595508, -0.011067688, -0.010511443, -0.010222579, -0.009623612, -0.008995715, -0.008337045, -0.007994714, -0.007281024, -0.006537028, -0.0061699036, -0.005551939, -0.0053761853
0, 0, 0, 0, 0, 0, 0, 0, 0, 0, 0, 0, 0, 0, 0, 0, 0, 0, 0, 0, 0, 0, 0, 0, 0, 0, 0, 0, 0, 0, 0, 0, 0, 0, 0, 0, 0, 0, 0, 0, 0, 0, 0, 0, 0, 0, 0, 0, 0, 0, 0, 0, 0, 0, 0, 0, 0, 0, 0, 0, 0, 0, 0, 0, 0, 0, 0, -0.0052049896, -0.004244205, -0.004139292, -0.004366687, -0.0048376475, -0.005099173, -0.0056286864, -0.0061512715, -0.006664958, -0.006918679, -0.007420283, -0.007913842, -0.0081575, -0.0086392695, -0.009114796, -0.009350998, -0.009820325, -0.010285599, -0.010744812, -0.010971241, -0.011415242, -0.011845564, -0.012054883, -0.012461723, -0.012853981, -0.013233967, -0.013419881, -0.013784751, -0.0141397985, -0.014312858, -0.014647746, -0.014964297, -0.015114348, -0.015396609, -0.015654184, -0.015888063, -0.015996726, -0.016199157, -0.016383661, -0.016469393, -0.016627803, -0.016766828, -0.016883248, -0.016931955, -0.017008351, -0.017055308, -0.017067539, -0.017070258, -0.01704563, -0.01702368, -0.01696136, -0.016875332, -0.016765581, -0.016701542, -0.016554195, -0.01637977, -0.016282, -0.016064735, -0.015818913, -0.0155455945, -0.015399129, -0.015087779, -0.014753011, -0.014577062, -0.014208413, -0.013817129, -0.01361271, -0.0131849265, -0.012729939, -0.012245307, -0.011991526, -0.011460761, -0.010898794, -0.010605924, -0.0099954875, -0.009349583, -0.008663606, -0.008303859, -0.007548587, -0.0067568175, -0.00636532, -0.0057043955, -0.005505702
0, 0, 0, 0, 0, 0, 0, 0, 0, 0, 0, 0, 0, 0, 0, 0, 0, 0, 0, 0, 0, 0, 0, 0, 0, 0, 0, 0, 0, 0, 0, 0, 0, 0, 0, 0, 0, 0, 0, 0, 0, 0, 0, 0, 0, 0, 0, 0, 0, 0, 0, 0, 0, 0, 0, 0, 0, 0, 0, 0, 0, 0, 0, 0, 0, 0, 0, -0.0055182325, -0.0046068802, -0.004498274, -0.0046643037, -0.005043202, -0.00525612, -0.005691618, -0.006127886, -0.0065643117, -0.0067829005, -0.007219868, -0.007654671, -0.007870602, -0.008298386, -0.008721326, -0.008931469, -0.0093497, -0.009766357, -0.010181178, -0.010387403, -0.010795974, -0.0111973975, -0.011394652, -0.011781807, -0.012159979, -0.012530983, -0.01271456, -0.013078647, -0.013438486, -0.01361578, -0.013962958, -0.01429533, -0.014454279, -0.014755182, -0.015031472, -0.015283786, -0.0154017825, -0.015623573, -0.015829325, -0.01592677, -0.016110925, -0.016278777, -0.016426515, -0.01649149, -0.016601099, -0.016681803, -0.016711116, -0.016748682, -0.016760603, -0.016757814, -0.016736401, -0.016693842, -0.016628671, -0.016586501, -0.016480666, -0.016343636, -0.016262753, -0.016075741, -0.015856408, -0.015607134, -0.015472087, -0.015182459, -0.0148675805, -0.014700735, -0.0143473325, -0.013966163, -0.013764743, -0.01333878, -0.012881611, -0.012393392, -0.012137918, -0.01160514, -0.011043335, -0.010751185, -0.010141811, -0.009494234, -0.008801251, -0.0084354095, -0.007662713, -0.0068482747, -0.0064447424, -0.0057620592, -0.005550826
0, 0, 0, 0, 0, 0, 0, 0, 0, 0, 0, 0, 0, 0, 0, 0, 0, 0, 0, 0, 0, 0, 0, 0, 0, 0, 0, 0, 0, 0, 0, 0, 0, 0, 0, 0, 0, 0, 0, 0, 0, 0, 0, 0, 0, 0, 0, 0, 0, 0, 0, 0, 0, 0, 0, 0, 0, 0, 0, 0, 0, 0, 0, 0, 0, 0, -0.006836834, -0.005378385, -0.0047889957, -0.0047566327, -0.004947025, -0.005273974, -0.0054515763, -0.0058121546, -0.0061742202, -0.00653969, -0.0067241555, -0.007096457, -0.0074708643, -0.0076580355, -0.008030737, -0.008400701, -0.008584936, -0.008953521, -0.009323694, -0.00969672, -0.009884451, -0.0102610765, -0.0106373085, -0.010824351, -0.01119504, -0.011560635, -0.011921507, -0.012100677, -0.01245737, -0.012811653, -0.012987568, -0.013334746, -0.013671942, -0.013835237, -0.014148295, -0.014440766, -0.014712186, -0.014840397, -0.015083794, -0.015311966, -0.01542089, -0.015628552, -0.01582063, -0.015993927, -0.016072148, -0.016209807, -0.016320596, -0.016365744, -0.016436456, -0.016483136, -0.01649838, -0.016513815, -0.016508745, -0.0164803, -0.016455963, -0.016384073, -0.016278105, -0.016211692, -0.016052114, -0.01585843, -0.015633667, -0.01551055, -0.015244016, -0.014950095, -0.014792381, -0.014453563, -0.01408086, -0.013881167, -0.013454457, -0.012992353, -0.012497958, -0.012239754, -0.011703209, -0.011140339, -0.0108484635, -0.010240559, -0.009593677, -0.008898194, -0.008529408, -0.0077468012, -0.0069180876, -0.0065066265, -0.0058088335, -0.0055885343
0, 0, 0, 0, 0, 0, 0, 0, 0, 0, 0, 0, 0, 0, 0, 0, 0, 0, 0, 0, 0, 0, 0, 0, 0, 0, 0, 0, 0, 0, 0, 0, 0, 0, 0, 0, 0, 0, 0, 0, 0, 0, 0, 0, 0, 0, 0, 0, 0, 0, 0, 0, 0, 0, 0, 0, 0, 0, 0, 0, 0, 0, 0, 0, 0, 0, -0.0050506233, -0.004666635, -0.004632386, -0.0047361003, -0.005047744, -0.0053948457, -0.005565723, -0.0058966405, -0.0062169624, -0.0065338435, -0.0066927522, -0.0070137577, -0.00733817, -0.007501403, -0.007828395, -0.008155955, -0.008320008, -0.008649647, -0.008983803, -0.009324474, -0.009497681, -0.009849151, -0.010205395, -0.010384365, -0.010741363, -0.011094901, -0.011443598, -0.011616286, -0.011958629, -0.012298006, -0.01246679, -0.012801833, -0.013132207, -0.013294573, -0.013611579, -0.013915211, -0.014203455, -0.014341672, -0.014606637, -0.014857203, -0.014977289, -0.015206956, -0.015420625, -0.015615878, -0.015705537, -0.01586766, -0.016004866, -0.01606406, -0.01616356, -0.016239408, -0.016268972, -0.01631177, -0.016332004, -0.01632673, -0.016313251, -0.01626209, -0.016176222, -0.016119856, -0.015980667, -0.015807796, -0.015604214, -0.015491755, -0.01524611, -0.014971827, -0.014823024, -0.0144991465, -0.014136818, -0.013940442, -0.0135169, -0.013054595, -0.012557984, -0.01229839, -0.0117590455, -0.011193909, -0.010901191, -0.010292416, -0.009645097, -0.008948768, -0.008579062, -0.0077933245, -0.006959692, -0.00654524, -0.005841379, -0.005617037
0, 0, 0, 0, 0, 0, 0, 0, 0, 0, 0, 0, 0, 0, 0, 0, 0, 0, 0, 0, 0, 0, 0, 0, 0, 0, 0, 0, 0, 0, 0, 0, 0, 0, 0, 0, 0, 0, 0, 0, 0, 0, 0, 0, 0, 0, 0, 0, 0, 0, 0, 0, 0, 0, 0, 0, 0, 0, 0, 0, 0, 0, 0, 0, 0, 0, -0.0046896418, -0.004198928, -0.004367385, -0.004551671, -0.0049663377, -0.005364595, -0.005548849, -0.005890264, -0.0062048645, -0.00650426, -0.0066513834, -0.0069449698, -0.007240526, -0.0073896074, -0.0076900744, -0.00799332, -0.008145968, -0.008453416, -0.008765601, -0.0090845805, -0.009247035, -0.009578438, -0.009916886, -0.010087895, -0.010430844, -0.01077149, -0.011107024, -0.011272378, -0.01159874, -0.011920181, -0.012079899, -0.01239794, -0.012715062, -0.012873058, -0.013186862, -0.013494726, -0.013793496, -0.013938597, -0.014219194, -0.014486206, -0.01461447, -0.014859883, -0.0150893275, -0.015300775, -0.015399165, -0.015580173, -0.015738206, -0.015808277, -0.015929773, -0.016026394, -0.016065417, -0.01612465, -0.016158035, -0.016163383, -0.016154723, -0.016113345, -0.016038766, -0.015988749, -0.015863568, -0.015705956, -0.015518182, -0.0154134855, -0.015182948, -0.014923136, -0.014781265, -0.014470809, -0.01412086, -0.013930311, -0.013517557, -0.0130644655, -0.012574553, -0.012317069, -0.011779237, -0.011212425, -0.010918033, -0.01030499, -0.009653719, -0.008955017, -0.008584853, -0.007799668, -0.006968043, -0.0065547526, -0.0058528516, -0.005629373
0, 0, 0, 0, 0, 0, 0, 0, 0, 0, 0, 0, 0, 0, 0, 0, 0, 0, 0, 0, 0, 0, 0, 0, 0, 0, 0, 0, 0, 0, 0, 0, 0, 0, 0, 0, 0, 0, 0, 0, 0, 0, 0, 0, 0, 0, 0, 0, 0, 0, 0, 0, 0, 0, 0, 0, 0, 0, 0, 0, 0, 0, 0, 0, 0, 0, -0.0038509334, -0.0037867986, -0.0041023446, -0.004325984, -0.004795029, -0.0052345344, -0.0054363497, -0.005806586, -0.0061401646, -0.006448892, -0.006597396, -0.006888896, -0.0071790055, -0.007324768, -0.007618783, -0.007916035, -0.008065422, -0.008365716, -0.008667842, -0.008972798, -0.009126819, -0.009439607, -0.009758629, -0.009920309, -0.010246271, -0.010572609, -0.010895748, -0.0110553205, -0.0113702305, -0.011679497, -0.011832878, -0.0121383555, -0.012443465, -0.012596565, -0.012903071, -0.013208098, -0.013507892, -0.013654488, -0.013939351, -0.014210833, -0.014341275, -0.014590773, -0.014824616, -0.015042006, -0.0151440855, -0.015334613, -0.015504603, -0.015581158, -0.015715787, -0.01582421, -0.015868299, -0.01593557, -0.015974386, -0.015984176, -0.015977846, -0.015942154, -0.015875705, -0.015830716, -0.015717046, -0.015571611, -0.015394573, -0.0152944485, -0.015071391, -0.014817485, -0.014678654, -0.01437549, -0.014035839, -0.013851746, -0.013454146, -0.013017467, -0.0125423055, -0.012290621, -0.011759957, -0.011194068, -0.010898159, -0.010279377, -0.009621601, -0.008918493, -0.008547561, -0.007764435, -0.006939013, -0.006529697, -0.0058354046, -0.0056161955
0, 0, 0, 0, 0, 0, 0, 0, 0, 0, 0, 0, 0, 0, 0, 0, 0, 0, 0, 0, 0, 0, 0, 0, 0, 0, 0, 0, 0, 0, 0, 0, 0, 0, 0, 0, 0, 0, 0, 0, 0, 0, 0, 0, 0, 0, 0, 0, 0, 0, 0, 0, 0, 0, 0, 0, 0, 0, 0, 0, 0, 0, 0, 0, 0, -0.0044420683, -0.0035990758, -0.0035579803, -0.003919397, -0.0041531157, -0.0046358346, -0.0050944616, -0.0053085657, -0.005706592, -0.006068035, -0.0064003807, -0.0065585854, -0.006865, -0.0071654166, -0.0073149484, -0.007615185, -0.007917241, -0.008068558, -0.008370141, -0.008669199, -0.008965082, -0.009112328, -0.009407426, -0.00970596, -0.00985723, -0.010164078, -0.01047557, -0.0107887965, -0.010945087, -0.011255525, -0.011561893, -0.011713483, -0.012014343, -0.012312844, -0.012461804, -0.012759329, -0.013055334, -0.013346501, -0.013489118, -0.013765911, -0.014029333, -0.014155525, -0.014396347, -0.014622152, -0.014833229, -0.014933236, -0.015121536, -0.015292297, -0.015370057, -0.015508165, -0.015620073, -0.015665624, -0.015735034, -0.015775567, -0.015787693, -0.015783114, -0.015753094, -0.015694866, -0.01565487, -0.015552138, -0.015416969, -0.015247399, -0.015149343, -0.014927153, -0.014671026, -0.014530721, -0.014226304, -0.013889951, -0.013709777, -0.013324519, -0.012904094, -0.012445822, -0.0122016985, -0.011682253, -0.011121197, -0.010825341, -0.010203533, -0.009541069, -0.008834966, -0.008464166, -0.007685298, -0.006869236, -0.0064658527, -0.0057830983, -0.005570007
0, 0, 0, 0, 0, 0, 0, 0, 0, 0, 0, 0, 0, 0, 0, 0, 0, 0, 0, 0, 0, 0, 0, 0, 0, 0, 0, 0, 0, 0, 0, 0, 0, 0, 0, 0, 0, 0, 0, 0, 0, 0, 0, 0, 0, 0, 0, 0, 0, 0, 0, 0, 0, 0, 0, 0, 0, 0, 0, 0, 0, 0, 0, 0, 0, -0.0034672532, -0.0032824206, -0.0034517362, -0.0038561712, -0.0040899017, -0.004564873, -0.005023002, -0.0052417335, -0.005656752, -0.0060419007, -0.0063987914, -0.0065685227, -0.0068945657, -0.0072094887, -0.0073649, -0.007674205, -0.007983101, -0.008137075, -0.008442453, -0.008742121, -0.009033847, -0.009176998, -0.009459706, -0.009742083, -0.009884606, -0.010174738, -0.010473337, -0.010778205, -0.010932452, -0.01124163, -0.011548693, -0.011700577, -0.012000148, -0.012293643, -0.012438395, -0.012724564, -0.013006151, -0.013281926, -0.013416662, -0.013677742, -0.01392536, -0.014043592, -0.014268566, -0.014478555, -0.0146745965, -0.014767435, -0.014943044, -0.01510365, -0.015177389, -0.015309087, -0.015416217, -0.01545959, -0.015525268, -0.015562915, -0.0155736, -0.01556925, -0.015541537, -0.0154881915, -0.0154514, -0.01535578, -0.015227399, -0.015062154, -0.014964879, -0.014740589, -0.014478648, -0.014334752, -0.014023371, -0.013683308, -0.013503025, -0.013122021, -0.012711135, -0.012265633, -0.012028252, -0.011521076, -0.0109691, -0.0106763495, -0.010058563, -0.009398709, -0.00869656, -0.008328903, -0.007559565, -0.006757122, -0.0063615274, -0.005693534, -0.005487151
0, 0, 0, 0, 0, 0, 0, 0, 0, 0, 0, 0, 0, 0, 0, 0, 0, 0, 0, 0, 0, 0, 0, 0, 0, 0, 0, 0, 0, 0, 0, 0, 0, 0, 0, 0, 0, 0, 0, 0, 0, 0, 0, 0, 0, 0, 0, 0, 0, 0, 0, 0, 0, 0, 0, 0, 0, 0, 0, 0, 0, 0, 0, 0, -0.004192302, -0.0037084187, -0.003354305, -0.0035533528, -0.00395185, -0.004173246, -0.0046221125, -0.005062724, -0.005277907, -0.00569557, -0.006092593, -0.006466453, -0.006644677, -0.006986048, -0.0073122378, -0.0074714674, -0.0077863126, -0.008098854, -0.008254418, -0.008563153, -0.008866407, -0.009160717, -0.009304254, -0.009585412, -0.0098622115, -0.010000817, -0.010281599, -0.010570238, -0.010866633, -0.01101724, -0.01132034, -0.01162235, -0.011771417, -0.012063411, -0.012346249, -0.012484146, -0.012754023, -0.013017199, -0.013273777, -0.013399101, -0.013642108, -0.013872664, -0.013982616, -0.014190964, -0.014383468, -0.014560642, -0.0146437865, -0.014799467, -0.0149411345, -0.015006083, -0.01512193, -0.015215587, -0.015252865, -0.015307084, -0.015334006, -0.015334869, -0.015326, -0.015290551, -0.015231239, -0.01519243, -0.015094186, -0.014965117, -0.014799962, -0.0147025855, -0.014477186, -0.014212059, -0.014065768, -0.0137489475, -0.013403494, -0.013221188, -0.012837988, -0.012428883, -0.011989535, -0.011756614, -0.011260802, -0.010721985, -0.010436064, -0.009831795, -0.009185645, -0.008498151, -0.008138402, -0.007386556, -0.0066034985, -0.006217849, -0.0055671604, -0.005367721
0, 0, 0, 0, 0, 0, 0, 0, 0, 0, 0, 0, 0, 0, 0, 0, 0, 0, 0, 0, 0, 0, 0, 0, 0, 0, 0, 0, 0, 0, 0, 0, 0, 0, 0, 0, 0, 0, 0, 0, 0, 0, 0, 0, 0, 0, 0, 0, 0, 0, 0, 0, 0, 0, 0, 0, 0, 0, 0, 0, 0, 0, 0, 0, -0.004398917, -0.0039478424, -0.0036479163, -0.003833579, -0.004193779, -0.004393688, -0.0048030955, -0.0052137612, -0.0054182736, -0.0058240173, -0.0062199975, -0.0066000056, -0.0067825452, -0.0071326504, -0.0074648308, -0.0076259617, -0.007942381, -0.008254938, -0.008410734, -0.008722143, -0.0090313535, -0.009334823, -0.009483586, -0.009774116, -0.010056965, -0.010196724, -0.010475875, -0.010757294, -0.01104245, -0.011186021, -0.011473807, -0.011758884, -0.011899016, -0.012172381, -0.0124349, -0.012562177, -0.012810062, -0.013050907, -0.013286129, -0.0134015735, -0.013626146, -0.0138401175, -0.013942071, -0.014134269, -0.014309051, -0.0144658685, -0.014537712, -0.014669078, -0.014785466, -0.014837956, -0.014930031, -0.015002004, -0.015029227, -0.015064208, -0.015071873, -0.015052826, -0.015033706, -0.014977555, -0.0148981055, -0.014850034, -0.014736217, -0.014596256, -0.014425557, -0.014327232, -0.014102578, -0.01384025, -0.0136953425, -0.013380299, -0.013034959, -0.0128519535, -0.012466708, -0.012056649, -0.011619788, -0.011390095, -0.010905101, -0.010382845, -0.0101069, -0.00952511, -0.008903458, -0.0082413815, -0.007894463, -0.0071682036, -0.006410112, -0.0060364096, -0.005406008, -0.005213749
0, 0, 0, 0, 0, 0, 0, 0, 0, 0, 0, 0, 0, 0, 0, 0, 0, 0, 0, 0, 0, 0, 0, 0, 0, 0, 0, 0, 0, 0, 0, 0, 0, 0, 0, 0, 0, 0, 0, 0, 0, 0, 0, 0, 0, 0, 0, 0, 0, 0, 0, 0, 0, 0, 0, 0, 0, 0, 0, 0, 0, 0, 0, -0.00540129, -0.0042789634, -0.0039960146, -0.0039092936, -0.004151968, -0.004501916, -0.0046876, -0.005063458, -0.005442221, -0.00563335, -0.006018472, -0.0064035743, -0.006781223, -0.0069648726, -0.0073190043, -0.0076552243, -0.00781772, -0.008134647, -0.008446481, -0.008601899, -0.008914602, -0.009229374, -0.009543292, -0.009698329, -0.010002, -0.010295162, -0.01043798, -0.010717727, -0.010991417, -0.011261338, -0.011395153, -0.011660032, -0.011919704, -0.012046775, -0.012293908, -0.012530604, -0.012645071, -0.012867516, -0.013083408, -0.0132944295, -0.013398216, -0.013600861, -0.0137943085, -0.0138862, -0.014058341, -0.014211556, -0.0143442955, -0.014403128, -0.014506229, -0.014592476, -0.014629744, -0.014692434, -0.014737123, -0.014751486, -0.014761903, -0.01474556, -0.014701301, -0.014668917, -0.014584516, -0.01447632, -0.014414204, -0.014274993, -0.014115756, -0.013933715, -0.013833031, -0.013609352, -0.013353693, -0.01321338, -0.012908017, -0.012570599, -0.012390525, -0.012009255, -0.011601866, -0.011169338, -0.010943469, -0.010471025, -0.009968127, -0.009704391, -0.009150953, -0.008560925, -0.007931307, -0.0076005207, -0.006905607, -0.006177374, -0.005817671, -0.005210765, -0.0050264634
0, 0, 0, 0, 0, 0, 0, 0, 0, 0, 0, 0, 0, 0, 0, 0, 0, 0, 0, 0, 0, 0, 0, 0, 0, 0, 0, 0, 0, 0, 0, 0, 0, 0, 0, 0, 0, 0, 0, 0, 0, 0, 0, 0, 0, 0, 0, 0, 0, 0, 0, 0, 0, 0, 0, 0, 0, 0, 0, 0, 0, 0, 0, -0.003993992, -0.0037853627, -0.0037988892, -0.0040420853, -0.004412386, -0.0047988896, -0.0049868436, -0.0053506605, -0.0057073385, -0.005886184, -0.0062494827, -0.006619694, -0.0069906567, -0.007173725, -0.0075306026, -0.007871491, -0.008035868, -0.008355009, -0.008666101, -0.008820536, -0.009130926, -0.009445233, -0.009761626, -0.009919005, -0.010228067, -0.010524981, -0.010667967, -0.010942933, -0.011204743, -0.011456494, -0.01157935, -0.011819775, -0.012053967, -0.01216855, -0.012391341, -0.012604319, -0.012706976, -0.012904812, -0.013094096, -0.013276896, -0.013365867, -0.013538546, -0.013701918, -0.013778931, -0.013921384, -0.014045167, -0.014147964, -0.01419126, -0.014262294, -0.014314989, -0.014335321, -0.014365007, -0.014378987, -0.014379121, -0.014363652, -0.014323749, -0.014256566, -0.014212351, -0.014103149, -0.013968512, -0.013892923, -0.0137279285, -0.013546784, -0.013349723, -0.013244449, -0.013018352, -0.012767898, -0.012632338, -0.012338682, -0.012013949, -0.011839896, -0.011469461, -0.011071622, -0.010649382, -0.010429643, -0.009973239, -0.009492517, -0.009242239, -0.0087195365, -0.008163945, -0.0075701163, -0.007257031, -0.006596885, -0.0059028706, -0.0055596232, -0.0049806577, -0.004806342
0, 0, 0, 0, 0, 0, 0, 0, 0, 0, 0, 0, 0, 0, 0, 0, 0, 0, 0, 0, 0, 0, 0, 0, 0, 0, 0, 0, 0, 0, 0, 0, 0, 0, 0, 0, 0, 0, 0, 0, 0, 0, 0, 0, 0, 0, 0, 0, 0, 0, 0, 0, 0, 0, 0, 0, 0, 0, 0, 0, 0, 0, 0, -0.0039446815, -0.0036860271, -0.0037889087, -0.0041845255, -0.00464117, -0.005068648, -0.0052658706, -0.0056335325, -0.0059811017, -0.00615228, -0.006498363, -0.006853099, -0.0072152186, -0.0073965285, -0.007753879, -0.008098832, -0.008265178, -0.008586467, -0.008895411, -0.009047028, -0.009348787, -0.009652056, -0.009957322, -0.010109372, -0.010408788, -0.0106960265, -0.010833433, -0.011094931, -0.011340044, -0.0115718255, -0.011684019, -0.011902977, -0.012116863, -0.012221775, -0.012426691, -0.012622106, -0.012715386, -0.012891518, -0.013054175, -0.013204348, -0.013275294, -0.01340926, -0.013532359, -0.013589316, -0.013692668, -0.013779517, -0.013847483, -0.013873556, -0.013910504, -0.0139286285, -0.013931405, -0.013926214, -0.013907351, -0.013892611, -0.013850892, -0.013789902, -0.013705851, -0.013654176, -0.013530591, -0.013380493, -0.013296562, -0.013113759, -0.012914401, -0.012701505, -0.012590014, -0.012355755, -0.0121038, -0.011969805, -0.011683584, -0.011370337, -0.011203079, -0.010847403, -0.010465391, -0.01006005, -0.009849492, -0.009413801, -0.008958118, -0.008722054, -0.008231298, -0.0077111097, -0.0071545662, -0.006860537, -0.0062391465, -0.0055847587, -0.0052611497, -0.0047163954, -0.004555602
0, 0, 0, 0, 0, 0, 0, 0, 0, 0, 0, 0, 0, 0, 0, 0, 0, 0, 0, 0, 0, 0, 0, 0, 0, 0, 0, 0, 0, 0, 0, 0, 0, 0, 0, 0, 0, 0, 0, 0, 0, 0, 0, 0, 0, 0, 0, 0, 0, 0, 0, 0, 0, 0, 0, 0, 0, 0, 0, 0, 0, 0, -0.0050775255, -0.00411295, -0.003923379, -0.0040360224, -0.0044369157, -0.0048981626, -0.0053338544, -0.0055353255, -0.0059085144, -0.006254021, -0.006421564, -0.006755736, -0.007096328, -0.0074456446, -0.0076221274, -0.007973901, -0.008316509, -0.008482306, -0.008801135, -0.009103102, -0.0092492895, -0.009535465, -0.009817999, -0.010100058, -0.01024047, -0.010517158, -0.010783312, -0.010910914, -0.011152893, -0.011378314, -0.011589812, -0.01169178, -0.011890856, -0.01208611, -0.012182512, -0.012371396, -0.012550681, -0.012634998, -0.012789988, -0.012925276, -0.013040757, -0.013092002, -0.013182983, -0.013261293, -0.013296053, -0.013356891, -0.013405218, -0.01343828, -0.013448127, -0.013453122, -0.013438709, -0.01342464, -0.013384866, -0.013331913, -0.013301175, -0.01323109, -0.013148154, -0.01304925, -0.012992594, -0.012862331, -0.012707373, -0.012620614, -0.012429876, -0.012219385, -0.011993009, -0.011874709, -0.011628293, -0.011368353, -0.0112325335, -0.010947481, -0.010642122, -0.010480995, -0.010141335, -0.009779224, -0.009396483, -0.009198117, -0.008788303, -0.008361054, -0.008140555, -0.00768348, -0.0072003817, -0.0066841133, -0.00641144, -0.005834801, -0.0052274996, -0.004927522, -0.004424239, -0.004281414
0, 0, 0, 0, 0, 0, 0, 0, 0, 0, 0, 0, 0, 0, 0, 0, 0, 0, 0, 0, 0, 0, 0, 0, 0, 0, 0, 0, 0, 0, 0, 0, 0, 0, 0, 0, 0, 0, 0, 0, 0, 0, 0, 0, 0, 0, 0, 0, 0, 0, 0, 0, 0, 0, 0, 0, 0, 0, 0, 0, 0, -0.005695752, -0.005087608, -0.00435, -0.0042890753, -0.0044061174, -0.0047712, -0.0051932195, -0.0056083915, -0.0058059623, -0.006177378, -0.006521938, -0.006687237, -0.007011571, -0.0073366608, -0.00766753, -0.007835008, -0.008170442, -0.008499773, -0.00865981, -0.008967326, -0.009256543, -0.009394658, -0.009661002, -0.009919101, -0.0101737855, -0.010300358, -0.010550242, -0.01079229, -0.010908773, -0.011130266, -0.0113356225, -0.011526155, -0.01161714, -0.011792744, -0.011963737, -0.0120479185, -0.012212632, -0.012367952, -0.012440041, -0.012569152, -0.012674713, -0.01275589, -0.012788219, -0.012839043, -0.012875663, -0.012890099, -0.012912589, -0.012926869, -0.012930213, -0.012926336, -0.012904827, -0.012862917, -0.0128341215, -0.012762657, -0.012675966, -0.012628222, -0.012525874, -0.012415648, -0.012296829, -0.012233132, -0.012094316, -0.011936124, -0.011848571, -0.011655659, -0.011440343, -0.011205717, -0.011082382, -0.010825809, -0.010557893, -0.010419798, -0.010134891, -0.009836732, -0.009682027, -0.009360291, -0.009021491, -0.008665989, -0.008482198, -0.008103029, -0.0077083046, -0.0075049815, -0.007084492, -0.0066418103, -0.006170356, -0.005921805, -0.0053969943, -0.0048445403, -0.0045719338, -0.0041167205, -0.0039953818
0, 0, 0, 0, 0, 0, 0, 0, 0, 0, 0, 0, 0, 0, 0, 0, 0, 0, 0, 0, 0, 0, 0, 0, 0, 0, 0, 0, 0, 0, 0, 0, 0, 0, 0, 0, 0, 0, 0, 0, 0, 0, 0, 0, 0, 0, 0, 0, 0, 0, 0, 0, 0, 0, 0, 0, 0, 0, 0, 0, 0, -0.0054983995, -0.0049886666, -0.004549788, -0.004623312, -0.0047551044, -0.0051001436, -0.005486105, -0.0058757598, -0.006065933, -0.006430279, -0.0067706574, -0.0069330316, -0.007246172, -0.007552546, -0.007859093, -0.008013342, -0.008322776, -0.008628619, -0.008778136, -0.009066758, -0.009338064, -0.009466867, -0.009713081, -0.009948433, -0.010178239, -0.010292133, -0.010518226, -0.010738599, -0.010845042, -0.011047361, -0.011233017, -0.0114008915, -0.011478822, -0.011624311, -0.011760329, -0.011825853, -0.01195229, -0.0120705115, -0.0121247, -0.012219911, -0.012293284, -0.012342623, -0.012358731, -0.012376497, -0.012379816, -0.012377703, -0.012368618, -0.012353998, -0.012331952, -0.01231654, -0.012272976, -0.012208632, -0.0121679045, -0.012070132, -0.01195329, -0.011889324, -0.011753635, -0.011611517, -0.011465326, -0.011390399, -0.011234731, -0.0110669015, -0.010976796, -0.0107816225, -0.0105654355, -0.010329838, -0.010205774, -0.009947736, -0.009680115, -0.009543446, -0.009264973, -0.008979286, -0.008833189, -0.008533134, -0.008221146, -0.007896059, -0.0077285063, -0.0073833964, -0.0070245503, -0.0068398565, -0.006458778, -0.006059416, -0.005636469, -0.0054142117, -0.00494583, -0.0044531007, -0.004210085, -0.0038063033, -0.0037079107
0, 0, 0, 0, 0, 0, 0, 0, 0, 0, 0, 0, 0, 0, 0, 0, 0, 0, 0, 0, 0, 0, 0, 0, 0, 0, 0, 0, 0, 0, 0, 0, 0, 0, 0, 0, 0, 0, 0, 0, 0, 0, 0, 0, 0, 0, 0, 0, 0, 0, 0, 0, 0, 0, 0, 0, 0, 0, 0, 0, -0.006148287, -0.0049921623, -0.004688782, -0.00457892, -0.004811385, -0.0049782586, -0.0053457594, -0.0057261116, -0.0061038053, -0.0062884605, -0.00664459, -0.0069775516, -0.007134813, -0.0074343947, -0.0077202646, -0.008000478, -0.008140428, -0.008420611, -0.008699456, -0.008836754, -0.009103557, -0.009355453, -0.009474861, -0.009701761, -0.009916221, -0.010123374, -0.010225872, -0.010429302, -0.010628521, -0.010725132, -0.010907825, -0.011072152, -0.01121457, -0.0112773925, -0.011387427, -0.011481072, -0.011523416, -0.011601717, -0.01167281, -0.011705312, -0.011761475, -0.011802076, -0.0118234195, -0.011826568, -0.011818817, -0.011795541, -0.011779692, -0.011742152, -0.011698996, -0.011649838, -0.0116217965, -0.011555536, -0.011470809, -0.011420403, -0.011302637, -0.011163695, -0.011087425, -0.010925196, -0.010754553, -0.010580296, -0.0104923, -0.01031421, -0.010130625, -0.010035557, -0.009835825, -0.009621427, -0.009392031, -0.009272131, -0.009024077, -0.008768385, -0.008638655, -0.008376273, -0.008110157, -0.00797526, -0.007700496, -0.0074173976, -0.007124172, -0.0069734664, -0.006663481, -0.0063417433, -0.006176338, -0.005835816, -0.00548066, -0.0051066466, -0.0049107964, -0.0044988105, -0.0040656948, -0.0038520917, -0.0034994567, -0.0034236026
0, 0, 0, 0, 0, 0, 0, 0, 0, 0, 0, 0, 0, 0, 0, 0, 0, 0, 0, 0, 0, 0, 0, 0, 0, 0, 0, 0, 0, 0, 0, 0, 0, 0, 0, 0, 0, 0, 0, 0, 0, 0, 0, 0, 0, 0, 0, 0, 0, 0, 0, 0, 0, 0, 0, 0, 0, 0, 0, 0, -0.0043187155, -0.0041198074, -0.0041441633, -0.0044245888, -0.004842435, -0.0050610574, -0.005486435, -0.005889236, -0.006270882, -0.0064540394, -0.006803033, -0.0071262293, -0.007278098, -0.0075635994, -0.007831321, -0.00808986, -0.008218096, -0.008474076, -0.008729899, -0.008856428, -0.009102864, -0.009335601, -0.009445511, -0.009651673, -0.00984266, -0.010023702, -0.010112414, -0.0102876965, -0.010459704, -0.010543241, -0.010700919, -0.010839746, -0.01095395, -0.011000957, -0.01107545, -0.011127479, -0.01114734, -0.011178695, -0.011204192, -0.011215384, -0.011234047, -0.011244339, -0.011241495, -0.011233749, -0.0112043815, -0.01115673, -0.011127059, -0.011058649, -0.010981605, -0.010898238, -0.010854254, -0.010759716, -0.01065311, -0.010594038, -0.01046223, -0.010311457, -0.01022942, -0.010054033, -0.0098674605, -0.009674866, -0.009577258, -0.00938092, -0.0091830185, -0.009082915, -0.008879058, -0.008668376, -0.008449461, -0.008336981, -0.008106387, -0.007870308, -0.0077508567, -0.007510205, -0.0072672, -0.0071445475, -0.006895767, -0.0066411304, -0.0063787983, -0.006244455, -0.005968849, -0.0056838114, -0.005537551, -0.00523705, -0.004924344, -0.0045963526, -0.0044250237, -0.0040652417, -0.0036874288, -0.0035013724, -0.0031968183, -0.0031422104
0, 0, 0, 0, 0, 0, 0, 0, 0, 0, 0, 0, 0, 0, 0, 0, 0, 0, 0, 0, 0, 0, 0, 0, 0, 0, 0, 0, 0, 0, 0, 0, 0, 0, 0, 0, 0, 0, 0, 0, 0, 0, 0, 0, 0, 0, 0, 0, 0, 0, 0, 0, 0, 0, 0, 0, 0, 0, 0, 0, -0.0038954206, -0.0037183682, -0.0038501981, -0.0043089148, -0.0048371595, -0.0050927596, -0.0055679455, -0.0059962836, -0.0063859373, -0.006568552, -0.0069109113, -0.00722473, -0.0073712715, -0.0076465183, -0.0079031605, -0.008149088, -0.008270224, -0.0085114315, -0.008750705, -0.008868657, -0.009096774, -0.009309438, -0.009408197, -0.009589396, -0.009750854, -0.009897888, -0.009968086, -0.010105496, -0.010239819, -0.010305225, -0.010428906, -0.010536391, -0.01062065, -0.010652562, -0.010695713, -0.010714439, -0.010716637, -0.010711859, -0.010701389, -0.010695516, -0.010682877, -0.0106665045, -0.010640928, -0.01062231, -0.010570294, -0.010496633, -0.010451989, -0.010349244, -0.010233593, -0.010111037, -0.01004853, -0.009921532, -0.009791235, -0.009723771, -0.009581656, -0.009427028, -0.009344439, -0.009168604, -0.008980677, -0.00878385, -0.008683434, -0.00848054, -0.008276576, -0.008174587, -0.007970628, -0.0077656605, -0.0075581917, -0.0074531357, -0.0072400165, -0.007023081, -0.006913535, -0.0066929795, -0.006471008, -0.0063593565, -0.0061342777, -0.005905836, -0.0056726052, -0.005553916, -0.0053115813, -0.0050623533, -0.0049347505, -0.00467256, -0.0043996475, -0.0041132323, -0.0039637247, -0.0036502075, -0.0033217596, -0.0031606832, -0.0029002302, -0.0028651832
0, 0, 0, 0, 0, 0, 0, 0, 0, 0, 0, 0, 0, 0, 0, 0, 0, 0, 0, 0, 0, 0, 0, 0, 0, 0, 0, 0, 0, 0, 0, 0, 0, 0, 0, 0, 0, 0, 0, 0, 0, 0, 0, 0, 0, 0, 0, 0, 0, 0, 0, 0, 0, 0, 0, 0, 0, 0, 0, -0.004698261, -0.0038765075, -0.0037720625, -0.003918389, -0.0043876767, -0.0049219625, -0.005181612, -0.005665609, -0.006098577, -0.0064864554, -0.0066657006, -0.0070001213, -0.0073058098, -0.00744922, -0.007720075, -0.007973706, -0.008215451, -0.008333531, -0.0085649695, -0.008790296, -0.008899343, -0.009106659, -0.009295113, -0.00938057, -0.009532246, -0.009659943, -0.009769001, -0.009818835, -0.009912625, -0.0100029465, -0.01004673, -0.010129073, -0.010199717, -0.010252032, -0.010269593, -0.01028617, -0.010279991, -0.010269806, -0.010240198, -0.010203625, -0.010184427, -0.0101451315, -0.010102409, -0.010050798, -0.01001934, -0.00994129, -0.009839865, -0.009780288, -0.009645651, -0.009495881, -0.009338796, -0.009259855, -0.009103624, -0.008950962, -0.008875417, -0.008723205, -0.00856564, -0.008483501, -0.008311153, -0.008128016, -0.007935916, -0.007837412, -0.007638035, -0.007437611, -0.0073377322, -0.0071393903, -0.006942244, -0.0067449124, -0.0066457386, -0.00644538, -0.006242183, -0.006139739, -0.0059339153, -0.0057281265, -0.005625604, -0.0054213717, -0.005217385, -0.0050124507, -0.0049091633, -0.0046997215, -0.004485056, -0.004375222, -0.004149164, -0.0039129704, -0.0036641997, -0.0035342146, -0.003261926, -0.0029774613, -0.0028387797, -0.0026184842, -0.0026013528
0, 0, 0, 0, 0, 0, 0, 0, 0, 0, 0, 0, 0, 0, 0, 0, 0, 0, 0, 0, 0, 0, 0, 0, 0, 0, 0, 0, 0, 0, 0, 0, 0, 0, 0, 0, 0, 0, 0, 0, 0, 0, 0, 0, 0, 0, 0, 0, 0, 0, 0, 0, 0, 0, 0, 0, 0, 0, 0, -0.0046299025, -0.0040353024, -0.004066747, -0.0042210245, -0.004653995, -0.0051392424, -0.0053786696, -0.00583271, -0.006245918, -0.0066185887, -0.006791677, -0.007115798, -0.0074152523, -0.0075574224, -0.007827857, -0.0080820685, -0.008321851, -0.008436857, -0.008656622, -0.008862683, -0.008959699, -0.009139273, -0.009297103, -0.009366781, -0.009487752, -0.009584658, -0.009660964, -0.009693155, -0.009749465, -0.009798638, -0.009821289, -0.00986209, -0.009893805, -0.009911846, -0.009914298, -0.009904685, -0.009876163, -0.009855611, -0.009804449, -0.009744269, -0.009712158, -0.009644398, -0.0095709795, -0.00948764, -0.00944072, -0.009333177, -0.0092054745, -0.009133784, -0.008977009, -0.008806675, -0.008629969, -0.008541248, -0.0083666025, -0.00819706, -0.008113976, -0.007949353, -0.007782903, -0.007697781, -0.0075223804, -0.0073392075, -0.007149991, -0.0070539494, -0.006860962, -0.006668823, -0.0065735616, -0.0063848784, -0.0061975797, -0.0060099377, -0.005915387, -0.0057243006, -0.0055308007, -0.0054334435, -0.0052390452, -0.0050473283, -0.0049531874, -0.0047688787, -0.0045893705, -0.0044127004, -0.004324585, -0.004146785, -0.003964556, -0.0038709645, -0.0036776017, -0.0034744784, -0.0032599384, -0.0031477388, -0.0029129018, -0.0026685726, -0.002550253, -0.002366094, -0.0023648273
0, 0, 0, 0, 0, 0, 0, 0, 0, 0, 0, 0, 0, 0, 0, 0, 0, 0, 0, 0, 0, 0, 0, 0, 0, 0, 0, 0, 0, 0, 0, 0, 0, 0, 0, 0, 0, 0, 0, 0, 0, 0, 0, 0, 0, 0, 0, 0, 0, 0, 0, 0, 0, 0, 0, 0, 0, 0, -0.00546873, -0.004557156, -0.0042847833, -0.0044584638, -0.0046273107, -0.0050315154, -0.0054623457, -0.005675589, -0.0060851783, -0.0064661787, -0.0068171504, -0.0069821407, -0.0072948425, -0.007588499, -0.007729113, -0.007998318, -0.008249906, -0.008482308, -0.008590396, -0.008790547, -0.008968295, -0.009048709, -0.009192903, -0.00931597, -0.0093695745, -0.009462344, -0.00953599, -0.009591457, -0.009612862, -0.009645007, -0.00966489, -0.009670942, -0.009675702, -0.009669922, -0.009651667, -0.009637298, -0.009597299, -0.009541925, -0.0095086675, -0.0094322665, -0.009344332, -0.0092968205, -0.009195584, -0.0090860715, -0.008966818, -0.00890286, -0.0087657105, -0.008615412, -0.008535485, -0.008367497, -0.008191137, -0.008010597, -0.007919708, -0.0077384827, -0.0075588585, -0.007469384, -0.0072900252, -0.0071081645, -0.0070157056, -0.0068274643, -0.00663548, -0.006442149, -0.006345985, -0.006156755, -0.005972165, -0.005881782, -0.0057040234, -0.005527849, -0.0053507364, -0.0052612904, -0.005080162, -0.004897185, -0.004805675, -0.0046246126, -0.0044490313, -0.0043641897, -0.004201126, -0.004046272, -0.0038965503, -0.003822304, -0.0036723765, -0.0035176193, -0.0034376173, -0.0032716452, -0.0030966431, -0.002912251, -0.002816099, -0.0026152944, -0.0024074905, -0.0023074013, -0.0021549056, -0.0021669925
0, 0, 0, 0, 0, 0, 0, 0, 0, 0, 0, 0, 0, 0, 0, 0, 0, 0, 0, 0, 0, 0, 0, 0, 0, 0, 0, 0, 0, 0, 0, 0, 0, 0, 0, 0, 0, 0, 0, 0, 0, 0, 0, 0, 0, 0, 0, 0, 0, 0, 0, 0, 0, 0, 0, 0, 0, -0.005619338, -0.0051273145, -0.0045554126, -0.0045708064, -0.00486563, -0.0050529186, -0.005448608, -0.005843887, -0.0060371147, -0.006409952, -0.006761799, -0.007091347, -0.0072481646, -0.0075483024, -0.00783297, -0.007969753, -0.00823042, -0.008471106, -0.008686313, -0.008783577, -0.00895619, -0.009100759, -0.009163155, -0.009271244, -0.009360617, -0.009399618, -0.009468629, -0.009525496, -0.009568606, -0.009584481, -0.009603474, -0.009604705, -0.009598628, -0.009573942, -0.00953349, -0.0094786, -0.009445967, -0.009371254, -0.009283517, -0.009235061, -0.009128465, -0.009009574, -0.008945764, -0.008810064, -0.008665058, -0.008511354, -0.008431745, -0.008267627, -0.008098019, -0.008011748, -0.007836937, -0.007659827, -0.007481071, -0.007390919, -0.007208818, -0.0070232586, -0.0069288355, -0.0067359293, -0.0065380223, -0.006437385, -0.006234266, -0.0060305973, -0.005830303, -0.0057325647, -0.005543794, -0.0053644013, -0.0052779303, -0.005109758, -0.0049448344, -0.004779522, -0.0046962434, -0.0045284512, -0.0043602646, -0.0042768423, -0.004113388, -0.003957257, -0.0038827856, -0.0037414287, -0.0036089069, -0.003481368, -0.0034180658, -0.0032891226, -0.0031543863, -0.0030843108, -0.0029385786, -0.0027857418, -0.002626137, -0.0025435828, -0.0023722148, -0.0021959976, -0.0021115453, -0.0019856354, -0.0020079003
0, 0, 0, 0, 0, 0, 0, 0, 0, 0, 0, 0, 0, 0, 0, 0, 0, 0, 0, 0, 0, 0, 0, 0, 0, 0, 0, 0, 0, 0, 0, 0, 0, 0, 0, 0, 0, 0, 0, 0, 0, 0, 0, 0, 0, 0, 0, 0, 0, 0, 0, 0, 0, 0, 0, 0, 0, -0.0051803193, -0.0048270198, -0.0046303608, -0.004862776, -0.0052487236, -0.00545419, -0.0058573936, -0.006240308, -0.0064235753, -0.0067757624, -0.0071083843, -0.0074211727, -0.007570532, -0.007855951, -0.008125091, -0.00825358, -0.008496193, -0.008716051, -0.008908026, -0.008992444, -0.009137909, -0.009253482, -0.009301474, -0.009381353, -0.009445102, -0.009472608, -0.009521465, -0.009562282, -0.009591884, -0.0096011385, -0.009605553, -0.009588371, -0.009571231, -0.0095200855, -0.009448147, -0.009358647, -0.009308671, -0.009199668, -0.009080132, -0.0090166135, -0.008881325, -0.008734979, -0.008657592, -0.008494937, -0.008322846, -0.008143294, -0.008051625, -0.007865794, -0.0076785116, -0.007585097, -0.007399172, -0.0072145523, -0.0070301187, -0.006937622, -0.006750401, -0.006558525, -0.006460382, -0.0062594526, -0.00605309, -0.005948632, -0.0057389103, -0.0055312547, -0.0053294636, -0.005231805, -0.0050445553, -0.00486892, -0.004785187, -0.0046241297, -0.0044685635, -0.004314996, -0.004238462, -0.0040857927, -0.0039347922, -0.0038604606, -0.0037159265, -0.0035789334, -0.0035138947, -0.003390481, -0.0032741204, -0.0031613004, -0.0031048984, -0.0029889764, -0.0028669785, -0.0028034628, -0.0026719924, -0.0025354016, -0.0023947987, -0.0023228638, -0.0021748948, -0.0020235837, -0.0019514713, -0.0018464496, -0.0018756281
0, 0, 0, 0, 0, 0, 0, 0, 0, 0, 0, 0, 0, 0, 0, 0, 0, 0, 0, 0, 0, 0, 0, 0, 0, 0, 0, 0, 0, 0, 0, 0, 0, 0, 0, 0, 0, 0, 0, 0, 0, 0, 0, 0, 0, 0, 0, 0, 0, 0, 0, 0, 0, 0, 0, 0, -0.0055943844, -0.0048171026, -0.004662058, -0.004762834, -0.005140208, -0.005586529, -0.0058065504, -0.006223609, -0.006608096, -0.0067899507, -0.0071357447, -0.0074587995, -0.007759865, -0.007902243, -0.00817087, -0.008418948, -0.008535553, -0.008753002, -0.008947579, -0.009116073, -0.009189871, -0.009316445, -0.009416194, -0.0094567975, -0.009522413, -0.009571324, -0.009590737, -0.009621139, -0.009640553, -0.009646448, -0.009643183, -0.0096218735, -0.009577814, -0.009547095, -0.009468374, -0.009368495, -0.009251202, -0.00918745, -0.009051771, -0.008907506, -0.008832441, -0.008675881, -0.008510348, -0.00842419, -0.008245386, -0.008058121, -0.007864058, -0.007765019, -0.00756417, -0.007360946, -0.007259034, -0.0070551834, -0.006851812, -0.0066492134, -0.006548267, -0.006346729, -0.0061451527, -0.0060440353, -0.0058411383, -0.005637246, -0.005535373, -0.0053329216, -0.0051336577, -0.004939592, -0.004845166, -0.004662966, -0.0044909054, -0.004408821, -0.004251678, -0.004102263, -0.0039578197, -0.0038870529, -0.0037476548, -0.003611215, -0.0035443883, -0.003414429, -0.0032910616, -0.00323199, -0.0031188752, -0.0030112222, -0.0029058855, -0.0028530518, -0.0027449797, -0.0026322978, -0.0025740669, -0.0024542324, -0.0023308222, -0.0022046424, -0.0021404782, -0.0020092395, -0.0018756164, -0.0018121582, -0.0017218584, -0.0017553233
0, 0, 0, 0, 0, 0, 0, 0, 0, 0, 0, 0, 0, 0, 0, 0, 0, 0, 0, 0, 0, 0, 0, 0, 0, 0, 0, 0, 0, 0, 0, 0, 0, 0, 0, 0, 0, 0, 0, 0, 0, 0, 0, 0, 0, 0, 0, 0, 0, 0, 0, 0, 0, 0, 0, 0, -0.0050374554, -0.0045898966, -0.0046013696, -0.0049067726, -0.0053702146, -0.0058502452, -0.0060792766, -0.00650752, -0.0068982267, -0.0070818434, -0.007428328, -0.007748867, -0.008042881, -0.008179928, -0.008433545, -0.008661548, -0.008766471, -0.008959593, -0.009130996, -0.0092812795, -0.00934852, -0.009466887, -0.009563688, -0.009603656, -0.009667243, -0.009709643, -0.009723092, -0.009735205, -0.009728083, -0.009700785, -0.009679422, -0.009621807, -0.009544361, -0.009498432, -0.009393345, -0.009271766, -0.009136503, -0.009064488, -0.008913209, -0.0087534925, -0.008670624, -0.008499115, -0.00832029, -0.00822833, -0.008039354, -0.0078443205, -0.0076435287, -0.0075409296, -0.00733129, -0.007116325, -0.0070067937, -0.006783999, -0.006557933, -0.0063312924, -0.0062189, -0.0059980582, -0.005784559, -0.0056809145, -0.0054794573, -0.005284845, -0.005189618, -0.0050021866, -0.004817927, -0.0046362304, -0.0045464463, -0.004370358, -0.0042010075, -0.0041194377, -0.003963357, -0.0038164852, -0.003677659, -0.003610669, -0.0034800647, -0.003352991, -0.003290661, -0.003168669, -0.003051254, -0.0029945034, -0.0028851004, -0.0027808228, -0.0026800751, -0.0026302303, -0.0025303145, -0.002428431, -0.0023763585, -0.0022695605, -0.0021592688, -0.0020453122, -0.0019868813, -0.0018666873, -0.001744076, -0.0016861198, -0.0016050766, -0.0016403875
0, 0, 0, 0, 0, 0, 0, 0, 0, 0, 0, 0, 0, 0, 0, 0, 0, 0, 0, 0, 0, 0, 0, 0, 0, 0, 0, 0, 0, 0, 0, 0, 0, 0, 0, 0, 0, 0, 0, 0, 0, 0, 0, 0, 0, 0, 0, 0, 0, 0, 0, 0, 0, 0, 0, -0.005171344, -0.004530868, -0.0044394652, -0.004569015, -0.0049994187, -0.0055055134, -0.0059984582, -0.006230268, -0.006662396, -0.007056876, -0.007242131, -0.00759158, -0.00791321, -0.008206325, -0.008341534, -0.008588533, -0.008805243, -0.00890311, -0.0090802945, -0.009236422, -0.009375022, -0.00943874, -0.009554401, -0.009652601, -0.009694136, -0.009759106, -0.009797109, -0.009805387, -0.009800258, -0.009766496, -0.00970665, -0.0096681, -0.009576472, -0.00946969, -0.009411799, -0.009288344, -0.009155309, -0.0090123555, -0.008937088, -0.008778371, -0.008608501, -0.008519279, -0.008333476, -0.008139448, -0.008040439, -0.007839682, -0.007636282, -0.0074299797, -0.0073251813, -0.007111542, -0.0068904227, -0.006776721, -0.006543048, -0.006302313, -0.0060591996, -0.0059385705, -0.0057038935, -0.0054817745, -0.0053763515, -0.0051767086, -0.004989562, -0.0048994296, -0.0047232285, -0.004549233, -0.0043750065, -0.0042878827, -0.0041146935, -0.0039457926, -0.0038641323, -0.0037082937, -0.0035631142, -0.0034282266, -0.003363805, -0.003239328, -0.0031183125, -0.0030586026, -0.0029405167, -0.0028254203, -0.002769556, -0.002662467, -0.002562124, -0.0024680863, -0.0024230445, -0.002335196, -0.0022480031, -0.0022036468, -0.0021121986, -0.0020156119, -0.0019127525, -0.0018588636, -0.0017461884, -0.0016301918, -0.0015755211, -0.0014999275, -0.0015349791
0, 0, 0, 0, 0, 0, 0, 0, 0, 0, 0, 0, 0, 0, 0, 0, 0, 0, 0, 0, 0, 0, 0, 0, 0, 0, 0, 0, 0, 0, 0, 0, 0, 0, 0, 0, 0, 0, 0, 0, 0, 0, 0, 0, 0, 0, 0, 0, 0, 0, 0, 0, 0, 0, -0.0047562425, -0.0044498397, -0.0041193664, -0.004291087, -0.004490808, -0.004984098, -0.005502533, -0.005992812, -0.006222572, -0.0066515873, -0.007045176, -0.0072310166, -0.0075823213, -0.007908174, -0.008206585, -0.00834414, -0.008595255, -0.008813507, -0.008910627, -0.009084078, -0.009233599, -0.009365136, -0.00942529, -0.009535546, -0.009629942, -0.009669654, -0.009730219, -0.009760832, -0.009763815, -0.009744491, -0.009692709, -0.00961244, -0.009563957, -0.00945463, -0.00933436, -0.009271969, -0.009143107, -0.009008324, -0.008864302, -0.008787789, -0.008623802, -0.008443573, -0.008347289, -0.008144543, -0.007931747, -0.007823423, -0.007605996, -0.0073898965, -0.007175259, -0.007067953, -0.006851469, -0.006629479, -0.0065157507, -0.00628241, -0.0060420963, -0.005798909, -0.0056782807, -0.005443196, -0.005221062, -0.0051157395, -0.0049164034, -0.0047297673, -0.004639547, -0.004462774, -0.0042871684, -0.004110766, -0.004022717, -0.0038482859, -0.0036796683, -0.003598872, -0.0034462537, -0.0033062282, -0.0031776286, -0.0031167, -0.0029992708, -0.0028847114, -0.0028279207, -0.0027149941, -0.0026047267, -0.0025514774, -0.0024505912, -0.0023586766, -0.0022757966, -0.002237317, -0.0021641538, -0.0020924695, -0.0020558385, -0.0019787583, -0.0018943133, -0.0018011058, -0.0017511607, -0.0016449518, -0.001534668, -0.001482755, -0.0014116274, -0.0014459033
0, 0, 0, 0, 0, 0, 0, 0, 0, 0, 0, 0, 0, 0, 0, 0, 0, 0, 0, 0, 0, 0, 0, 0, 0, 0, 0, 0, 0, 0, 0, 0, 0, 0, 0, 0, 0, 0, 0, 0, 0, 0, 0, 0, 0, 0, 0, 0, 0, 0, 0, 0, 0, 0, -0.0040122867, -0.0038105187, -0.0037760145, -0.004101673, -0.004332707, -0.0048411577, -0.005348873, -0.0058251335, -0.006049401, -0.006469955, -0.006859313, -0.007043903, -0.007395799, -0.007725409, -0.008030528, -0.008172661, -0.008433523, -0.0086609945, -0.008762105, -0.008939725, -0.009088882, -0.009214941, -0.009270897, -0.009370178, -0.009451749, -0.009484717, -0.009532371, -0.009551403, -0.009548995, -0.009520881, -0.009463034, -0.009380216, -0.009331683, -0.00922459, -0.0091090035, -0.009049116, -0.008924732, -0.008792051, -0.008646813, -0.00856817, -0.008396681, -0.008205145, -0.008102218, -0.007884466, -0.0076561207, -0.007540106, -0.0073084985, -0.0070805303, -0.006857132, -0.0067466474, -0.0065265545, -0.0063055134, -0.006193803, -0.005967694, -0.005738807, -0.0055095595, -0.0053959987, -0.0051735486, -0.0049602445, -0.0048571955, -0.0046580196, -0.0044662654, -0.00437208, -0.0041856864, -0.0040005404, -0.0038173331, -0.003727224, -0.0035526173, -0.0033889005, -0.0033120734, -0.0031691892, -0.0030399917, -0.0029218646, -0.0028657953, -0.0027574718, -0.0026515124, -0.0025989763, -0.002494949, -0.0023944539, -0.0023466381, -0.002257444, -0.0021781693, -0.002108387, -0.0020762552, -0.0020151953, -0.0019546025, -0.0019230845, -0.0018552288, -0.0017792217, -0.0016942585, -0.0016483814, -0.0015507301, -0.0014492206, -0.0014015975, -0.001337635, -0.0013730496
0, 0, 0, 0, 0, 0, 0, 0, 0, 0, 0, 0, 0, 0, 0, 0, 0, 0, 0, 0, 0, 0, 0, 0, 0, 0, 0, 0, 0, 0, 0, 0, 0, 0, 0, 0, 0, 0, 0, 0, 0, 0, 0, 0, 0, 0, 0, 0, 0, 0, 0, 0, 0, -0.0037889925, -0.0033883094, -0.0033217296, -0.003480773, -0.0038729825, -0.004107446, -0.004596535, -0.0050761052, -0.0055287066, -0.005743372, -0.0061503593, -0.0065311, -0.0067128134, -0.0070608626, -0.0073883208, -0.0076940525, -0.007837427, -0.008102571, -0.008335589, -0.0084395, -0.008621839, -0.008772036, -0.008894188, -0.008946158, -0.0090332655, -0.00909884, -0.009123396, -0.009154934, -0.0091616595, -0.009155326, -0.009124276, -0.009070641, -0.008997976, -0.008955997, -0.0088631, -0.008760261, -0.008705211, -0.0085864095, -0.008452974, -0.008301673, -0.008218821, -0.008038264, -0.007838969, -0.0077332654, -0.00751205, -0.0072827474, -0.007166634, -0.0069346335, -0.0067050653, -0.00647881, -0.0063666813, -0.0061436407, -0.005921923, -0.005811452, -0.005591617, -0.005374521, -0.0051616044, -0.0050570043, -0.004851522, -0.004650863, -0.0045518246, -0.0043552727, -0.0041597937, -0.0040622903, -0.0038684185, -0.0036775337, -0.003493392, -0.0034049898, -0.003238295, -0.0030873113, -0.0030179333, -0.0028904749, -0.0027752446, -0.0026685186, -0.002617226, -0.0025171752, -0.0024195132, -0.0023715924, -0.0022784043, -0.0021909408, -0.0021501228, -0.0020754228, -0.0020097326, -0.0019510793, -0.0019232471, -0.0018685526, -0.00181214, -0.0017823443, -0.0017184132, -0.0016483841, -0.0015721457, -0.0015317767, -0.0014471544, -0.0013601481, -0.001319778, -0.0012678392, -0.0013078105
0, 0, 0, 0, 0, 0, 0, 0, 0, 0, 0, 0, 0, 0, 0, 0, 0, 0, 0, 0, 0, 0, 0, 0, 0, 0, 0, 0, 0, 0, 0, 0, 0, 0, 0, 0, 0, 0, 0, 0, 0, 0, 0, 0, 0, 0, 0, 0, 0, 0, 0, 0, 0, -0.0031632686, -0.0029427921, -0.0029748736, -0.003237099, -0.003636697, -0.003856375, -0.0043034665, -0.0047410396, -0.0051595005, -0.005360562, -0.0057457034, -0.006109851, -0.0062842597, -0.006618463, -0.0069328677, -0.007225464, -0.0073626842, -0.00761676, -0.007842044, -0.007943262, -0.008122828, -0.008272044, -0.0083927475, -0.008442833, -0.008524077, -0.008580607, -0.0086000385, -0.008621285, -0.008620817, -0.008612875, -0.008583485, -0.008537466, -0.008477348, -0.008442517, -0.008363031, -0.00826959, -0.008216988, -0.0080978945, -0.007958374, -0.0077983406, -0.007711072, -0.007524914, -0.007326644, -0.0072244927, -0.007016301, -0.0068055433, -0.006699415, -0.006486074, -0.0062705805, -0.0060522715, -0.0059417076, -0.0057190643, -0.00549554, -0.005384415, -0.005165537, -0.004953704, -0.0047504692, -0.004651828, -0.0044592605, -0.004269955, -0.004175477, -0.003985511, -0.0037940608, -0.0036981883, -0.003508491, -0.0033251785, -0.003152712, -0.0030718332, -0.0029224015, -0.002789694, -0.0027289935, -0.0026167415, -0.002512628, -0.0024129867, -0.002364214, -0.0022683425, -0.0021760997, -0.0021319625, -0.002049024, -0.0019747692, -0.001941124, -0.0018805247, -0.0018267677, -0.0017762278, -0.0017509537, -0.0016988107, -0.0016433739, -0.0016143158, -0.0015539317, -0.0014913535, -0.0014270911, -0.001394358, -0.0013273329, -0.0012596542, -0.0012286971, -0.0011926081, -0.0012395408
0, 0, 0, 0, 0, 0, 0, 0, 0, 0, 0, 0, 0, 0, 0, 0, 0, 0, 0, 0, 0, 0, 0, 0, 0, 0, 0, 0, 0, 0, 0, 0, 0, 0, 0, 0, 0, 0, 0, 0, 0, 0, 0, 0, 0, 0, 0, 0, 0, 0, 0, 0, -0.0030965402, -0.0027231202, -0.002679609, -0.0027671761, -0.0030627046, -0.0034323789, -0.0036261114, -0.0040156776, -0.0043986877, -0.0047705406, -0.00495146, -0.005302181, -0.005636684, -0.0057970737, -0.0061039957, -0.00639072, -0.006654727, -0.006777807, -0.007005167, -0.0072079184, -0.007300116, -0.007467049, -0.0076103946, -0.0077305045, -0.007781702, -0.007865395, -0.007924365, -0.00794451, -0.007966879, -0.007967603, -0.00796098, -0.007935066, -0.007894902, -0.007841913, -0.007810536, -0.0077366796, -0.007645148, -0.0075918534, -0.007469081, -0.007323881, -0.007159707, -0.0070718466, -0.0068892953, -0.0067029954, -0.006609967, -0.0064263977, -0.0062455614, -0.0061551477, -0.0059715696, -0.005780241, -0.005578308, -0.00547322, -0.005256242, -0.0050344653, -0.0049233856, -0.0047047366, -0.004494492, -0.0042950828, -0.0041994215, -0.0040141162, -0.0038337475, -0.0037440665, -0.0035646001, -0.0033852179, -0.0032963988, -0.0031229723, -0.002958832, -0.0028076256, -0.0027375328, -0.0026085314, -0.0024926974, -0.0024386088, -0.0023353358, -0.002235347, -0.0021367222, -0.002088101, -0.0019936447, -0.0019056383, -0.0018650419, -0.0017919114, -0.0017301779, -0.0017030814, -0.0016548856, -0.0016112986, -0.0015679698, -0.0015453381, -0.001497559, -0.0014469685, -0.001421119, -0.0013698104, -0.0013201275, -0.0012721382, -0.0012484259, -0.0012003916, -0.0011519786, -0.0011300967, -0.0011092311, -0.0011626898
0, 0, 0, 0, 0, 0, 0, 0, 0, 0, 0, 0, 0, 0, 0, 0, 0, 0, 0, 0, 0, 0, 0, 0, 0, 0, 0, 0, 0, 0, 0, 0, 0, 0, 0, 0, 0, 0, 0, 0, 0, 0, 0, 0, 0, 0, 0, 0, 0, 0, 0, -0.0032397422, -0.0029191782, -0.0025757365, -0.0026115284, -0.002710163, -0.0029815573, -0.0032920765, -0.003451354, -0.0037699821, -0.0040859953, -0.0043971827, -0.004550474, -0.0048506293, -0.0051392606, -0.0052783177, -0.0055435854, -0.005790021, -0.006015221, -0.006119678, -0.00631251, -0.006485136, -0.006564878, -0.0067119533, -0.0068439054, -0.0069603175, -0.0070120236, -0.0071004652, -0.007167605, -0.007192057, -0.007223234, -0.007231069, -0.007227263, -0.0072056227, -0.0071681896, -0.007116765, -0.007085805, -0.0070120795, -0.0069209486, -0.0068679624, -0.0067471536, -0.0066068345, -0.006451509, -0.006369872, -0.006203192, -0.0060367538, -0.005955057, -0.005795751, -0.0056406436, -0.0055631823, -0.005403903, -0.005234176, -0.005049736, -0.0049522067, -0.0047483128, -0.004537333, -0.004431285, -0.004221849, -0.004019809, -0.003827598, -0.0037354217, -0.003557377, -0.0033854074, -0.0033007092, -0.003133485, -0.0029696852, -0.002889978, -0.0027369652, -0.002594669, -0.0024642989, -0.0024035347, -0.0022898235, -0.00218351, -0.0021320395, -0.0020306897, -0.0019299977, -0.001831181, -0.0017832585, -0.001692956, -0.0016132157, -0.0015778648, -0.0015168673, -0.0014675531, -0.0014463277, -0.0014085816, -0.0013736517, -0.0013382429, -0.0013199202, -0.0012822149, -0.001244456, -0.0012261987, -0.0011921156, -0.001160959, -0.0011313182, -0.0011162742, -0.0010838212, -0.0010486455, -0.0010326387, -0.0010213525, -0.0010782301
0, 0, 0, 0, 0, 0, 0, 0, 0, 0, 0, 0, 0, 0, 0, 0, 0, 0, 0, 0, 0, 0, 0, 0, 0, 0, 0, 0, 0, 0, 0, 0, 0, 0, 0, 0, 0, 0, 0, 0, 0, 0, 0, 0, 0, 0, 0, 0, 0, 0, -0.005356562, -0.0037159899, -0.003143772, -0.0027098984, -0.0027211686, -0.0027961421, -0.00299974, -0.003230058, -0.0033482, -0.0035869486, -0.0038260575, -0.004065304, -0.0041843723, -0.0044193366, -0.0046482715, -0.0047589676, -0.0049719885, -0.005171131, -0.005354664, -0.0054401755, -0.0055993656, -0.005743278, -0.0058103716, -0.005935479, -0.006050563, -0.006155396, -0.0062033474, -0.006288726, -0.006357069, -0.0063837967, -0.0064210626, -0.006435713, -0.0064346143, -0.006417254, -0.0063823853, -0.0063323537, -0.0063022226, -0.006231753, -0.0061475644, -0.006099907, -0.0059937225, -0.0058739646, -0.0057434263, -0.0056751315, -0.0055345395, -0.0053913128, -0.005319561, -0.005176168, -0.0050318334, -0.004958524, -0.004807324, -0.0046469746, -0.0044758264, -0.004386543, -0.0042026504, -0.0040151854, -0.0039215623, -0.0037364436, -0.0035563058, -0.0033820604, -0.003297012, -0.0031308595, -0.002968958, -0.0028894052, -0.0027339063, -0.0025842902, -0.0025124103, -0.0023761354, -0.0022499159, -0.0021328498, -0.0020772144, -0.001969983, -0.0018658101, -0.0018142543, -0.001712273, -0.0016128876, -0.001519297, -0.0014759336, -0.0013981224, -0.0013335906, -0.0013062812, -0.0012602076, -0.0012228788, -0.0012064328, -0.0011760151, -0.0011473174, -0.0011197007, -0.0011066382, -0.0010830087, -0.001064055, -0.0010564338, -0.0010442206, -0.001033516, -0.0010201829, -0.0010114237, -0.000987955, -0.0009579851, -0.00094390474, -0.00093545346, -0.0009918255
0, 0, 0, 0, 0, 0, 0, 0, 0, 0, 0, 0, 0, 0, 0, 0, 0, 0, 0, 0, 0, 0, 0, 0, 0, 0, 0, 0, 0, 0, 0, 0, 0, 0, 0, 0, 0, 0, 0, 0, 0, 0, 0, 0, 0, 0, 0, 0, 0, 0, -0.004251081, -0.0034229793, -0.003138686, -0.002902265, -0.002915931, -0.0029638454, -0.003092091, -0.003238991, -0.0033160262, -0.0034744672, -0.0036369273, -0.0038012834, -0.003883714, -0.0040474175, -0.004208044, -0.004287263, -0.004441776, -0.0045909425, -0.0047334447, -0.0048019644, -0.0049317684, -0.0050517344, -0.0051077646, -0.0052119372, -0.0053061144, -0.005389913, -0.005427755, -0.0054959347, -0.0055515054, -0.0055739307, -0.0056072883, -0.005622653, -0.005623358, -0.005611065, -0.005582002, -0.005538811, -0.005512733, -0.005452907, -0.0053843, -0.005346601, -0.00526572, -0.005176802, -0.0050801537, -0.005028599, -0.0049187723, -0.004798909, -0.00473513, -0.0046000117, -0.004455803, -0.0043807146, -0.004225863, -0.004066575, -0.0039056956, -0.0038253977, -0.0036667346, -0.0035117976, -0.0034358453, -0.003286041, -0.0031376001, -0.0029888046, -0.0029139507, -0.0027635724, -0.0026131067, -0.0025387486, -0.0023934506, -0.002255372, -0.002189552, -0.0020648518, -0.0019483971, -0.0018379991, -0.0017841818, -0.0016781458, -0.0015737482, -0.0015225605, -0.0014233041, -0.0013314832, -0.0012511091, -0.0012162796, -0.0011575613, -0.0011122503, -0.0010935958, -0.0010615258, -0.0010330483, -0.0010191696, -0.00099147, -0.0009647393, -0.00094199966, -0.0009331975, -0.0009223128, -0.0009208793, -0.00092299434, -0.00093016395, -0.0009359356, -0.0009341616, -0.00092893414, -0.0009089878, -0.00087962294, -0.0008654835, -0.0008571194, -0.0009117885
0, 0, 0, 0, 0, 0, 0, 0, 0, 0, 0, 0, 0, 0, 0, 0, 0, 0, 0, 0, 0, 0, 0, 0, 0, 0, 0, 0, 0, 0, 0, 0, 0, 0, 0, 0, 0, 0, 0, 0, 0, 0, 0, 0, 0, 0, 0, 0, 0, 0, -0.003474231, -0.0031512708, -0.0030776958, -0.003053334, -0.0031034646, -0.0031373356, -0.0032121593, -0.0032931382, -0.003336792, -0.0034293288, -0.0035275924, -0.0036277531, -0.0036774154, -0.003774808, -0.0038697338, -0.0039168373, -0.004011913, -0.0041095275, -0.004210491, -0.0042617666, -0.0043640416, -0.0044623124, -0.004508453, -0.004592045, -0.0046627554, -0.004719719, -0.0047436473, -0.0047836476, -0.004815378, -0.004828446, -0.0048487023, -0.0048603993, -0.004862251, -0.004857395, -0.004839885, -0.004809748, -0.004790637, -0.0047457046, -0.0046945717, -0.0046672793, -0.004610294, -0.004549894, -0.004483384, -0.004446956, -0.004365243, -0.0042678486, -0.004212533, -0.0040883333, -0.003948355, -0.0038740537, -0.003720916, -0.0035682688, -0.0034217427, -0.0033520733, -0.003220803, -0.0030982622, -0.0030391067, -0.0029217661, -0.0028017608, -0.002675317, -0.002609569, -0.0024733387, -0.0023341225, -0.0022649046, -0.0021302898, -0.0020031729, -0.00194304, -0.0018286981, -0.0017202863, -0.0016151668, -0.0015631014, -0.0014594248, -0.0013579794, -0.0013090802, -0.0012176012, -0.0011379847, -0.0010737008, -0.0010475278, -0.001005977, -0.0009750454, -0.0009619157, -0.0009369266, -0.000910534, -0.00089625525, -0.0008664822, -0.00083792966, -0.0008160229, -0.00080910453, -0.0008049126, -0.00081308966, -0.000820535, -0.0008380766, -0.0008523662, -0.00085674616, -0.00085358584, -0.00083641865, -0.0008095115, -0.000796831, -0.0007918486, -0.00084800925
0, 0, 0, 0, 0, 0, 0, 0, 0, 0, 0, 0, 0, 0, 0, 0, 0, 0, 0, 0, 0, 0, 0, 0, 0, 0, 0, 0, 0, 0, 0, 0, 0, 0, 0, 0, 0, 0, 0, 0, 0, 0, 0, 0, 0, 0, 0, 0, -0.010436977, -0.0072496375, -0.0039796494, -0.0032345082, -0.0031583086, -0.0031755771, -0.0032397294, -0.003268168, -0.003315885, -0.0033591425, -0.0033824262, -0.0034337759, -0.0034904222, -0.0035467187, -0.0035728524, -0.0036199186, -0.003660415, -0.0036793945, -0.0037191808, -0.0037658885, -0.003823085, -0.003855664, -0.0039266753, -0.0040000435, -0.0040351097, -0.0040971423, -0.004144482, -0.004175804, -0.004186114, -0.0041987635, -0.0042063696, -0.00420988, -0.0042178174, -0.0042268145, -0.0042313384, -0.0042370036, -0.0042344113, -0.004220277, -0.004208559, -0.004176812, -0.0041371468, -0.0041156607, -0.0040710345, -0.004025521, -0.0039769034, -0.00395007, -0.0038890312, -0.0038136726, -0.003769383, -0.0036668885, -0.0035481383, -0.0034842328, -0.003352251, -0.0032220273, -0.0030996888, -0.003042535, -0.0029360568, -0.0028364898, -0.0027876147, -0.0026877963, -0.0025813978, -0.002465776, -0.0024046064, -0.0022777177, -0.0021487086, -0.0020851942, -0.001963042, -0.0018491833, -0.001795422, -0.0016927191, -0.0015937729, -0.0014956438, -0.0014466163, -0.0013488618, -0.0012541424, -0.0012092041, -0.0011269324, -0.0010578225, -0.0010034327, -0.0009813345, -0.00094521634, -0.00091575313, -0.000901849, -0.0008732425, -0.0008417696, -0.0008250756, -0.00079133786, -0.0007608399, -0.0007384449, -0.00073163596, -0.0007279068, -0.0007360728, -0.00074337755, -0.00076030794, -0.0007746732, -0.0007807741, -0.0007795607, -0.00076870417, -0.0007508926, -0.00074342015, -0.00074870675, -0.00081136666
0, 0, 0, 0, 0, 0, 0, 0, 0, 0, 0, 0, 0, 0, 0, 0, 0, 0, 0, 0, 0, 0, 0, 0, 0, 0, 0, 0, 0, 0, 0, 0, 0, 0, 0, 0, 0, 0, 0, 0, 0, 0, 0, 0, 0, 0, 0, 0, -0.0057266396, -0.004792179, -0.0036184601, -0.0032057536, -0.0031686237, -0.0032141996, -0.0032896148, -0.003320442, -0.0033668904, -0.0034026427, -0.0034198158, -0.0034568938, -0.0034955265, -0.0035303135, -0.0035438212, -0.0035613363, -0.0035655035, -0.003564226, -0.0035605782, -0.003562135, -0.0035767595, -0.0035896027, -0.0036254264, -0.0036693586, -0.0036916682, -0.0037309094, -0.0037575774, -0.0037698003, -0.0037709035, -0.0037672278, -0.0037620713, -0.003761002, -0.0037644752, -0.0037765875, -0.0037849091, -0.0038018588, -0.0038132658, -0.003812776, -0.0038067678, -0.0037834016, -0.0037483552, -0.0037280743, -0.0036853086, -0.0036423034, -0.0035995096, -0.003577541, -0.0035302227, -0.0034755028, -0.0034441696, -0.0033725442, -0.0032895124, -0.0032445216, -0.0031507204, -0.003056204, -0.002964416, -0.002919916, -0.002832312, -0.0027434502, -0.0026972552, -0.0025991153, -0.0024920302, -0.0023767725, -0.002317044, -0.0021962656, -0.0020777364, -0.0020207784, -0.0019129525, -0.0018132955, -0.0017658824, -0.0016738708, -0.0015829914, -0.0014914355, -0.0014453456, -0.0013537537, -0.0012653997, -0.0012236165, -0.0011469065, -0.0010806177, -0.0010246021, -0.0009997686, -0.0009545433, -0.00091286504, -0.0008924414, -0.000851848, -0.00081212574, -0.00079305394, -0.0007582698, -0.0007299559, -0.0007100227, -0.0007034742, -0.00069756643, -0.0006993455, -0.00070226466, -0.00070997886, -0.0007175402, -0.0007222007, -0.0007229787, -0.0007212807, -0.0007177558, -0.0007182898, -0.0007382092, -0.0008104861
0, 0, 0, 0, 0, 0, 0, 0, 0, 0, 0, 0, 0, 0, 0, 0, 0, 0, 0, 0, 0, 0, 0, 0, 0, 0, 0, 0, 0, 0, 0, 0, 0, 0, 0, 0, 0, 0, 0, 0, 0, 0, 0, 0, 0, 0, 0, -0.0028243945, -0.003035655, -0.0029883625, -0.002883589, -0.0029191582, -0.0029744967, -0.0031057426, -0.0032227128, -0.003269638, -0.003343161, -0.0033978901, -0.0034211292, -0.0034642105, -0.003502405, -0.0035319307, -0.003541409, -0.0035470556, -0.0035352623, -0.0035241263, -0.0034961386, -0.0034689656, -0.003451277, -0.0034476435, -0.003451329, -0.0034663016, -0.003475795, -0.003493424, -0.0035043433, -0.0035059708, -0.0035039305, -0.0034971547, -0.0034925085, -0.0034925402, -0.0034999098, -0.0035174354, -0.0035287614, -0.0035529954, -0.0035721462, -0.0035794454, -0.0035770095, -0.003559926, -0.0035292439, -0.0035104349, -0.0034696911, -0.0034287542, -0.0033900486, -0.0033716622, -0.00333554, -0.0032984475, -0.003278692, -0.003235835, -0.0031873314, -0.0031611135, -0.0031050039, -0.003044592, -0.002979548, -0.0029448858, -0.0028694535, -0.0027841944, -0.002737431, -0.0026358762, -0.0025257345, -0.0024110493, -0.0023535974, -0.002241101, -0.0021351126, -0.0020851179, -0.0019907884, -0.0019018654, -0.0018583371, -0.0017710123, -0.0016817322, -0.0015905469, -0.0015448263, -0.0014547991, -0.0013684287, -0.0013274042, -0.001250244, -0.0011791276, -0.0011128144, -0.0010809391, -0.0010185955, -0.0009586814, -0.0009299249, -0.0008763646, -0.0008303138, -0.0008109151, -0.00077984144, -0.0007584999, -0.0007445771, -0.0007393631, -0.0007309353, -0.00072360394, -0.0007202145, -0.0007141795, -0.0007105768, -0.00071026245, -0.00071154576, -0.000716344, -0.0007243534, -0.00073139655, -0.0007630217, -0.00084284873
0, 0, 0, 0, 0, 0, 0, 0, 0, 0, 0, 0, 0, 0, 0, 0, 0, 0, 0, 0, 0, 0, 0, 0, 0, 0, 0, 0, 0, 0, 0, 0, 0, 0, 0, 0, 0, 0, 0, 0, 0, 0, 0, 0, 0, 0, 0, -0.0019717624, -0.0019706674, -0.0020661892, -0.0022759452, -0.002527961, -0.0026508542, -0.0028703143, -0.0030476672, -0.0031209355, -0.0032409125, -0.0033321586, -0.0033692732, -0.0034308545, -0.0034776372, -0.0035097187, -0.0035193588, -0.003525881, -0.003515322, -0.0035047876, -0.003475944, -0.0034437042, -0.0034149701, -0.0034036501, -0.0033886423, -0.0033829089, -0.0033825533, -0.0033839294, -0.00338453, -0.003382759, -0.003381159, -0.0033790087, -0.0033810753, -0.0033846507, -0.0033972561, -0.0034163746, -0.00342749, -0.0034498998, -0.0034678737, -0.0034763522, -0.003476325, -0.0034671095, -0.003447735, -0.0034353903, -0.0034080597, -0.003380218, -0.0033538789, -0.0033414387, -0.0033175594, -0.0032934954, -0.0032807828, -0.0032538068, -0.0032237195, -0.0032072766, -0.0031709217, -0.0031285656, -0.003077576, -0.003048188, -0.002980476, -0.0029001145, -0.002855462, -0.0027586154, -0.002655512, -0.0025511107, -0.0024999233, -0.0024014593, -0.0023094912, -0.0022655777, -0.0021801016, -0.0020944404, -0.0020503786, -0.0019589139, -0.0018631648, -0.0017653173, -0.0017168486, -0.0016225297, -0.0015335837, -0.0014914344, -0.0014107084, -0.0013331573, -0.001256567, -0.001218307, -0.0011419472, -0.0010682533, -0.0010337402, -0.00097233284, -0.000924108, -0.0009055556, -0.00087902474, -0.00086363044, -0.0008534118, -0.00084834313, -0.0008357211, -0.0008183939, -0.00080833555, -0.0007879172, -0.0007709953, -0.00076137576, -0.00075981976, -0.0007620009, -0.0007704965, -0.00077808544, -0.0008106041, -0.0008914824
0, 0, 0, 0, 0, 0, 0, 0, 0, 0, 0, 0, 0, 0, 0, 0, 0, 0, 0, 0, 0, 0, 0, 0, 0, 0, 0, 0, 0, 0, 0, 0, 0, 0, 0, 0, 0, 0, 0, 0, 0, 0, 0, 0, 0, 0, -0.0021237975, -0.0016240992, -0.001556291, -0.0016352399, -0.001876137, -0.0021692312, -0.0023136823, -0.0025795104, -0.0028064088, -0.002904809, -0.0030726686, -0.0032041445, -0.0032577105, -0.0033433638, -0.003403221, -0.0034429117, -0.0034561474, -0.0034720583, -0.0034753385, -0.0034735838, -0.0034644501, -0.0034506146, -0.0034344806, -0.0034263798, -0.0034117184, -0.0034001665, -0.003395416, -0.003388239, -0.0033836006, -0.003381262, -0.0033810958, -0.0033837997, -0.0033906158, -0.003395617, -0.003408031, -0.0034220924, -0.0034291204, -0.0034418555, -0.0034511937, -0.0034567039, -0.0034580762, -0.0034584776, -0.0034566196, -0.0034552782, -0.0034519318, -0.0034478956, -0.003442362, -0.0034386613, -0.0034285053, -0.003412564, -0.0034024096, -0.0033774453, -0.0033471473, -0.003330238, -0.0032930395, -0.0032509088, -0.0032019597, -0.0031746302, -0.0031133825, -0.0030437761, -0.0030062213, -0.0029266411, -0.0028430715, -0.0027590515, -0.0027175073, -0.0026357742, -0.0025551857, -0.002514506, -0.0024304967, -0.0023404525, -0.002292614, -0.002192089, -0.0020871588, -0.0019817702, -0.001930237, -0.0018315148, -0.0017397618, -0.0016965265, -0.0016139001, -0.0015338273, -0.0014535509, -0.0014131557, -0.0013327288, -0.0012557218, -0.0012200089, -0.0011569458, -0.0011075925, -0.0010882203, -0.0010591879, -0.001039295, -0.0010226723, -0.0010136048, -0.000991591, -0.00096370117, -0.00094807567, -0.000916072, -0.0008873309, -0.00086566695, -0.0008576609, -0.00084622693, -0.00084041554, -0.00084094354, -0.0008612446, -0.00093534536
0, 0, 0, 0, 0, 0, 0, 0, 0, 0, 0, 0, 0, 0, 0, 0, 0, 0, 0, 0, 0, 0, 0, 0, 0, 0, 0, 0, 0, 0, 0, 0, 0, 0, 0, 0, 0, 0, 0, 0, 0, 0, 0, 0, 0, -0.0016419331, -0.0015224157, -0.001336438, -0.0013122674, -0.0013998816, -0.0016104038, -0.0018771722, -0.0020159413, -0.0022871739, -0.0025357103, -0.0026489233, -0.0028497584, -0.0030142171, -0.0030825122, -0.003192791, -0.003272225, -0.0033280104, -0.0033493382, -0.0033837173, -0.0034115415, -0.003423647, -0.0034455645, -0.0034629742, -0.0034745042, -0.0034776733, -0.003478947, -0.0034751557, -0.003471806, -0.0034649433, -0.0034593602, -0.0034567455, -0.003457075, -0.0034608466, -0.0034674273, -0.0034713438, -0.0034790526, -0.0034846412, -0.0034865718, -0.0034881483, -0.0034882976, -0.0034893134, -0.0034912345, -0.003498449, -0.003511521, -0.0035195726, -0.0035370674, -0.003554403, -0.0035676572, -0.0035715632, -0.0035724058, -0.0035618274, -0.0035520417, -0.0035241512, -0.0034872412, -0.0034660965, -0.0034204954, -0.0033719754, -0.0033210756, -0.0032950547, -0.0032418182, -0.0031871523, -0.0031593502, -0.003102305, -0.0030424644, -0.0029791903, -0.002946099, -0.0028759066, -0.0027991326, -0.0027578273, -0.0026688743, -0.002571946, -0.0025209654, -0.0024158082, -0.0023096846, -0.002205832, -0.002155628, -0.0020596203, -0.0019698676, -0.0019272002, -0.0018452321, -0.0017660941, -0.0016880898, -0.0016495149, -0.0015738871, -0.0015023596, -0.0014690093, -0.001407927, -0.0013549562, -0.0013312714, -0.0012886294, -0.0012505398, -0.0012146198, -0.0011967183, -0.0011602785, -0.0011227056, -0.0011039015, -0.0010669556, -0.0010321456, -0.0009996288, -0.0009836718, -0.0009514882, -0.0009202695, -0.00090780284, -0.0009052484, -0.00096670067
0, 0, 0, 0, 0, 0, 0, 0, 0, 0, 0, 0, 0, 0, 0, 0, 0, 0, 0, 0, 0, 0, 0, 0, 0, 0, 0, 0, 0, 0, 0, 0, 0, 0, 0, 0, 0, 0, 0, 0, 0, 0, 0, -0.0014293399, -0.001060265, -0.0009352861, -0.0008418464, -0.00086832437, -0.0009103414, -0.0010365836, -0.0012056082, -0.001404448, -0.0015106786, -0.0017287817, -0.0019453121, -0.0020509495, -0.0022519387, -0.0024365901, -0.0025221563, -0.0026793107, -0.0028191842, -0.0029432192, -0.0030002403, -0.0031055354, -0.00320048, -0.0032441798, -0.003323571, -0.003391101, -0.0034463776, -0.0034691421, -0.0035054414, -0.0035307438, -0.003539855, -0.0035527002, -0.003561502, -0.0035688218, -0.003571938, -0.0035775641, -0.003581039, -0.0035819886, -0.0035822578, -0.0035819067, -0.003581449, -0.0035810857, -0.0035814191, -0.0035827914, -0.0035836413, -0.0035860017, -0.0035884867, -0.003589562, -0.0035909405, -0.0035904094, -0.0035887342, -0.0035875777, -0.0035841106, -0.0035781192, -0.0035735588, -0.0035598895, -0.0035387315, -0.003525121, -0.0034920753, -0.0034529099, -0.0034115247, -0.00339104, -0.0033526986, -0.0033186683, -0.0033026927, -0.0032700116, -0.003231457, -0.0031816072, -0.0031513677, -0.0030793862, -0.0029946805, -0.0029492683, -0.002856966, -0.0027688772, -0.0027284466, -0.002656476, -0.0025945494, -0.0025374962, -0.002508566, -0.0024460785, -0.0023744793, -0.002335585, -0.0022537266, -0.0021717444, -0.002096134, -0.0020624073, -0.0020039643, -0.0019551865, -0.0019325176, -0.0018858331, -0.0018312667, -0.001799607, -0.0017276079, -0.0016482435, -0.0015696173, -0.0015336226, -0.0014725841, -0.0014280378, -0.0014112217, -0.0013834132, -0.0013543724, -0.0013125942, -0.0012844347, -0.0012118631, -0.0011245151, -0.0010815583, -0.001024271, -0.0010558743
0, 0, 0, 0, 0, 0, 0, 0, 0, 0, 0, 0, 0, 0, 0, 0, 0, 0, 0, 0, 0, 0, 0, 0, 0, 0, 0, 0, 0, 0, 0, 0, 0, 0, 0, 0, 0, 0, 0, 0, 0, 0, 0, -0.0009852842, -0.0008127813, -0.00074249477, -0.00068627833, -0.0007209248, -0.00076210534, -0.0008781642, -0.001026713, -0.0011950061, -0.0012829955, -0.0014628196, -0.0016415187, -0.0017299869, -0.0019047429, -0.0020778384, -0.0021640724, -0.0023357826, -0.0025054412, -0.0026686823, -0.0027463764, -0.0028916965, -0.0030186886, -0.003074249, -0.0031689433, -0.0032439462, -0.003302303, -0.0033269362, -0.003369501, -0.0034061084, -0.0034224058, -0.0034517308, -0.0034760116, -0.0034948122, -0.003501621, -0.0035101562, -0.0035115862, -0.0035106554, -0.003507031, -0.0035046698, -0.0035046635, -0.0035080495, -0.003513726, -0.0035181234, -0.0035182883, -0.0035125017, -0.003496141, -0.0034840677, -0.0034541576, -0.0034204712, -0.0033893092, -0.0033765037, -0.0033585231, -0.0033505962, -0.0033492055, -0.0033480958, -0.0033439184, -0.0033388936, -0.0033209051, -0.003292576, -0.003256988, -0.0032384014, -0.0032020316, -0.0031691995, -0.0031539635, -0.0031234582, -0.0030879588, -0.0030415952, -0.0030133417, -0.0029463538, -0.0028693317, -0.0028295876, -0.0027534154, -0.0026886833, -0.0026625125, -0.002623015, -0.0025960451, -0.0025716668, -0.0025569815, -0.0025169998, -0.002459354, -0.0024243582, -0.0023461033, -0.002265641, -0.0021942372, -0.0021644018, -0.002118373, -0.002086593, -0.0020731974, -0.0020444833, -0.0020044076, -0.0019779354, -0.0019119137, -0.0018331301, -0.001752279, -0.0017149511, -0.0016520373, -0.0016079107, -0.0015920016, -0.0015664372, -0.0015373138, -0.0014905189, -0.0014573374, -0.001369867, -0.0012619398, -0.0012075664, -0.0011292634, -0.0011497913
0, 0, 0, 0, 0, 0, 0, 0, 0, 0, 0, 0, 0, 0, 0, 0, 0, 0, 0, 0, 0, 0, 0, 0, 0, 0, 0, 0, 0, 0, 0, 0, 0, 0, 0, 0, 0, 0, 0, 0, 0, 0, -0.0009510951, -0.00077664753, -0.000665949, -0.00063279446, -0.00061128807, -0.0006434162, -0.0006759962, -0.0007689471, -0.0008885541, -0.0010235225, -0.0010928845, -0.0012327267, -0.0013714131, -0.0014405703, -0.0015831812, -0.001735455, -0.0018167427, -0.0019898892, -0.0021745274, -0.0023616026, -0.0024526922, -0.0026225974, -0.0027678125, -0.002829387, -0.0029296118, -0.0030038492, -0.0030595104, -0.0030835797, -0.0031295419, -0.0031756742, -0.003199257, -0.0032451095, -0.003284817, -0.0033128797, -0.0033215997, -0.0033275187, -0.0033199154, -0.0033128061, -0.0032963865, -0.0032825586, -0.0032783886, -0.0032760634, -0.0032786236, -0.0032798403, -0.0032773684, -0.003261535, -0.0032278327, -0.0032045122, -0.0031483737, -0.0030871017, -0.0030313313, -0.0030085705, -0.0029759596, -0.0029612936, -0.0029592626, -0.002960814, -0.0029617243, -0.002959312, -0.0029450436, -0.0029183289, -0.0028823034, -0.0028630684, -0.0028261025, -0.0027948497, -0.0027818533, -0.0027590864, -0.0027362956, -0.0027074765, -0.0026895506, -0.0026463324, -0.0025961394, -0.0025708263, -0.002525045, -0.0024924567, -0.0024824922, -0.0024746906, -0.0024776072, -0.002480863, -0.002479164, -0.0024632004, -0.0024271372, -0.0024020667, -0.002342424, -0.0022800723, -0.002227085, -0.0022070135, -0.0021814334, -0.0021717942, -0.0021698757, -0.0021645802, -0.0021478063, -0.0021327129, -0.0020880604, -0.002027347, -0.0019595895, -0.0019265527, -0.0018676075, -0.0018217353, -0.0018029602, -0.0017688291, -0.0017283682, -0.0016692935, -0.0016299647, -0.0015299051, -0.0014089368, -0.0013480198, -0.0012574501, -0.0012728759
0, 0, 0, 0, 0, 0, 0, 0, 0, 0, 0, 0, 0, 0, 0, 0, 0, 0, 0, 0, 0, 0, 0, 0, 0, 0, 0, 0, 0, 0, 0, 0, 0, 0, 0, 0, 0, 0, 0, 0, 0, -0.0018607619, -0.0012002384, -0.00083642587, -0.00070992165, -0.0006818754, -0.0006619118, -0.0006760235, -0.00069450337, -0.0007526158, -0.0008331853, -0.0009276382, -0.0009774093, -0.0010783508, -0.0011801617, -0.0012322738, -0.0013438194, -0.0014711204, -0.001542423, -0.0017018388, -0.0018792977, -0.0020638844, -0.002154223, -0.002322832, -0.0024654758, -0.0025251347, -0.002621323, -0.0026917611, -0.0027465892, -0.0027714341, -0.0028222916, -0.0028772892, -0.0029063297, -0.00296269, -0.0030090462, -0.0030364415, -0.0030413948, -0.0030335612, -0.0030058578, -0.0029875154, -0.002947399, -0.0029108282, -0.002895793, -0.0028732973, -0.002857868, -0.0028424666, -0.0028321845, -0.0028009086, -0.002752641, -0.0027223434, -0.0026534211, -0.002581424, -0.0025166036, -0.002489544, -0.0024479255, -0.0024228345, -0.0024150002, -0.0024039596, -0.0023912715, -0.002382172, -0.0023562647, -0.0023206596, -0.0022807573, -0.0022613693, -0.0022284337, -0.002207463, -0.0022018955, -0.0021989928, -0.0022028168, -0.0022073232, -0.0022081088, -0.0022053504, -0.0021978, -0.0021934835, -0.0021876637, -0.0021906602, -0.0021964666, -0.0022157754, -0.0022420576, -0.0022683635, -0.0022791286, -0.0022920202, -0.0022906025, -0.0022849003, -0.0022665237, -0.0022457174, -0.0022311285, -0.0022283574, -0.0022324617, -0.002247158, -0.0022561043, -0.002271846, -0.0022780374, -0.0022754695, -0.002257269, -0.0022228658, -0.0021767141, -0.0021512373, -0.0020991934, -0.0020480694, -0.0020227132, -0.001969728, -0.0019073326, -0.0018284299, -0.001781187, -0.0016700622, -0.001543003, -0.001480022, -0.0013863788, -0.0014035895
0, 0, 0, 0, 0, 0, 0, 0, 0, 0, 0, 0, 0, 0, 0, 0, 0, 0, 0, 0, 0, 0, 0, 0, 0, 0, 0, 0, 0, 0, 0, 0, 0, 0, 0, 0, 0, 0, 0, 0, -0.0020509423, -0.0017956515, -0.0013434093, -0.0010729831, -0.0009509845, -0.00091759284, -0.0008784868, -0.00086293364, -0.00086231873, -0.00087485136, -0.000904765, -0.0009493572, -0.0009760142, -0.0010355011, -0.001102884, -0.0011400806, -0.0012244032, -0.0013258663, -0.0013844225, -0.0015162112, -0.0016640521, -0.0018179171, -0.0018934616, -0.0020326825, -0.0021512033, -0.0022010868, -0.0022838325, -0.002348487, -0.0024043936, -0.0024316642, -0.0024875945, -0.0025465442, -0.0025757547, -0.0026284154, -0.0026641546, -0.0026746485, -0.0026689495, -0.0026370795, -0.002583465, -0.0025517517, -0.0024855935, -0.0024225714, -0.0023936345, -0.0023420686, -0.0022958287, -0.00224953, -0.0022245052, -0.0021677096, -0.002101484, -0.0020656278, -0.0019918254, -0.001921117, -0.0018592328, -0.0018326178, -0.0017877559, -0.0017509355, -0.0017341567, -0.001700306, -0.0016631, -0.001642618, -0.0015986969, -0.0015547269, -0.0015173709, -0.0015032561, -0.0014871979, -0.0014889289, -0.0014964406, -0.0015226637, -0.0015593971, -0.0016013548, -0.0016226541, -0.0016638272, -0.0017027511, -0.0017214806, -0.0017596219, -0.0018006174, -0.0018227278, -0.0018702938, -0.0019207471, -0.0019723426, -0.0019978865, -0.002047397, -0.0020939892, -0.002115844, -0.002157068, -0.0021960062, -0.0022346906, -0.0022541736, -0.0022928433, -0.0023293637, -0.0023460637, -0.0023745107, -0.0023944888, -0.0024006688, -0.0024040306, -0.002394455, -0.0023711156, -0.0023542824, -0.0023109452, -0.0022548412, -0.0022221608, -0.002147415, -0.0020597193, -0.0019586985, -0.0019031327, -0.0017824546, -0.0016530255, -0.0015904907, -0.0014993699, -0.0015224695
0, 0, 0, 0, 0, 0, 0, 0, 0, 0, 0, 0, 0, 0, 0, 0, 0, 0, 0, 0, 0, 0, 0, 0, 0, 0, 0, 0, 0, 0, 0, 0, 0, 0, 0, 0, 0, 0, 0, -0.0040099476, -0.0026462923, -0.0021703157, -0.0016969922, -0.0014852927, -0.0013720618, -0.0013330219, -0.0012713938, -0.0012214442, -0.001199924, -0.0011619134, -0.0011343032, -0.0011201064, -0.0011188961, -0.0011295096, -0.0011581397, -0.001179294, -0.0012348852, -0.0013079105, -0.0013500378, -0.0014440711, -0.0015468777, -0.0016500826, -0.0016997606, -0.0017905609, -0.0018678268, -0.0019014216, -0.0019615446, -0.002015842, -0.0020687918, -0.002095705, -0.0021493842, -0.002199177, -0.0022201447, -0.002249236, -0.00225516, -0.0022325225, -0.002210792, -0.0021500504, -0.0020731958, -0.0020318294, -0.0019485215, -0.0018676036, -0.0018283256, -0.0017510811, -0.0016719801, -0.001587798, -0.0015434498, -0.001451318, -0.0013581545, -0.0013131412, -0.0012299727, -0.0011588228, -0.0011000439, -0.0010743152, -0.0010265805, -0.0009789928, -0.00095370744, -0.00089928275, -0.00084188976, -0.000813379, -0.0007614535, -0.00072283123, -0.0007036148, -0.0007025051, -0.0007172082, -0.0007514751, -0.0007745911, -0.00082942576, -0.00089258305, -0.00096155895, -0.0009976622, -0.0010729007, -0.0011518856, -0.0011926255, -0.0012761763, -0.0013611608, -0.0014037945, -0.0014889304, -0.0015734859, -0.0016591406, -0.0017032203, -0.0017953436, -0.0018936868, -0.0019448174, -0.0020487518, -0.0021502245, -0.0022432352, -0.0022850889, -0.0023567276, -0.0024113057, -0.0024327943, -0.0024666055, -0.0024916204, -0.0025018812, -0.00251851, -0.0025276232, -0.0025243883, -0.0025162974, -0.0024841544, -0.0024281137, -0.0023912115, -0.0023014708, -0.002194134, -0.0020747876, -0.0020120207, -0.0018818417, -0.0017488463, -0.001685718, -0.001595301, -0.0016229982
0, 0, 0, 0, 0, 0, 0, 0, 0, 0, 0, 0, 0, 0, 0, 0, 0, 0, 0, 0, 0, 0, 0, 0, 0, 0, 0, 0, 0, 0, 0, 0, 0, 0, 0, 0, 0, 0, -0.005214964, -0.0038786442, -0.0028671254, -0.0025501025, -0.0022017423, -0.0020359862, -0.0019333559, -0.001890664, -0.0018124671, -0.0017341236, -0.0016933008, -0.0016095188, -0.0015255964, -0.0014498527, -0.0014181444, -0.0013712473, -0.0013503396, -0.0013496208, -0.0013665259, -0.0014020515, -0.0014242637, -0.0014726232, -0.0015213838, -0.0015651443, -0.0015845184, -0.0016181498, -0.0016464705, -0.0016602414, -0.0016891295, -0.0017225407, -0.0017607303, -0.001780262, -0.0018154321, -0.0018379651, -0.0018418686, -0.0018301073, -0.0017912355, -0.0017274534, -0.0016881778, -0.0016004299, -0.0015085505, -0.0014630632, -0.0013757071, -0.0012910288, -0.001247979, -0.0011566585, -0.0010534312, -0.00093600294, -0.0008732109, -0.00074422255, -0.00061881775, -0.00056056964, -0.00045845265, -0.00037686166, -0.00031274898, -0.0002850457, -0.00023225833, -0.0001767372, -0.00014681379, -8.3650564e-05, -2.1809577e-05, 5.7377683e-06, 4.694844e-05, 6.288946e-05, 4.9297094e-05, 3.1882057e-05, -2.0206959e-05, -8.80765e-05, -0.00012493847, -0.00020092272, -0.00027848003, -0.00036033156, -0.00040439866, -0.00050150807, -0.00061267486, -0.0006736648, -0.0008040857, -0.0009407, -0.0010094161, -0.0011447417, -0.0012752052, -0.001402941, -0.0014673407, -0.0016004686, -0.0017421906, -0.0018163518, -0.0019682322, -0.002117391, -0.0022529948, -0.002312819, -0.0024124123, -0.002484224, -0.0025109092, -0.0025509058, -0.0025804315, -0.0025935404, -0.0026188307, -0.0026407302, -0.0026528216, -0.0026522411, -0.0026321716, -0.0025821878, -0.002545552, -0.002451058, -0.0023341002, -0.0022030931, -0.0021342968, -0.0019924645, -0.0018486696, -0.0017805919, -0.0016820399, -0.0017073558
0, 0, 0, 0, 0, 0, 0, 0, 0, 0, 0, 0, 0, 0, 0, 0, 0, 0, 0, 0, 0, 0, 0, 0, 0, 0, 0, 0, 0, 0, 0, 0, 0, 0, 0, 0, 0, -0.004040968, -0.003895585, -0.0033943953, -0.0030112835, -0.0028909866, -0.0027424789, -0.0026501352, -0.0025710717, -0.002530784, -0.002445938, -0.0023492058, -0.002295556, -0.0021769055, -0.0020480757, -0.0019193144, -0.0018584488, -0.0017524593, -0.0016727337, -0.0016441017, -0.001607085, -0.0015904222, -0.0015866637, -0.00158094, -0.0015709728, -0.0015546172, -0.0015442338, -0.0015210457, -0.0014996049, -0.0014911805, -0.0014815534, -0.0014815388, -0.0014880529, -0.0014912316, -0.0014902026, -0.0014705131, -0.0014514439, -0.0013923517, -0.0013075785, -0.0012056888, -0.0011513847, -0.0010433052, -0.0009425458, -0.0008960606, -0.0008098359, -0.0007272059, -0.0006838359, -0.0005869806, -0.00047102757, -0.00033416506, -0.0002598159, -0.00010576051, 4.400709e-05, 0.000113247945, 0.0002344366, 0.00033053436, 0.00040487575, 0.0004364828, 0.0004945691, 0.0005519442, 0.00058112317, 0.000638867, 0.0006881238, 0.0007064476, 0.00072302436, 0.00070733734, 0.00065838627, 0.00062316225, 0.0005383493, 0.0004439444, 0.00039668693, 0.0003052669, 0.00021756616, 0.00012617168, 7.585e-05, -3.9955616e-05, -0.00018089506, -0.0002609892, -0.00043743537, -0.00062711036, -0.00072341633, -0.0009128191, -0.0010928912, -0.0012632726, -0.0013460036, -0.0015106811, -0.0016791471, -0.0017655609, -0.0019411469, -0.0021141223, -0.0022738972, -0.002345572, -0.00246812, -0.00256041, -0.0025962077, -0.0026515182, -0.002692711, -0.0027106088, -0.0027437476, -0.0027725468, -0.0027914748, -0.002794291, -0.0027808486, -0.002736374, -0.0027016827, -0.002608699, -0.0024892695, -0.0023506712, -0.0022760218, -0.0021183777, -0.0019545674, -0.001876086, -0.0017584626, -0.0017723517
0, 0, 0, 0, 0, 0, 0, 0, 0, 0, 0, 0, 0, 0, 0, 0, 0, 0, 0, 0, 0, 0, 0, 0, 0, 0, 0, 0, 0, 0, 0, 0, 0, 0, 0, 0, 0, -0.003431665, -0.003262065, -0.0031497139, -0.0031815527, -0.003209522, -0.0032483512, -0.003247488, -0.0032090659, -0.0031784545, -0.0030982622, -0.0029945895, -0.0029342899, -0.0027957044, -0.002639337, -0.0024744, -0.0023920739, -0.0022359886, -0.0020986986, -0.0020390765, -0.0019378914, -0.0018560372, -0.0018197161, -0.0017503205, -0.0016789692, -0.0016036046, -0.0015650472, -0.001489215, -0.0014197681, -0.0013884251, -0.0013349116, -0.0012905032, -0.0012504951, -0.0012295385, -0.0011799647, -0.0011131195, -0.0010715667, -0.0009723587, -0.0008557726, -0.00073034666, -0.0006676199, -0.00054743915, -0.0004387444, -0.0003891781, -0.00029723957, -0.0002078745, -0.0001610804, -5.7494333e-05, 6.3873376e-05, 0.00020387647, 0.00027930812, 0.00043434105, 0.0005848319, 0.00065475004, 0.0007785095, 0.0008783537, 0.00095639675, 0.0009890723, 0.0010462073, 0.0010966976, 0.0011197804, 0.001160116, 0.001186338, 0.001191436, 0.0011803618, 0.0011372629, 0.0010634122, 0.0010171251, 0.00091249304, 0.0008003334, 0.0007444276, 0.0006354171, 0.0005283143, 0.0004154612, 0.00035351657, 0.00021165253, 4.0455052e-05, -5.6337743e-05, -0.00026919265, -0.00049897964, -0.0006160172, -0.0008466681, -0.0010654454, -0.0012685928, -0.001364688, -0.0015491021, -0.001727813, -0.0018166797, -0.0019944538, -0.00216977, -0.0023362888, -0.002413738, -0.0025532336, -0.0026681756, -0.0027162214, -0.0027950108, -0.0028542057, -0.0028778992, -0.0029156462, -0.0029413765, -0.0029525096, -0.0029510022, -0.002930391, -0.0028818082, -0.0028462273, -0.002752954, -0.0026321355, -0.0024867791, -0.0024058984, -0.0022293772, -0.002040563, -0.0019485861, -0.0018060192, -0.0018034955
0, 0, 0, 0, 0, 0, 0, 0, 0, 0, 0, 0, 0, 0, 0, 0, 0, 0, 0, 0, 0, 0, 0, 0, 0, 0, 0, 0, 0, 0, 0, 0, 0, 0, 0, 0, -0.0043701585, -0.0034266354, -0.0032421115, -0.003241285, -0.003431705, -0.003532295, -0.0036873298, -0.0037639749, -0.00377134, -0.0037547469, -0.0036884148, -0.0035869179, -0.0035245179, -0.003380439, -0.0032139192, -0.0030315686, -0.002937414, -0.002749029, -0.0025665278, -0.0024793178, -0.0023157075, -0.0021649147, -0.0020932357, -0.0019543387, -0.0018186058, -0.001685062, -0.0016200478, -0.0014948155, -0.0013791942, -0.0013253904, -0.0012245205, -0.0011298476, -0.001036752, -0.0009891798, -0.00088878116, -0.00077920035, -0.0007211052, -0.0005985968, -0.0004706822, -0.00034227586, -0.00027941447, -0.00015767918, -4.17168e-05, 1.4122831e-05, 0.0001231119, 0.00023244311, 0.00028820094, 0.0004042913, 0.0005268813, 0.00065483735, 0.00071961386, 0.00084747316, 0.00096808065, 0.001023869, 0.0011239958, 0.0012070588, 0.0012732196, 0.0013003123, 0.0013448594, 0.001377187, 0.0013887371, 0.0014016858, 0.001398478, 0.0013892881, 0.0013536122, 0.0012931549, 0.0012091767, 0.0011594679, 0.0010477386, 0.0009242275, 0.0008591306, 0.0007245149, 0.00058298046, 0.00043192634, 0.00035134188, 0.00017620188, -2.0801035e-05, -0.00012758921, -0.0003553845, -0.00059654796, -0.0007193625, -0.0009629326, -0.0011973045, -0.0014161755, -0.0015191856, -0.0017131108, -0.0018929868, -0.0019793727, -0.0021475577, -0.0023113382, -0.0024701965, -0.002546943, -0.0026917993, -0.002821408, -0.002878803, -0.0029761763, -0.003047994, -0.0030737936, -0.0031059755, -0.0031141264, -0.0031003167, -0.0030856319, -0.003040987, -0.0029753065, -0.0029342137, -0.0028347902, -0.0027107873, -0.0025600109, -0.0024739727, -0.002281609, -0.002071242, -0.0019675877, -0.0018036739, -0.0017864526
0, 0, 0, 0, 0, 0, 0, 0, 0, 0, 0, 0, 0, 0, 0, 0, 0, 0, 0, 0, 0, 0, 0, 0, 0, 0, 0, 0, 0, 0, 0, 0, 0, 0, -0.011894668, -0.0105165, -0.0058177644, -0.0038785853, -0.0035806936, -0.0035113273, -0.003702756, -0.0038162249, -0.004011806, -0.004134982, -0.0041806614, -0.004178046, -0.004131374, -0.0040401, -0.003981056, -0.003840806, -0.0036758282, -0.003490863, -0.003392777, -0.0031885684, -0.0029782453, -0.0028717332, -0.002658612, -0.0024474561, -0.0023433452, -0.0021390142, -0.0019406904, -0.0017512892, -0.0016607334, -0.001488338, -0.0013282035, -0.001251976, -0.0011054626, -0.00096274586, -0.0008200425, -0.00074861315, -0.000605482, -0.00046477604, -0.00039654685, -0.0002660118, -0.00014455148, -3.0214758e-05, 2.5366397e-05, 0.00013668407, 0.00025195058, 0.0003119143, 0.00043678016, 0.00056533853, 0.0006297925, 0.0007539492, 0.0008682576, 0.0009686244, 0.0010131062, 0.0010916131, 0.0011581738, 0.0011881221, 0.001242481, 0.0012900383, 0.0013288314, 0.0013438627, 0.001363077, 0.0013653099, 0.001359575, 0.0013348947, 0.0012943724, 0.001268751, 0.0012078548, 0.0011336699, 0.0010457552, 0.0009962241, 0.00088373467, 0.0007512022, 0.00067698857, 0.0005134155, 0.0003319914, 0.00013818534, 3.8408587e-05, -0.00016549403, -0.00037351483, -0.00047904087, -0.0006929974, -0.0009114208, -0.0010221064, -0.0012452477, -0.0014676809, -0.0016834564, -0.0017870279, -0.001982146, -0.0021591596, -0.0022412075, -0.002394408, -0.002537563, -0.002674555, -0.0027414863, -0.0028714978, -0.0029934614, -0.0030491191, -0.0031439632, -0.0032097264, -0.003229648, -0.0032418242, -0.003220032, -0.003170591, -0.003138023, -0.0030609895, -0.0029715605, -0.0029226055, -0.0028145374, -0.0026881564, -0.0025363618, -0.0024487798, -0.0022505058, -0.0020308907, -0.0019221378, -0.0017484588, -0.0017230861
0, 0, 0, 0, 0, 0, 0, 0, 0, 0, 0, 0, 0, 0, 0, 0, 0, 0, 0, 0, 0, 0, 0, 0, 0, 0, 0, 0, 0, 0, 0, 0, 0, 0, -0.0063660475, -0.0060464456, -0.004688651, -0.0038140623, -0.0036567694, -0.0036527999, -0.0038317016, -0.003939216, -0.0041387174, -0.0042838627, -0.0043594525, -0.0043715495, -0.0043504075, -0.004277918, -0.004225867, -0.0040965914, -0.0039392416, -0.0037576724, -0.0036590325, -0.0034484153, -0.0032226169, -0.003104563, -0.0028596353, -0.0026065616, -0.002478547, -0.0022231033, -0.001973189, -0.0017350108, -0.0016211194, -0.0014053822, -0.0012033344, -0.0011070844, -0.0009208827, -0.00073943357, -0.0005605688, -0.00047264175, -0.000301376, -0.00014243502, -6.956411e-05, 6.0138384e-05, 0.00016897543, 0.00026265578, 0.0003068766, 0.00039604085, 0.0004944839, 0.0005482253, 0.00066502707, 0.0007870817, 0.0008469352, 0.0009553779, 0.0010405217, 0.0010962557, 0.0011136184, 0.0011315912, 0.0011352781, 0.0011351483, 0.0011348962, 0.0011370373, 0.0011380387, 0.0011356788, 0.0011189979, 0.0010809734, 0.0010531956, 0.0009814374, 0.00089426886, 0.00084756, 0.0007521018, 0.00065633043, 0.0005580503, 0.0005061374, 0.00039048304, 0.00025113724, 0.000170635, -1.248615e-05, -0.00021965985, -0.00043898012, -0.00054855435, -0.00076078874, -0.00095765205, -0.001050116, -0.001225899, -0.0013960104, -0.0014818027, -0.0016596651, -0.001847597, -0.0020417522, -0.0021385045, -0.0023236857, -0.0024897493, -0.0025639392, -0.0026944084, -0.002805079, -0.0029031138, -0.002949301, -0.0030383484, -0.003122947, -0.0031619086, -0.0032266392, -0.0032646302, -0.0032704703, -0.003253082, -0.0031992337, -0.003116995, -0.003068812, -0.0029649143, -0.0028566536, -0.0028017967, -0.0026883609, -0.0025634065, -0.0024169432, -0.0023329067, -0.002141687, -0.0019285784, -0.0018230665, -0.0016544852, -0.0016292597
0, 0, 0, 0, 0, 0, 0, 0, 0, 0, 0, 0, 0, 0, 0, 0, 0, 0, 0, 0, 0, 0, 0, 0, 0, 0, 0, 0, 0, 0, 0, 0, 0, -0.002710965, -0.0030985167, -0.0032246206, -0.0032341464, -0.0032416212, -0.003290745, -0.0034586394, -0.0036722403, -0.003781689, -0.00398505, -0.00414573, -0.0042489655, -0.0042773187, -0.004287827, -0.0042432463, -0.004202834, -0.0040914644, -0.00394419, -0.0037661584, -0.0036671348, -0.0034518042, -0.0032155814, -0.0030906557, -0.0028287394, -0.00255362, -0.0024127124, -0.0021279003, -0.0018453745, -0.0015716125, -0.001439696, -0.001186909, -0.00095004257, -0.0008373674, -0.00062149373, -0.00041643332, -0.000220205, -0.00012534474, 5.5742265e-05, 0.00021972733, 0.00029326192, 0.00041988346, 0.00051878794, 0.0005948209, 0.00062711694, 0.0006867848, 0.00074794696, 0.0007809221, 0.0008525714, 0.0009253519, 0.0009592023, 0.0010137045, 0.0010411195, 0.0010365052, 0.0010229262, 0.0009785526, 0.0009220157, 0.0008928387, 0.0008383341, 0.0007904759, 0.0007451987, 0.00072050246, 0.0006589916, 0.0005739971, 0.00052116707, 0.00039776904, 0.00025874824, 0.00018717334, 4.7445483e-05, -8.3162064e-05, -0.00020489474, -0.00026483246, -0.00038988338, -0.0005323095, -0.0006129439, -0.00079437945, -0.000997708, -0.0012090761, -0.0013125842, -0.0015048062, -0.0016701081, -0.0017422857, -0.0018696102, -0.0019846752, -0.0020423026, -0.0021656284, -0.0023051146, -0.0024592339, -0.002538739, -0.0026928203, -0.0028281098, -0.0028853368, -0.0029764762, -0.003038766, -0.003080536, -0.0030965914, -0.0031241525, -0.0031491078, -0.0031600932, -0.0031747003, -0.0031710116, -0.0031591775, -0.0031122267, -0.003034978, -0.0029338344, -0.002877677, -0.0027612976, -0.0026451584, -0.0025880998, -0.0024741087, -0.002354009, -0.0022177533, -0.0021407797, -0.0019674532, -0.0017756944, -0.0016811612, -0.0015319886, -0.0015148025
0, 0, 0, 0, 0, 0, 0, 0, 0, 0, 0, 0, 0, 0, 0, 0, 0, 0, 0, 0, 0, 0, 0, 0, 0, 0, 0, 0, 0, 0, 0, 0, -0.0014088068, -0.0015076238, -0.0017084, -0.0018395077, -0.0021424175, -0.0024716244, -0.0026310405, -0.002926128, -0.0031877405, -0.0033070948, -0.0035225502, -0.003699854, -0.003829448, -0.0038741005, -0.0039207577, -0.003910858, -0.0038860904, -0.0037988795, -0.0036662228, -0.0034932054, -0.003394072, -0.0031733473, -0.0029291857, -0.0028000798, -0.002531235, -0.0022505368, -0.0021068873, -0.0018143837, -0.0015199697, -0.0012281738, -0.0010851227, -0.0008073951, -0.0005458619, -0.00042191357, -0.00018916078, 2.4241106e-05, 0.00021917616, 0.00031070117, 0.00048223799, 0.0006361534, 0.00070530036, 0.00082488597, 0.00091694767, 0.0009806077, 0.0010026307, 0.0010300322, 0.0010406496, 0.0010418495, 0.0010373016, 0.0010245082, 0.0010141068, 0.000981571, 0.00092886883, 0.000852937, 0.00080691907, 0.0007030433, 0.0005907847, 0.00053396233, 0.00042314013, 0.0003174783, 0.00021404136, 0.00016058967, 4.3756045e-05, -9.273917e-05, -0.00016988732, -0.00034081854, -0.0005257337, -0.00061991264, -0.0008036547, -0.0009738387, -0.0011274152, -0.0011992556, -0.0013378954, -0.0014785422, -0.0015523792, -0.001709733, -0.0018781062, -0.002048472, -0.002130326, -0.002279135, -0.0024017147, -0.0024525553, -0.002536077, -0.0026050338, -0.002638235, -0.0027091259, -0.00279187, -0.002886116, -0.0029349988, -0.0030277318, -0.003102212, -0.0031290588, -0.0031589116, -0.0031584695, -0.0031353245, -0.0031183555, -0.0030796325, -0.0030397566, -0.0030201427, -0.00297988, -0.002932187, -0.0029032421, -0.0028321082, -0.0027417194, -0.0026356862, -0.0025789137, -0.0024624874, -0.0023469517, -0.002290158, -0.0021776159, -0.00206259, -0.0019381103, -0.0018703205, -0.0017226329, -0.001564556, -0.0014881938, -0.0013721643, -0.0013715194
0, 0, 0, 0, 0, 0, 0, 0, 0, 0, 0, 0, 0, 0, 0, 0, 0, 0, 0, 0, 0, 0, 0, 0, 0, 0, 0, 0, 0, 0, 0, 0, -0.0004784302, -0.00063722895, -0.0008092567, -0.0009344355, -0.0012598224, -0.0016332373, -0.0018161146, -0.0021505745, -0.0024365187, -0.0025636342, -0.0027898701, -0.0029803999, -0.0031316876, -0.003190291, -0.0032692575, -0.00329382, -0.0032851389, -0.0032264257, -0.0031146375, -0.0029542902, -0.0028580227, -0.0026390417, -0.0023938203, -0.0022643441, -0.001997091, -0.0017220479, -0.0015826658, -0.0012994388, -0.0010108673, -0.00071888074, -0.000572879, -0.00028503215, -1.0962553e-05, 0.000118185395, 0.00035625903, 0.00056464557, 0.00074455346, 0.0008248566, 0.00097017415, 0.0010977201, 0.0011552824, 0.0012566104, 0.0013352591, 0.0013844643, 0.0013961508, 0.0013918146, 0.0013498876, 0.0013165479, 0.0012285844, 0.0011197692, 0.00105978, 0.0009310406, 0.00079285214, 0.00064531126, 0.00056762446, 0.00040661462, 0.00023843399, 0.0001522532, -2.311825e-05, -0.0002000853, -0.00037814202, -0.00046772428, -0.00065040746, -0.00084060413, -0.000939675, -0.0011458956, -0.0013596434, -0.0014670817, -0.0016782313, -0.0018769098, -0.002057744, -0.0021406321, -0.0022919343, -0.0024270157, -0.0024901656, -0.0026111968, -0.0027271335, -0.0028375403, -0.0028893112, -0.002982866, -0.0030598189, -0.0030911348, -0.0031402828, -0.0031745518, -0.0031876557, -0.0032088687, -0.0032267824, -0.0032414496, -0.003246672, -0.0032491784, -0.0032359133, -0.0032214923, -0.0031756551, -0.003108737, -0.0030258263, -0.0029806898, -0.0028867575, -0.0027926848, -0.0027468337, -0.0026571834, -0.0025690296, -0.0025242998, -0.0024314173, -0.0023320334, -0.0022261208, -0.0021713006, -0.0020598234, -0.0019480964, -0.0018924313, -0.0017824011, -0.00167288, -0.0015624337, -0.0015061537, -0.0013916015, -0.0012785788, -0.0012272957, -0.0011582347, -0.0011836345
0, 0, 0, 0, 0, 0, 0, 0, 0, 0, 0, 0, 0, 0, 0, 0, 0, 0, 0, 0, 0, 0, 0, 0, 0, 0, 0, 0, 0, 0, 0.00078018545, 0.0006381243, 0.00021936127, 6.984007e-05, -7.3132855e-05, -0.00017395413, -0.00043876682, -0.0007563073, -0.0009196044, -0.0012318438, -0.0015124106, -0.0016394928, -0.0018693248, -0.0020670213, -0.0022295457, -0.0022961455, -0.0023954234, -0.0024453772, -0.002450199, -0.0024188182, -0.0023331246, -0.0021966647, -0.0021112224, -0.0019105463, -0.0016797527, -0.0015568433, -0.0013025802, -0.0010426932, -0.00091150997, -0.00064686575, -0.00037638802, -9.857976e-05, 4.2338892e-05, 0.00032407005, 0.0005960115, 0.0007244166, 0.00095829286, 0.0011556222, 0.0013144985, 0.0013803513, 0.0014905995, 0.0015795889, 0.0016180263, 0.001684315, 0.0017333861, 0.0017554251, 0.0017529608, 0.0017146763, 0.0016268409, 0.0015644927, 0.0014083827, 0.0012216, 0.0011210137, 0.00091317715, 0.0007032685, 0.0004935203, 0.00038763904, 0.00017142713, -5.5286255e-05, -0.00017378599, -0.0004212366, -0.0006796511, -0.0009419669, -0.0010717981, -0.0013246001, -0.0015663542, -0.0016833118, -0.001910362, -0.0021313773, -0.0022401381, -0.0024540636, -0.0026599446, -0.002852066, -0.002940563, -0.0030984725, -0.00322673, -0.0032798005, -0.0033658217, -0.0034297758, -0.0034791827, -0.003500252, -0.003537083, -0.0035673862, -0.0035793355, -0.003594858, -0.0035948798, -0.0035874739, -0.0035554604, -0.0035002844, -0.0034242037, -0.0033793633, -0.0032800166, -0.0031710386, -0.0031137187, -0.0029949653, -0.0028716498, -0.0027445797, -0.002679969, -0.0025486234, -0.0024157048, -0.0023494046, -0.0022182546, -0.0020920178, -0.0020312835, -0.0019147041, -0.0018038851, -0.0016963092, -0.0016432881, -0.0015377424, -0.0014326681, -0.0013805166, -0.0012784072, -0.0011814478, -0.0010929474, -0.0010526916, -0.0009812354, -0.0009241286, -0.00090339914, -0.00089207303, -0.00095166516
0, 0, 0, 0, 0, 0, 0, 0, 0, 0, 0, 0, 0, 0, 0, 0, 0, 0, 0, 0, 0, 0, 0, 0, 0, 0, 0, 0, 0, 0.000948192, 0.00079074735, 0.0007321133, 0.0006435262, 0.0006123283, 0.0005556012, 0.0005011001, 0.000337205, 0.00011544533, -8.483878e-06, -0.00026485897, -0.0005163176, -0.0006368353, -0.00086122804, -0.0010590649, -0.0012246965, -0.0012933192, -0.0013992279, -0.0014602846, -0.0014733433, -0.0014633054, -0.0014062175, -0.0013043968, -0.0012378999, -0.0010751806, -0.0008794982, -0.00077252486, -0.00054586766, -0.00030959843, -0.00019002234, 5.2591717e-05, 0.00029962097, 0.00055307883, 0.0006818209, 0.0009407318, 0.0011936822, 0.0013141205, 0.0015345593, 0.0017186092, 0.0018594342, 0.0019134916, 0.0019936766, 0.002043583, 0.0020599354, 0.00208038, 0.002082909, 0.002061804, 0.0020390174, 0.0019614391, 0.0018354045, 0.0017534387, 0.0015552439, 0.0013219069, 0.0011968827, 0.000939322, 0.0006803944, 0.00042264274, 0.00029316422, 2.7470332e-05, -0.00025408482, -0.00040308927, -0.0007170292, -0.0010476492, -0.001383254, -0.0015475866, -0.0018599293, -0.002143205, -0.0022726555, -0.0025091264, -0.0027231744, -0.0028251808, -0.003023093, -0.003216266, -0.003401275, -0.0034881027, -0.0036434785, -0.0037643295, -0.0038097359, -0.0038699177, -0.0038939908, -0.003893082, -0.0038871202, -0.003870243, -0.003850491, -0.0038394907, -0.0038106004, -0.0037643579, -0.0037313255, -0.0036395974, -0.0035114614, -0.0033513005, -0.003262326, -0.0030758942, -0.0028889538, -0.0027982895, -0.0026254372, -0.002463736, -0.0023088353, -0.0022320908, -0.0020761194, -0.0019147857, -0.0018321545, -0.0016663868, -0.0015057089, -0.0014297768, -0.0012901821, -0.0011674486, -0.001059314, -0.0010095406, -0.0009153296, -0.00082636223, -0.0007836305, -0.0007032895, -0.00063350855, -0.0005809034, -0.00056267803, -0.0005436449, -0.0005481838, -0.0005601356, -0.00060999766, -0.0007059768
0, 0, 0, 0, 0, 0, 0, 0, 0, 0, 0, 0, 0, 0, 0, 0, 0, 0, 0, 0, 0, 0, 0, 0, 0, 0, 0, 0, 0, 0.0005444075, 0.0006709692, 0.000732122, 0.00085631816, 0.0009658805, 0.0010277198, 0.0010335563, 0.0009920123, 0.00088577915, 0.00081265415, 0.00063671084, 0.00043505733, 0.00032974972, 0.00012180447, -7.080674e-05, -0.00023375629, -0.0003012953, -0.00040565067, -0.00046778726, -0.00048420645, -0.0004886747, -0.00045917122, -0.0003983763, -0.0003558204, -0.00024675112, -0.00010459202, -2.184758e-05, 0.00016393758, 0.0003690355, 0.00047632513, 0.00069530384, 0.00091672654, 0.001139129, 0.0012498768, 0.0014705604, 0.0016866477, 0.0017908831, 0.0019861471, 0.0021537913, 0.0022839026, 0.002333045, 0.0023988693, 0.0024248813, 0.0024248746, 0.002403934, 0.0023579642, 0.0022869224, 0.0022405046, 0.0021229142, 0.001967083, 0.0018739392, 0.001657826, 0.0014080035, 0.0012735899, 0.0009931867, 0.00070553523, 0.000413915, 0.00026617406, -3.7525282e-05, -0.00035844566, -0.00052688294, -0.0008795325, -0.0012476356, -0.0016185539, -0.0017995499, -0.0021411043, -0.0024452687, -0.0025810127, -0.0028208997, -0.0030265253, -0.0031206498, -0.0032988843, -0.0034704693, -0.0036359823, -0.0037142942, -0.0038549078, -0.0039632656, -0.004001544, -0.00404331, -0.004041248, -0.0040043537, -0.0039769155, -0.0039121006, -0.003839767, -0.0038012702, -0.0037161738, -0.003612519, -0.003550641, -0.0034013162, -0.0032157383, -0.0029993968, -0.0028838404, -0.0026479657, -0.0024190908, -0.0023109214, -0.0021094354, -0.0019261121, -0.0017528253, -0.0016672254, -0.0014924529, -0.0013094277, -0.0012149826, -0.0010249175, -0.00084236654, -0.00075748964, -0.0006065256, -0.00048308753, -0.00038535107, -0.00034438766, -0.0002744846, -0.00021707253, -0.00019212009, -0.00015108078, -0.00012540123, -0.00012116023, -0.00012873285, -0.00016428475, -0.00022655624, -0.0002672887, -0.00036966865, -0.00049660105
0, 0, 0, 0, 0, 0, 0, 0, 0, 0, 0, 0, 0, 0, 0, 0, 0, 0, 0, 0, 0, 0, 0, 0, 0, 0, 0, -0.00016303075, -6.789965e-05, 0.000234843, 0.00048559686, 0.00061243144, 0.00086428964, 0.0010918068, 0.0012703463, 0.0013373984, 0.0014198215, 0.0014343151, 0.0014169719, 0.001338351, 0.0012088137, 0.0011299168, 0.0009568647, 0.00078060734, 0.00062408624, 0.0005578244, 0.00045511327, 0.00039136145, 0.00037260706, 0.0003545295, 0.00035774044, 0.000377414, 0.00039375396, 0.00044422352, 0.0005247077, 0.0005785851, 0.0007136337, 0.0008810384, 0.00097322144, 0.0011670926, 0.0013614321, 0.001548203, 0.0016375717, 0.0018091311, 0.001973527, 0.0020534892, 0.0022095114, 0.002354074, 0.0024773118, 0.0025273315, 0.0025971304, 0.0026225056, 0.0026184774, 0.002578716, 0.0025019748, 0.0023944997, 0.0023308177, 0.0021851438, 0.0020142982, 0.0019189354, 0.0017063473, 0.0014637087, 0.0013315834, 0.0010499605, 0.0007508283, 0.00044021086, 0.00028175738, -4.142822e-05, -0.00037430253, -0.00054432265, -0.0008911328, -0.0012444411, -0.001596045, -0.0017680757, -0.002096288, -0.0023938576, -0.0025282612, -0.0027679214, -0.002971419, -0.0030622045, -0.0032280525, -0.0033785333, -0.003516765, -0.0035802464, -0.0036925634, -0.0037765582, -0.0038049286, -0.0038298646, -0.003810889, -0.0037525932, -0.0037113663, -0.0036111078, -0.0034939745, -0.0034298743, -0.0032912777, -0.0031358101, -0.0030505538, -0.0028628102, -0.0026515923, -0.0024211886, -0.00230165, -0.002061492, -0.0018296425, -0.0017193919, -0.0015112018, -0.0013172706, -0.0011307173, -0.001037937, -0.00085018616, -0.00065719226, -0.0005597178, -0.00036735425, -0.00018858448, -0.00010801775, 2.9596828e-05, 0.00013263969, 0.00020293494, 0.00022744869, 0.00025928047, 0.00027279003, 0.00027364588, 0.00026432678, 0.00023834663, 0.00019208663, 0.00016039294, 7.8858524e-05, -2.5539215e-05, -8.544512e-05, -0.00022061584, -0.00036636656
0, 0, 0, 0, 0, 0, 0, 0, 0, 0, 0, 0, 0, 0, 0, 0, 0, 0, 0, 0, 0, 0, 0, 0, 0, 0, -0.000834841, -0.0004644724, -0.00030540666, -3.5120065e-05, 0.00023352937, 0.0003783295, 0.0006820673, 0.000979917, 0.0012454069, 0.0013599189, 0.001546594, 0.0016691313, 0.0017053058, 0.0017288795, 0.0016882907, 0.0016470001, 0.0015312688, 0.0013905829, 0.0012495219, 0.0011851754, 0.0010783047, 0.0010033416, 0.0009762774, 0.0009377818, 0.0009117148, 0.0008914965, 0.0008841041, 0.0008796585, 0.0009007506, 0.0009247449, 0.0010039746, 0.0011247982, 0.0011974524, 0.0013569351, 0.00151875, 0.0016677667, 0.0017347536, 0.0018542112, 0.001961258, 0.0020133818, 0.0021202997, 0.002232949, 0.0023451697, 0.002396768, 0.002480303, 0.0025241382, 0.0025283587, 0.0024987783, 0.0024233195, 0.0023112053, 0.0022452974, 0.0020994365, 0.0019397697, 0.001854687, 0.0016696008, 0.0014582057, 0.0013408983, 0.0010821566, 0.00079501135, 0.00048901414, 0.00033224162, 1.7538083e-05, -0.00029307828, -0.0004452978, -0.0007426474, -0.0010312239, -0.0013145128, -0.0014545316, -0.0017295603, -0.0019928007, -0.0021175195, -0.002348991, -0.002551953, -0.0026420287, -0.0028000139, -0.0029295993, -0.0030338543, -0.0030773801, -0.0031487038, -0.0031971815, -0.0032118428, -0.0032185789, -0.0031904695, -0.0031267083, -0.0030819008, -0.0029694356, -0.0028315263, -0.0027545542, -0.0025881669, -0.0024088891, -0.0023157934, -0.0021239426, -0.0019256091, -0.001721485, -0.0016177804, -0.00140965, -0.0012039517, -0.0011029016, -0.000904622, -0.0007108624, -0.0005207228, -0.00042660223, -0.00024153123, -6.208266e-05, 2.4223335e-05, 0.00018609918, 0.00032729565, 0.000387452, 0.00048362196, 0.00054605014, 0.0005762818, 0.0005807569, 0.0005711386, 0.000540879, 0.00051896134, 0.00046322515, 0.00039257956, 0.00030713444, 0.0002585854, 0.00015021033, 2.771013e-05, -3.875137e-05, -0.00018316878, -0.00033366168
0, 0, 0, 0, 0, 0, 0, 0, 0, 0, 0, 0, 0, 0, 0, 0, 0, 0, 0, 0, 0, 0, 0, 0, 0, 0, -0.00084216916, -0.0006269117, -0.0005266168, -0.0003289581, -9.555668e-05, 4.0269708e-05, 0.0003429955, 0.0006628371, 0.000971429, 0.0011144537, 0.0013680591, 0.0015699924, 0.0016500314, 0.0017640617, 0.0018157102, 0.0018179754, 0.0017791236, 0.0016941446, 0.0015819165, 0.0015229497, 0.0014087955, 0.001310429, 0.0012679535, 0.001194485, 0.0011307735, 0.0010708779, 0.0010424247, 0.0009918057, 0.0009600449, 0.0009557045, 0.0009769872, 0.0010398616, 0.0010854984, 0.0011947472, 0.0013118538, 0.0014177664, 0.0014629092, 0.0015365481, 0.0015944942, 0.0016216359, 0.0016816793, 0.0017576194, 0.0018497938, 0.0018988425, 0.001990209, 0.0020567654, 0.002075333, 0.002077816, 0.0020347682, 0.0019556475, 0.0019063866, 0.0017980733, 0.0016825099, 0.0016224763, 0.00149383, 0.0013432101, 0.0012560752, 0.0010540498, 0.00081654114, 0.0005541605, 0.0004187408, 0.00014982898, -0.000103856655, -0.00022213323, -0.00044011857, -0.00063774997, -0.0008272576, -0.00092291523, -0.0011208252, -0.0013277608, -0.0014329804, -0.0016381769, -0.0018262484, -0.0019099066, -0.0020509195, -0.0021533794, -0.0022194018, -0.0022410068, -0.0022678345, -0.0022795193, -0.0022808, -0.0022734464, -0.0022472332, -0.0021963876, -0.002160152, -0.002065612, -0.0019432687, -0.0018730778, -0.0017200498, -0.0015583267, -0.0014771952, -0.0013184701, -0.0011654163, -0.0010147542, -0.00093897304, -0.0007837977, -0.00062205753, -0.00053840596, -0.00036667296, -0.0001920783, -2.0325146e-05, 6.219111e-05, 0.00021541004, 0.00034912507, 0.00040775156, 0.00050736574, 0.00058284495, 0.00061135803, 0.00064978556, 0.00066383544, 0.0006554472, 0.00064311404, 0.0006027009, 0.0005425151, 0.0005056187, 0.00042047535, 0.00032326143, 0.00021815207, 0.00016361002, 5.1308292e-05, -6.49839e-05, -0.00012564004, -0.0002571237, -0.0004009233
0, 0, 0, 0, 0, 0, 0, 0, 0, 0, 0, 0, 0, 0, 0, 0, 0, 0, 0, 0, 0, 0, 0, 0, 0, -0.001194879, -0.00088464573, -0.0007689349, -0.00072790345, -0.00062704546, -0.00046505439, -0.0003572383, -9.634466e-05, 0.00020398297, 0.0005141144, 0.00066531583, 0.00094682834, 0.0011932326, 0.0013011589, 0.0014817317, 0.0016118736, 0.0016563106, 0.0016997464, 0.001683956, 0.0016164575, 0.0015674722, 0.0014508244, 0.0013235853, 0.001260733, 0.0011402781, 0.0010290669, 0.00092634733, 0.00087768474, 0.000787708, 0.0007120481, 0.00068171974, 0.0006427169, 0.00063756853, 0.00064732, 0.00068720436, 0.0007416028, 0.00079654536, 0.00082009274, 0.0008567736, 0.0008822235, 0.0008934437, 0.0009210675, 0.00096460996, 0.0010304302, 0.0010703552, 0.0011554718, 0.0012334419, 0.0012646087, 0.0013047239, 0.00131341, 0.0012955563, 0.0012796917, 0.0012415559, 0.0012005515, 0.0011794418, 0.0011332317, 0.0010716894, 0.0010309324, 0.0009241064, 0.00078198087, 0.0006125966, 0.0005224367, 0.00034314298, 0.00017836399, 0.000105024614, -2.1754247e-05, -0.00012685134, -0.00022452218, -0.0002756898, -0.00039033484, -0.00052522763, -0.00059900264, -0.00075072394, -0.0008946557, -0.00095879775, -0.0010626643, -0.0011288053, -0.0011586851, -0.0011630118, -0.0011587295, -0.0011485992, -0.0011440653, -0.0011369019, -0.0011273163, -0.0011068659, -0.0010903587, -0.0010407341, -0.00096785894, -0.0009234953, -0.00082363887, -0.0007178586, -0.0006659038, -0.00056841644, -0.00048026248, -0.00039646804, -0.00035375552, -0.00026148697, -0.00015712285, -9.996961e-05, 2.1836398e-05, 0.00014800136, 0.0002675323, 0.0003211789, 0.00040995816, 0.0004704608, 0.00048992137, 0.0005109803, 0.00051253435, 0.0005079615, 0.0004906135, 0.00046399067, 0.00042811077, 0.00040584445, 0.00035010942, 0.0002774686, 0.00023460742, 0.00013833506, 3.408547e-05, -7.060756e-05, -0.00012115295, -0.00021663574, -0.00030488407, -0.0003488073, -0.0004481468, -0.0005757952
0, 0, 0, 0, 0, 0, 0, 0, 0, 0, 0, 0, 0, 0, 0, 0, 0, 0, 0, 0, 0, 0, 0, 0, -0.0010725916, -0.0009503223, -0.0008529987, -0.0008522429, -0.00086452905, -0.0008676726, -0.00080440193, -0.000742022, -0.00055872224, -0.00031618227, -4.12355e-05, 9.951688e-05, 0.00037716926, 0.00063734915, 0.00075857993, 0.000978445, 0.001164012, 0.0012416638, 0.0013574725, 0.0014121052, 0.0013984367, 0.0013659906, 0.0012586117, 0.0011106387, 0.0010283844, 0.00085893256, 0.0006958477, 0.0005459093, 0.0004773326, 0.0003502314, 0.0002348401, 0.00018149722, 8.468924e-05, 6.1557907e-06, -2.4829966e-05, -6.911079e-05, -9.148075e-05, -9.8225406e-05, -9.726002e-05, -9.2117116e-05, -8.4871994e-05, -8.075902e-05, -6.828702e-05, -4.5860183e-05, -6.764381e-06, 2.000812e-05, 8.503794e-05, 0.00015917249, 0.00019673427, 0.0002682268, 0.0003320711, 0.00038820668, 0.00041429795, 0.0004641902, 0.00051420345, 0.0005396359, 0.00058951514, 0.0006322795, 0.0006481326, 0.0006632105, 0.00065268966, 0.00061901694, 0.00059635536, 0.000545601, 0.0004966955, 0.00047555607, 0.00044196896, 0.0004190437, 0.0003988685, 0.00038635265, 0.00035092505, 0.00029848717, 0.00026621862, 0.00019559605, 0.00012574824, 9.471666e-05, 4.564662e-05, 1.7717015e-05, 9.751134e-06, 1.1158243e-05, 1.8607298e-05, 2.2238744e-05, 2.023731e-05, 7.5711705e-06, -1.3698932e-05, -3.5501813e-05, -4.4592147e-05, -5.4703884e-05, -5.133913e-05, -4.4720324e-05, -2.3821089e-05, 1.4775105e-06, 1.3603249e-05, 3.3384214e-05, 4.6901292e-05, 5.8376616e-05, 6.534469e-05, 8.596995e-05, 0.00011754596, 0.00013716111, 0.0001816423, 0.00022666938, 0.00026192606, 0.0002725956, 0.00027571426, 0.0002529845, 0.00023313744, 0.00018183436, 0.000122251, 9.1926464e-05, 3.2863638e-05, -2.2744458e-05, -7.7881945e-05, -0.00010678759, -0.00017168203, -0.00024943368, -0.00029341783, -0.00038855773, -0.0004849934, -0.00057182234, -0.0006091887, -0.0006678701, -0.0007073431, -0.0007241474, -0.0007713562, -0.00087098236
0, 0, 0, 0, 0, 0, 0, 0, 0, 0, 0, 0, 0, 0, 0, 0, 0, 0, 0, 0, 0, 0, -0.002215086, -0.0015178885, -0.0011368631, -0.0008292066, -0.0007757276, -0.0008365949, -0.00088587205, -0.0009805865, -0.0010271579, -0.001022787, -0.0009517974, -0.00080476317, -0.0006014303, -0.0004863069, -0.00024179381, 8.249752e-06, 0.00013169403, 0.00036920607, 0.000588519, 0.0006880318, 0.0008579151, 0.00097241806, 0.0010135712, 0.0010031373, 0.0009219681, 0.00077211164, 0.00067886827, 0.00047339243, 0.00026309647, 6.685938e-05, -2.3528479e-05, -0.00018919431, -0.0003418039, -0.0004157798, -0.00056391454, -0.0007098002, -0.0007796349, -0.0009068121, -0.001010179, -0.0010837126, -0.0011087598, -0.0011377324, -0.0011460035, -0.0011456048, -0.0011398046, -0.001130406, -0.0011143336, -0.0011016319, -0.0010633005, -0.0010032118, -0.00096480886, -0.00087154086, -0.000759045, -0.00063114124, -0.0005638565, -0.0004251116, -0.00028498773, -0.00021477036, -7.3231524e-05, 6.944565e-05, 0.00014056556, 0.00028003703, 0.00041075953, 0.00053047057, 0.00058523833, 0.0006841066, 0.0007669781, 0.0008029848, 0.0008652458, 0.0009179755, 0.00096519734, 0.0009869119, 0.0010260609, 0.001059282, 0.0010733858, 0.0010963737, 0.0011136233, 0.0011198081, 0.0011264127, 0.0011256144, 0.0011169511, 0.0011099759, 0.0010897868, 0.001058766, 0.0010387056, 0.000989497, 0.0009297436, 0.000862527, 0.0008272902, 0.00075561856, 0.0006839813, 0.00064894464, 0.0005808659, 0.0005148413, 0.0004819833, 0.0004161059, 0.0003494262, 0.0002837253, 0.00025191085, 0.00019134751, 0.00013465641, 0.00010738112, 5.3475662e-05, -3.2298167e-06, -6.696248e-05, -0.00010303634, -0.00018505218, -0.00027909866, -0.00032891554, -0.00043086088, -0.0005300764, -0.00057732017, -0.0006662773, -0.00074825896, -0.00082663464, -0.0008657043, -0.00094599044, -0.0010311346, -0.0010751332, -0.001160406, -0.0012333017, -0.001282762, -0.0012957242, -0.0012953922, -0.0012639194, -0.0012423091, -0.0012161346, -0.0012728764
0, 0, 0, 0, 0, 0, 0, 0, 0, 0, 0, 0, 0, 0, 0, 0, 0, 0, 0, 0, 0, -0.0025094023, -0.0018655014, -0.0012972506, -0.0010491941, -0.0007496227, -0.0006622725, -0.00071042817, -0.0007676235, -0.0009128399, -0.0010548511, -0.0011109714, -0.0011714342, -0.00115351, -0.0010603816, -0.0009891079, -0.0008087278, -0.00059202954, -0.0004757901, -0.00023709395, -1.0412319e-06, 0.000112201946, 0.00031842763, 0.00047922548, 0.00057228224, 0.000587278, 0.0005483326, 0.000423581, 0.00033425892, 0.00011887067, -0.00012126311, -0.00035801652, -0.00046983574, -0.0006773447, -0.00086849404, -0.00096188637, -0.0011517766, -0.0013479169, -0.0014469324, -0.0016382881, -0.0018085381, -0.0019429205, -0.001993856, -0.0020635177, -0.002097095, -0.002105035, -0.0021132499, -0.0021199018, -0.0021272495, -0.0021284963, -0.002117291, -0.0020753737, -0.0020396414, -0.0019347239, -0.0017859723, -0.001601098, -0.0014994912, -0.0012870283, -0.0010714466, -0.00096406473, -0.00074833893, -0.000525998, -0.00041068773, -0.000169766, 8.218987e-05, 0.00033894542, 0.00046554735, 0.0007065369, 0.0009191681, 0.001012319, 0.0011718102, 0.0013023093, 0.0014159683, 0.0014704785, 0.0015799416, 0.0016913433, 0.0017470113, 0.0018524346, 0.0019417065, 0.001976447, 0.0020202321, 0.0020258366, 0.0019962906, 0.0019711042, 0.001905493, 0.0018264961, 0.0017834209, 0.0016918452, 0.0015927883, 0.0014830924, 0.0014235299, 0.0012936207, 0.0011493939, 0.0010732518, 0.0009158058, 0.00075679785, 0.0006781313, 0.0005242418, 0.0003747458, 0.00022854118, 0.00015597047, 1.0190937e-05, -0.00013882403, -0.00021468708, -0.00036845502, -0.0005228833, -0.0006752718, -0.00075030344, -0.00089629303, -0.0010368073, -0.001104597, -0.0012352578, -0.0013597242, -0.0014202457, -0.0015390189, -0.0016546291, -0.0017666856, -0.0018207551, -0.0019225146, -0.0020127282, -0.0020516475, -0.0021109032, -0.0021375944, -0.002122686, -0.002097955, -0.0020140507, -0.0018906076, -0.0018214352, -0.0017063752, -0.0017088273
0, 0, 0, 0, 0, 0, 0, 0, 0, 0, 0, 0, 0, 0, 0, 0, 0, 0, 0, 0, -0.0019226201, -0.0018428479, -0.0015079958, -0.0011343479, -0.00095717295, -0.0006728553, -0.00051406136, -0.00048437534, -0.00051450107, -0.0006460706, -0.00083557307, -0.0009364352, -0.00111975, -0.0012463244, -0.00129497, -0.0012873925, -0.001210443, -0.0010613707, -0.0009662136, -0.00074552087, -0.00050548324, -0.0003844691, -0.0001528834, 4.572799e-05, 0.00018804272, 0.00023085473, 0.00025051954, 0.00017930365, 0.000111196445, -7.9145684e-05, -0.00031930555, -0.00058066595, -0.0007112145, -0.0009617178, -0.0011960324, -0.0013092476, -0.0015335368, -0.0017610503, -0.0018754775, -0.00209978, -0.002305809, -0.0024799635, -0.00255134, -0.0026614172, -0.0027317547, -0.002755958, -0.0027945458, -0.0028303585, -0.0028670891, -0.0028832569, -0.0029008915, -0.0028816564, -0.0028531717, -0.0027518442, -0.0025904537, -0.0023768807, -0.002255823, -0.001997683, -0.0017316808, -0.001598324, -0.0013303399, -0.0010526261, -0.0009072253, -0.0005984963, -0.00026449253, 8.630014e-05, 0.00026368015, 0.00060916325, 0.00092511566, 0.0010669277, 0.001315025, 0.0015218642, 0.001702215, 0.0017875002, 0.001956493, 0.002124283, 0.0022064662, 0.002359778, 0.0024843658, 0.0025303105, 0.002581781, 0.002575347, 0.002517301, 0.0024734163, 0.0023665691, 0.0022462679, 0.0021836245, 0.0020552631, 0.0019195707, 0.0017694863, 0.0016862385, 0.001500231, 0.0012880932, 0.0011734846, 0.00093375135, 0.00068965444, 0.0005692144, 0.00033460793, 0.0001089658, -0.000110815745, -0.00022006281, -0.00044044136, -0.00066574797, -0.00078027765, -0.0010092957, -0.0012321494, -0.001441276, -0.0015393276, -0.0017207384, -0.001885625, -0.0019635027, -0.0021141043, -0.0022635055, -0.0023391636, -0.002492765, -0.002646315, -0.0027913598, -0.002857333, -0.0029686955, -0.0030438176, -0.0030649207, -0.0030693472, -0.0030194672, -0.0029131095, -0.0028393199, -0.0026538156, -0.0024286448, -0.0023104995, -0.0021073218, -0.0020545989
0, 0, 0, 0, 0, 0, 0, 0, 0, 0, 0, 0, 0, 0, 0, 0, 0, 0, 0, -0.0019232808, -0.0016065149, -0.001501108, -0.0013079171, -0.001061237, -0.00091587077, -0.0006139742, -0.00035678962, -0.00020107039, -0.00017165029, -0.000213631, -0.00037376097, -0.0004857781, -0.0007405586, -0.0009912981, -0.0011922024, -0.0012624249, -0.0013291693, -0.0012929249, -0.0012384317, -0.0010706773, -0.00084853434, -0.0007265702, -0.0004783017, -0.00024498388, -5.0796956e-05, 2.4372e-05, 0.00011896597, 0.00012808059, 9.845062e-05, -2.635134e-05, -0.00022794046, -0.00048501178, -0.0006250147, -0.000911315, -0.0011908459, -0.0013252334, -0.0015836549, -0.001830401, -0.0019495448, -0.0021766813, -0.0023842629, -0.0025657904, -0.0026455456, -0.0027804698, -0.0028859216, -0.002929957, -0.0030077645, -0.0030813513, -0.0031534717, -0.0031866045, -0.0032366654, -0.0032500296, -0.0032373003, -0.0031664257, -0.003031305, -0.0028360055, -0.002719612, -0.0024612595, -0.002181816, -0.0020372684, -0.0017413339, -0.0014309043, -0.0012676548, -0.0009219201, -0.00055032724, -0.00015905604, 3.9803268e-05, 0.0004327048, 0.00080218934, 0.00097278744, 0.0012808644, 0.0015469164, 0.0017804989, 0.0018885263, 0.0020939012, 0.0022847091, 0.00237293, 0.0025289487, 0.002645366, 0.0026843718, 0.0027180822, 0.0026917774, 0.002613476, 0.002559439, 0.0024325748, 0.0022910228, 0.00221672, 0.0020614855, 0.0018919527, 0.0016998391, 0.0015929193, 0.0013540413, 0.0010829906, 0.000937429, 0.0006357244, 0.00033030522, 0.00018008112, -0.00011092835, -0.0003896163, -0.0006593588, -0.0007922222, -0.0010573417, -0.0013228245, -0.0014552812, -0.0017160071, -0.0019632298, -0.0021906926, -0.0022956817, -0.0024899563, -0.00266959, -0.0027567318, -0.0029310216, -0.0031102088, -0.0032022987, -0.0033876621, -0.003566031, -0.003720482, -0.0037832647, -0.0038693724, -0.0038929738, -0.0038788498, -0.003797231, -0.0036460147, -0.0034331966, -0.0033065842, -0.0030208349, -0.0027065154, -0.0025491707, -0.0022805552, -0.0021873582
0, 0, 0, 0, 0, 0, 0, 0, 0, 0, 0, 0, 0, 0, 0, 0, 0, 0, -0.0006737785, -0.0010677201, -0.0012393716, -0.0012574174, -0.0012237012, -0.0010684289, -0.000940272, -0.0006106064, -0.00024782773, 6.187627e-05, 0.00017554266, 0.00029295697, 0.00025083183, 0.00017405079, -6.541724e-05, -0.0003756423, -0.0006968591, -0.0008434315, -0.0010758636, -0.0011972075, -0.0012105203, -0.0011469664, -0.0009835332, -0.00087481196, -0.0006267248, -0.0003646438, -0.00011520229, -3.7567916e-06, 0.00017995249, 0.00029469025, 0.00032052372, 0.00030128102, 0.00018291337, -2.6229885e-05, -0.0001577166, -0.00045527084, -0.0007694441, -0.0009244125, -0.0012199602, -0.0014859585, -0.0016071206, -0.0018244066, -0.0020107145, -0.0021710864, -0.002243468, -0.0023751564, -0.0024920348, -0.0025465658, -0.002650134, -0.0027515446, -0.00285049, -0.0028975655, -0.00297914, -0.0030341272, -0.0030476053, -0.003040106, -0.0029810218, -0.0028650465, -0.0027862075, -0.00259063, -0.0023516258, -0.0022185554, -0.0019296546, -0.0016127143, -0.0014447125, -0.0010922872, -0.00072212867, -0.00034203072, -0.00015062178, 0.00022747522, 0.0005903374, 0.0007625209, 0.0010838049, 0.0013719308, 0.0016272166, 0.0017430201, 0.001951478, 0.0021276276, 0.0022022522, 0.0023215949, 0.0023967845, 0.0024168424, 0.0024200776, 0.0023775762, 0.0022960927, 0.0022436292, 0.0021207621, 0.0019778959, 0.0018989989, 0.0017241075, 0.0015234164, 0.001291909, 0.0011641122, 0.00088488683, 0.00057889946, 0.00041902025, 9.3521994e-05, -0.00022933904, -0.00038733144, -0.00069311383, -0.0009851856, -0.0012660255, -0.0014029352, -0.0016698121, -0.0019288221, -0.002055078, -0.0022987651, -0.0025277522, -0.00274129, -0.0028429844, -0.0030399875, -0.00323542, -0.0033349, -0.0035382549, -0.0037460553, -0.003849313, -0.0040462497, -0.004215492, -0.0043373, -0.004374545, -0.0043927394, -0.004328772, -0.004265213, -0.0040787417, -0.0038218272, -0.003509679, -0.0033382324, -0.0029768317, -0.0026090108, -0.0024331564, -0.0021425989, -0.0020369587
0, 0, 0, 0, 0, 0, 0, 0, 0, 0, 0, 0, 0, 0, 0, 0, 0, 0.0016386503, 0.0007336565, -0.00024668858, -0.00076813705, -0.0009355384, -0.0011230225, -0.0011041418, -0.0010142459, -0.0006950506, -0.00025522054, 0.00020448565, 0.00041116623, 0.00073113776, 0.00088436314, 0.000891059, 0.00077080453, 0.0005006899, 0.0001350099, -6.2356325e-05, -0.00044168756, -0.0007427813, -0.0008470705, -0.0009449916, -0.00089921703, -0.00082977343, -0.0006216287, -0.00035262143, -5.7273446e-05, 9.090745e-05, 0.00037040233, 0.00060675095, 0.0007003476, 0.0008209083, 0.0008333733, 0.00072587567, 0.00062937656, 0.0003685939, 5.019276e-05, -0.00011677351, -0.00044300835, -0.0007360716, -0.0008645994, -0.0010810358, -0.0012482132, -0.0013774284, -0.0014322038, -0.0015318666, -0.0016238344, -0.0016691256, -0.0017590926, -0.0018518035, -0.0019474486, -0.0019960788, -0.0020915188, -0.0021829302, -0.002226042, -0.002302402, -0.002357612, -0.0023764418, -0.0023670723, -0.0023027724, -0.0021726352, -0.002082499, -0.0018561556, -0.0015784705, -0.0014258466, -0.0011036865, -0.0007734786, -0.0004474828, -0.00028755158, 2.5116098e-05, 0.00032765485, 0.00047505627, 0.0007586636, 0.0010222539, 0.0012575672, 0.0013619843, 0.0015396194, 0.0016704473, 0.00171813, 0.0017787765, 0.0017992407, 0.0017967576, 0.0017703827, 0.0017200737, 0.0016491283, 0.0016056183, 0.0015000668, 0.001366078, 0.0012863334, 0.0010991433, 0.00087551534, 0.00062033866, 0.00048309445, 0.0001950851, -0.00010258818, -0.00025227648, -0.00054808555, -0.0008338743, -0.0009730281, -0.0012423565, -0.0015012483, -0.0017482045, -0.0018667392, -0.0020917938, -0.0023005134, -0.0023992597, -0.0025879066, -0.0027693305, -0.0029514453, -0.003045646, -0.003244288, -0.003459776, -0.003572652, -0.003802661, -0.0040251953, -0.004127803, -0.004302605, -0.0044213273, -0.0044676927, -0.0044593434, -0.004376581, -0.004204674, -0.004087529, -0.0037984392, -0.0034517369, -0.0030684392, -0.0028706056, -0.0024770028, -0.0021075867, -0.001942313, -0.0016866586, -0.0016047953
0, 0, 0, 0, 0, 0, 0, 0, 0, 0, 0, 0, 0, 0, 0, 0, 0.0042655678, 0.0023718572, 0.001699494, 0.00066948385, -0.00010233177, -0.00041489908, -0.00088111265, -0.0010898872, -0.0010853598, -0.0008673592, -0.00042631078, 0.00013350786, 0.00042161666, 0.0009485081, 0.0013382015, 0.0014626468, 0.001554381, 0.0014368542, 0.0011385125, 0.00093828543, 0.00048036114, 2.2659056e-05, -0.00017795853, -0.00048022848, -0.00061741465, -0.00062316266, -0.0005212366, -0.00029683457, 9.271199e-06, 0.00018217371, 0.00054390205, 0.00090014655, 0.0010656564, 0.0013470118, 0.0015283225, 0.001576581, 0.0015465332, 0.0013853112, 0.0011176467, 0.0009588471, 0.00062480045, 0.000305304, 0.0001624009, -7.80826e-05, -0.000252323, -0.00036819553, -0.0004089818, -0.00046652163, -0.00050520024, -0.0005201036, -0.00054967793, -0.0005824319, -0.0006258481, -0.00065340986, -0.0007240726, -0.0008223859, -0.00088359567, -0.0010293294, -0.0011985514, -0.0013697655, -0.0014462397, -0.0015604872, -0.0016008295, -0.0015881408, -0.001496305, -0.0013267789, -0.0012202669, -0.0009830486, -0.00073671713, -0.0004993866, -0.0003863761, -0.00017008159, 4.0060757e-05, 0.00014470692, 0.00035236235, 0.0005522058, 0.0007305594, 0.0008075482, 0.00092706666, 0.0009964786, 0.0010120771, 0.0010119273, 0.0009818266, 0.0009605457, 0.0009126855, 0.0008617978, 0.00080479385, 0.00077095645, 0.00068481034, 0.0005624551, 0.0004854193, 0.00029903304, 7.622344e-05, -0.0001691973, -0.00029499945, -0.0005442386, -0.00078195654, -0.0008945994, -0.0011076636, -0.0013075275, -0.0014040265, -0.0015930429, -0.0017762152, -0.0019489801, -0.0020294911, -0.002175579, -0.0023024236, -0.0023601018, -0.002473992, -0.0025981208, -0.0027480482, -0.0028365091, -0.0030426765, -0.0032796306, -0.0034043253, -0.0036492618, -0.0038636713, -0.0039507765, -0.004070019, -0.0041041323, -0.0040446157, -0.003978891, -0.0037789764, -0.0034958164, -0.0033279252, -0.0029525503, -0.0025446725, -0.002130627, -0.0019308432, -0.0015614233, -0.0012547098, -0.001133561, -0.00097633345, -0.00096273975
0, 0, 0, 0, 0, 0, 0, 0, 0, 0, 0, 0, 0, 0, 0, 0.0045628594, 0.003843339, 0.00298377, 0.002552502, 0.0016703736, 0.00077251694, 0.0003395652, -0.00041963495, -0.0009363312, -0.0010731459, -0.0010801114, -0.0007583938, -0.00019703737, 0.00013532637, 0.00082295685, 0.0014448086, 0.0017008455, 0.0020635952, 0.002194138, 0.002082103, 0.0019403588, 0.0015172773, 0.0009803936, 0.00070257724, 0.00019714441, -0.00016998434, -0.00028547025, -0.00037077352, -0.0002744108, -2.8998626e-05, 0.00013783149, 0.00053363823, 0.000978895, 0.0012070592, 0.0016450238, 0.0020125345, 0.002256783, 0.00232049, 0.0023219301, 0.0021716119, 0.0020509725, 0.0017533322, 0.0014243611, 0.0012652712, 0.0009792312, 0.000757652, 0.00061148166, 0.0005657839, 0.000524726, 0.00053709344, 0.0005586628, 0.00062043616, 0.0006910157, 0.0007503677, 0.0007703377, 0.0007779014, 0.0007286919, 0.00067780743, 0.0005197675, 0.00028886317, 6.77752e-06, -0.00014266813, -0.00043125075, -0.0006688837, -0.00075808447, -0.00086471613, -0.00087790616, -0.0008549069, -0.00076885906, -0.0006547733, -0.0005365555, -0.0004794812, -0.00036928302, -0.000259274, -0.00020230666, -8.4230625e-05, 3.2356354e-05, 0.0001333277, 0.00017289912, 0.00022098549, 0.00022447482, 0.00021043261, 0.00015923746, 9.335693e-05, 6.0430717e-05, 2.1543792e-06, -4.4526634e-05, -8.809729e-05, -0.00011342594, -0.00018126055, -0.00028383895, -0.00034983634, -0.00050893816, -0.0006919898, -0.00088053575, -0.0009709352, -0.001134282, -0.0012694711, -0.0013265155, -0.0014246154, -0.0015092973, -0.0015491142, -0.0016279706, -0.0017033075, -0.0017690384, -0.0017964413, -0.0018377514, -0.0018671071, -0.0018816626, -0.0019244987, -0.0020056588, -0.0021435716, -0.0022358645, -0.0024630935, -0.00272506, -0.0028584488, -0.00310291, -0.0032854094, -0.003343149, -0.0033796162, -0.0033046089, -0.0031205697, -0.00299093, -0.0026674727, -0.0022760753, -0.0020635647, -0.0016231092, -0.0011905899, -0.00079879235, -0.0006280729, -0.00035333316, -0.00018445175, -0.00014361806, -0.00015248731, -0.00025642486
0, 0, 0, 0, 0, 0, 0, 0, 0, 0, 0, 0, 0, 0.0009913816, 0.0014964696, 0.0029433442, 0.0034055007, 0.0033846481, 0.0032242988, 0.002633015, 0.001765483, 0.0012725501, 0.00027840244, -0.00056944514, -0.000886172, -0.0012335372, -0.0011714537, -0.00074815634, -0.00043323086, 0.00031556457, 0.0011100124, 0.001484585, 0.0021284923, 0.002564474, 0.0027372788, 0.0027161476, 0.002460566, 0.0019686806, 0.001663733, 0.0010159242, 0.0004225884, 0.00017788575, -0.00016444802, -0.00029210487, -0.00021012347, -9.910831e-05, 0.00024148545, 0.000703733, 0.00096595765, 0.0015204183, 0.0020590674, 0.0025111125, 0.0026838914, 0.0028967315, 0.0029240565, 0.002873201, 0.0026687807, 0.00237029, 0.002203448, 0.0018659378, 0.0015639242, 0.0013323562, 0.0012507193, 0.001163416, 0.0011779813, 0.0012196659, 0.0013579519, 0.0015423081, 0.0017352689, 0.0018239673, 0.0019645, 0.0020318155, 0.0020306457, 0.001948307, 0.001755001, 0.0014578626, 0.001278395, 0.0008835819, 0.00048051495, 0.00029097902, -3.947777e-05, -0.00028620925, -0.00037649422, -0.0004988733, -0.00056152174, -0.00058594503, -0.0005889432, -0.0005828377, -0.0005614256, -0.00054609496, -0.00050842407, -0.00047102233, -0.00044864972, -0.00044714366, -0.00046934275, -0.00052574184, -0.00056402705, -0.00065137265, -0.0007368603, -0.00077377405, -0.0008310167, -0.00086623983, -0.00089150394, -0.0009047131, -0.0009424987, -0.0010031871, -0.0010430376, -0.001135951, -0.0012357644, -0.0013257765, -0.0013622586, -0.0014107114, -0.0014261451, -0.001422553, -0.0013982722, -0.0013598085, -0.0013377554, -0.0012887045, -0.0012330937, -0.0011681138, -0.0011327857, -0.001060929, -0.0010023407, -0.0009856928, -0.000995189, -0.0010811199, -0.0012544189, -0.0013710773, -0.0016469092, -0.0019426775, -0.0020810917, -0.0023074606, -0.0024308462, -0.0024449273, -0.0023700753, -0.0021618486, -0.0018353534, -0.0016357313, -0.0011827889, -0.00069061137, -0.0004436139, 2.6110984e-05, 0.0004253862, 0.0007174813, 0.0008153639, 0.00090487336, 0.00085259083, 0.00077658205, 0.0005441881, 0.00027947171
0, 0, 0, 0, 0, 0, 0, 0, 0, 0, 0, 0, -0.006284846, -0.001891107, -0.00043370685, 0.0015507253, 0.0027784812, 0.0034383426, 0.0035562385, 0.0033772364, 0.0027171567, 0.0022498665, 0.0011598354, 4.5855217e-05, -0.00044911462, -0.0011949942, -0.0015163034, -0.0013860114, -0.0011691782, -0.0005056903, 0.00034682397, 0.00079912355, 0.0016740846, 0.0024164235, 0.0029279005, 0.0030731126, 0.0031093233, 0.0028081515, 0.0025487216, 0.0018808895, 0.0011336335, 0.00077323616, 0.0001533171, -0.00027008538, -0.00045779336, -0.00046116297, -0.00029876048, 6.524261e-05, 0.00031117004, 0.0008973308, 0.0015500031, 0.0021830723, 0.002463282, 0.0029057802, 0.0031535497, 0.003199751, 0.003147768, 0.0029331944, 0.002780413, 0.0024164426, 0.002025668, 0.0016650239, 0.0015137206, 0.0012971291, 0.001222328, 0.0012416905, 0.0013843806, 0.0016374491, 0.0019504719, 0.0021131614, 0.002418479, 0.0026619215, 0.0027493413, 0.0028379736, 0.0027964378, 0.0026126546, 0.0024677508, 0.0020861912, 0.0016115528, 0.001355392, 0.00084005913, 0.00036365946, 0.00015190394, -0.0002046256, -0.00047033062, -0.0006536697, -0.0007198272, -0.00081141066, -0.0008616329, -0.00087631354, -0.0008946188, -0.00091286586, -0.00094765757, -0.000975021, -0.001051307, -0.0011517095, -0.0012068122, -0.001315266, -0.0014068383, -0.001441803, -0.0014851496, -0.0014965154, -0.0014860857, -0.0014766006, -0.0014572446, -0.0014425727, -0.0014370648, -0.0014279133, -0.0014129884, -0.0013838231, -0.0013609175, -0.00129391, -0.0011970907, -0.0011378948, -0.0009991674, -0.0008381622, -0.0007505551, -0.00056156376, -0.00036059244, -0.00016041326, -6.630819e-05, 9.20373e-05, 0.00018458592, 0.00019639, 0.00013611805, -4.328515e-05, -0.00032770578, -0.0004976412, -0.00085761945, -0.0011893699, -0.0013245221, -0.0014993034, -0.0015193794, -0.0014664935, -0.001237603, -0.00086217775, -0.00037293357, -9.938349e-05, 0.0004745716, 0.0010322968, 0.0012858734, 0.0017053733, 0.0019671032, 0.00204282, 0.0020093545, 0.0018111835, 0.0014662793, 0.0012520573, 0.00077738485, 0.00033741922
0, 0, 0, 0, 0, 0, 0, 0, 0, 0, 0, -0.0063921586, -0.005186626, -0.0029131265, -0.0017844168, 0.00019701933, 0.0018306691, 0.0030232097, 0.0034115377, 0.003726708, 0.003439003, 0.0030941598, 0.0020980653, 0.00087088824, 0.00024691175, -0.00086285564, -0.0016198066, -0.0019065238, -0.0018671032, -0.0014577913, -0.0007092796, -0.00025088832, 0.0007425917, 0.0017248964, 0.002565294, 0.0028934425, 0.0032995478, 0.0033193033, 0.0031828969, 0.0026568654, 0.0018965399, 0.0014735331, 0.00063621957, -8.7748755e-05, -0.00060907536, -0.00077715353, -0.0009133383, -0.0007827997, -0.0006219255, -0.00013110138, 0.0005307232, 0.0012707391, 0.0016348537, 0.0022875858, 0.002770051, 0.0029314512, 0.0030837164, 0.0030159475, 0.0029099665, 0.0025768457, 0.002130408, 0.0016366579, 0.0013961832, 0.0009798756, 0.0007090738, 0.0006449097, 0.0006684484, 0.0008815761, 0.0012367767, 0.0014488979, 0.0018995422, 0.0023378686, 0.0025362754, 0.0028652495, 0.003073769, 0.0031263058, 0.0030855055, 0.0028610413, 0.0024557086, 0.002196531, 0.0016023868, 0.0009686545, 0.0006589363, 9.1468835e-05, -0.00037416414, -0.0007228778, -0.00085505866, -0.0010453871, -0.0011575965, -0.0011927123, -0.0012377249, -0.0012728983, -0.0013220108, -0.0013565549, -0.0014479011, -0.001561926, -0.0016220986, -0.001736399, -0.0018240621, -0.0018527545, -0.0018740111, -0.001847373, -0.001779273, -0.0017333713, -0.0016257844, -0.001505313, -0.0014418233, -0.0013121358, -0.0011781438, -0.0010379402, -0.0009635297, -0.00079995726, -0.00060827413, -0.00049917307, -0.00025028962, 3.825709e-05, 0.00019583438, 0.00052842, 0.000860543, 0.0011549888, 0.0012737636, 0.0014250566, 0.0014300372, 0.0013701578, 0.0011262624, 0.0007389908, 0.00026463257, 1.9857978e-05, -0.00043205832, -0.0007656308, -0.0008677078, -0.0009192129, -0.00075968326, -0.0006043801, -0.00016401052, 0.00041005533, 0.0010603355, 0.0013927479, 0.002026183, 0.0025486879, 0.002744521, 0.002966796, 0.0029352384, 0.00265497, 0.0024343682, 0.0018751512, 0.0012244458, 0.00088728504, 0.00022601955, -0.0003485842
0, 0, 0, 0, 0, 0, 0, 0, 0, 0, -0.0068138633, -0.0058577815, -0.004861036, -0.0036980277, -0.0029467633, -0.0012375071, 0.00054072734, 0.0021088968, 0.0027350574, 0.0035624406, 0.0037586659, 0.0036190862, 0.002914104, 0.0017774322, 0.0011170583, -0.00021980498, -0.0013624206, -0.002107482, -0.0022955206, -0.002288204, -0.0018207013, -0.0014461678, -0.00050031394, 0.0005893925, 0.0016719504, 0.0021613482, 0.0029429107, 0.003358219, 0.003404233, 0.0031758074, 0.002578588, 0.0021779095, 0.0012658319, 0.00032788198, -0.00050349406, -0.0008488137, -0.0013527027, -0.001569464, -0.0015621306, -0.0013123717, -0.0007847018, -5.898271e-05, 0.00034175027, 0.001137874, 0.0018310439, 0.0021100873, 0.0024990677, 0.0026410718, 0.0026200141, 0.002402774, 0.0019811732, 0.0014101788, 0.0010932597, 0.00046118774, -7.657351e-05, -0.00027925812, -0.0005114378, -0.00049155194, -0.00023905467, -4.052452e-05, 0.00045801367, 0.0010348916, 0.0013327491, 0.0019072795, 0.0024087294, 0.0027778777, 0.0028939883, 0.002958986, 0.0027777222, 0.0025964826, 0.0020811255, 0.0014244555, 0.0010715117, 0.00037382977, -0.00025119237, -0.00075561425, -0.0009569439, -0.001258664, -0.0014408355, -0.0014944053, -0.0015452323, -0.0015526894, -0.001553479, -0.0015608608, -0.0016005072, -0.0016744139, -0.0017205952, -0.001816922, -0.0018955929, -0.0019193991, -0.0019232911, -0.0018572494, -0.0017221564, -0.0016324199, -0.0014198642, -0.0011821624, -0.0010599387, -0.00081892585, -0.0005893751, -0.00036930334, -0.00025840162, -2.0504956e-05, 0.00025799812, 0.00041883142, 0.0007877532, 0.0012105131, 0.0014336271, 0.001875533, 0.0022601644, 0.002519351, 0.0025820478, 0.002544862, 0.0022763866, 0.0020592075, 0.0014916473, 0.00081565813, 0.00013768073, -0.00016545826, -0.00063625793, -0.0008625219, -0.000871561, -0.00068217947, -0.00024525175, 4.732866e-05, 0.000736578, 0.0014948249, 0.0022358443, 0.0025719744, 0.003117301, 0.0034226947, 0.0034635062, 0.0033004398, 0.0028221912, 0.0020922828, 0.0016654606, 0.00076522236, -0.00010073692, -0.00049596187, -0.0012012512, -0.001812073
0, 0, 0, 0, 0, 0, 0, 0, 0, -0.006189932, -0.0055381088, -0.0052601555, -0.0049515534, -0.0044698454, -0.0040191864, -0.0026872149, -0.0009769403, 0.00078573066, 0.0015866617, 0.002865232, 0.0035740207, 0.0036859452, 0.0034203457, 0.0025758971, 0.0019866845, 0.00062858564, -0.0007440822, -0.00187908, -0.0022950557, -0.0027584152, -0.0027086623, -0.0025033534, -0.0017887994, -0.00077154586, 0.0003997424, 0.0009901173, 0.0020666963, 0.0028652688, 0.0031177646, 0.0032866804, 0.0030093146, 0.0027228477, 0.001923361, 0.00094101724, -8.158738e-05, -0.00056513847, -0.0014096304, -0.002011422, -0.0021967224, -0.0023057184, -0.0020574909, -0.0014975112, -0.0011313632, -0.00030835878, 0.00052091863, 0.0008979245, 0.0015195087, 0.0019106591, 0.0020086057, 0.0019980925, 0.0017148869, 0.0011812008, 0.0008386914, 6.419216e-05, -0.00072329794, -0.0010808161, -0.0016505003, -0.0019614827, -0.0019825709, -0.0018870869, -0.0015111986, -0.00093974936, -0.00060297304, 0.00012878649, 0.0008756309, 0.0015592694, 0.0018501121, 0.0022768662, 0.0024415792, 0.0024137278, 0.0021442918, 0.0016355125, 0.0013175331, 0.0006193998, -7.923618e-05, -0.0007017695, -0.000969354, -0.0013975629, -0.0016761288, -0.0017586853, -0.0018189081, -0.0017699805, -0.0016589363, -0.0015982845, -0.0014978013, -0.0014504713, -0.0014503319, -0.0014887748, -0.0015513761, -0.0015772459, -0.0015874616, -0.0015107759, -0.001331277, -0.0012056946, -0.000902338, -0.00056428, -0.00039497175, -7.6040946e-05, 0.00020748365, 0.00046958518, 0.0006037457, 0.0009050819, 0.0012812242, 0.0015018507, 0.001999671, 0.0025299846, 0.0027841215, 0.003214873, 0.0034636129, 0.0034544435, 0.0033392494, 0.0028839603, 0.0021677976, 0.001737548, 0.0008054943, -0.00010837776, -0.0008632788, -0.0011423981, -0.0014496314, -0.0013914393, -0.001229659, -0.00067859725, 9.484726e-05, 0.00053007493, 0.0014245064, 0.0022565264, 0.0029217321, 0.00316228, 0.003406563, 0.003285238, 0.0030799482, 0.002395287, 0.0014150239, 0.00027080055, -0.00031252802, -0.0014031671, -0.0022905455, -0.0026412106, -0.0032004314, -0.003726453
0, 0, 0, 0, 0, 0, 0, 0, -0.0038498875, -0.004316124, -0.0045647407, -0.004719454, -0.005033902, -0.0050668903, -0.0048674154, -0.0039644227, -0.0024942392, -0.00073751865, 0.00014748149, 0.0017375769, 0.00289222, 0.0032536113, 0.0034877341, 0.0030743685, 0.0026519655, 0.0014861331, 9.6697e-05, -0.0012576476, -0.0018471809, -0.002736561, -0.003151649, -0.0031676707, -0.0028319892, -0.0020662479, -0.0009915055, -0.0003878485, 0.0008329355, 0.0019142976, 0.002347382, 0.0029209135, 0.003049432, 0.0029450688, 0.0024324788, 0.0015986993, 0.0005723765, 3.0240431e-05, -0.0010286176, -0.0019465564, -0.002317205, -0.002817545, -0.0029445528, -0.002687835, -0.0024322264, -0.0017317813, -0.0008923993, -0.0004640977, 0.000329427, 0.00096003327, 0.0011907914, 0.0014506297, 0.0014119478, 0.0010553136, 0.0007645019, -1.9379606e-06, -0.0009162342, -0.0013854787, -0.0022578721, -0.002940648, -0.0033486218, -0.0034342902, -0.0033652366, -0.0029975718, -0.002717536, -0.0020067627, -0.001160751, -0.0002689948, 0.0001615828, 0.0009249699, 0.0014720386, 0.0016390664, 0.0017373923, 0.0015293463, 0.0013279495, 0.00078348495, 0.0001346415, -0.00052628084, -0.0008380745, -0.0013856839, -0.0017892544, -0.0019223031, -0.00203536, -0.0019488758, -0.0017078656, -0.0015530625, -0.001233052, -0.000966958, -0.0008730895, -0.000778424, -0.00078984146, -0.00081779965, -0.00086707086, -0.0008406895, -0.0006856308, -0.00055702956, -0.0002210771, 0.00016639245, 0.0003574745, 0.0007045501, 0.0009975603, 0.0012749743, 0.0014286133, 0.0018047212, 0.002296189, 0.002578747, 0.0031678665, 0.0036884502, 0.0038816868, 0.004060046, 0.0038924718, 0.003352638, 0.002953217, 0.0019489133, 0.0007798052, 0.0001809802, -0.0009465264, -0.001853125, -0.0024138438, -0.0025371832, -0.0024517793, -0.0019495696, -0.0015681699, -0.0006251607, 0.0004282299, 0.00094746455, 0.0018834914, 0.0025809517, 0.0029441258, 0.002979606, 0.0027311677, 0.0020580688, 0.0015763495, 0.00038500747, -0.0009845495, -0.0023509122, -0.0029756394, -0.0040118215, -0.004686096, -0.0048886025, -0.0051369313, -0.005482001
0, 0, 0, 0, 0, 0, -0.0013596206, -0.0014447653, -0.0022603853, -0.002952407, -0.0037131452, -0.0041124714, -0.0048516146, -0.005294164, -0.0053169816, -0.0048639975, -0.0037618564, -0.0021979949, -0.0013308291, 0.00038230652, 0.0018400138, 0.00240202, 0.0030962317, 0.0031581735, 0.0029550742, 0.0021430033, 0.0009435596, -0.00041914592, -0.001086102, -0.0022582852, -0.0030745333, -0.0033131666, -0.0034163166, -0.0030276547, -0.0022146092, -0.0016885684, -0.0005040797, 0.0006972197, 0.0012457868, 0.002139237, 0.0026624629, 0.002764259, 0.0026398825, 0.0021119688, 0.0012675913, 0.00076259515, -0.00032853117, -0.0014135806, -0.0019114529, -0.0027342453, -0.0032373767, -0.0033560758, -0.0032679474, -0.0028305415, -0.0021305731, -0.0017223976, -0.00087086036, -7.434595e-05, 0.00027207207, 0.00080528785, 0.0010668092, 0.0009955984, 0.0008268468, 0.0002384542, -0.0006171531, -0.0011077509, -0.00213041, -0.0030917556, -0.0038717983, -0.0041630003, -0.0045083445, -0.0045087836, -0.004380904, -0.0038944804, -0.003151875, -0.0022387912, -0.0017500262, -0.00078210374, 7.378138e-05, 0.000423188, 0.00091320183, 0.0010888106, 0.0010595745, 0.00079885096, 0.0003327277, -0.000253282, -0.00056580483, -0.0011787517, -0.0017058379, -0.0019081172, -0.0021392778, -0.002101597, -0.0018018085, -0.0015743563, -0.0010323554, -0.00048109973, -0.00024020058, 0.00011415126, 0.0002652078, 0.00027128495, 0.00019701377, 0.00011039226, 0.00012375222, 0.0001883401, 0.000426264, 0.0007514521, 0.0009189835, 0.0012243841, 0.0014933347, 0.0017921893, 0.0019808456, 0.0024690763, 0.0030764032, 0.003390525, 0.0039292267, 0.0041975523, 0.0041847522, 0.0038222342, 0.0030175704, 0.0018555407, 0.0011843496, -0.00022872555, -0.0015836981, -0.0021860942, -0.0031493232, -0.0037038838, -0.0037867294, -0.003647413, -0.0030363554, -0.0020685291, -0.0014967457, -0.00029081738, 0.0008435975, 0.001331093, 0.0020637978, 0.0023937542, 0.0022695623, 0.0020322562, 0.0012257742, 3.7377755e-05, -0.00066377886, -0.0021777435, -0.003682847, -0.004989738, -0.005516572, -0.00624657, -0.0065149623, -0.006500675, -0.006354026, -0.006477616
0, 0, 0, 0, 0, -0.00024295809, -0.00047491043, -0.0006528566, -0.0012004505, -0.0019536556, -0.0028866478, -0.0033889036, -0.0043605235, -0.005103024, -0.0053114593, -0.0052854153, -0.0046117064, -0.0033769365, -0.0026131521, -0.00096218043, 0.00062120496, 0.0013082883, 0.0023505688, 0.0028398354, 0.0028597116, 0.0024704898, 0.0015983329, 0.00041446422, -0.00023075422, -0.0014993128, -0.0025771423, -0.0029929194, -0.0035011289, -0.0035260767, -0.0030718255, -0.0026882426, -0.0016968445, -0.000542892, 3.944739e-05, 0.0011100906, 0.001936699, 0.0022231108, 0.002496565, 0.0023490586, 0.0018130555, 0.0014217856, 0.00046461506, -0.0006163837, -0.0011610257, -0.0021702535, -0.0029650016, -0.003438808, -0.0035356765, -0.0034420828, -0.003005515, -0.0026862032, -0.0019160605, -0.0010706658, -0.000656201, 8.8927496e-05, 0.0006346913, 0.0008855786, 0.00087790255, 0.0005851574, -4.73212e-05, -0.00046659916, -0.0014429571, -0.0025013867, -0.003521356, -0.003977646, -0.004715069, -0.0051412545, -0.0052205306, -0.005102333, -0.004640006, -0.0038982888, -0.0034491422, -0.0024617938, -0.0014543474, -0.0009822272, -0.00017679286, 0.00036842123, 0.00052720454, 0.0006140703, 0.00042601966, 2.328558e-05, -0.00023712043, -0.0008278208, -0.0014298317, -0.0016982583, -0.0020923652, -0.0022093758, -0.0020009924, -0.0017785251, -0.0011457689, -0.00036061916, 4.4053155e-05, 0.00077981676, 0.0012999445, 0.0014482583, 0.0015129099, 0.0013381538, 0.0010787367, 0.0009679921, 0.00084613473, 0.0008637538, 0.000910811, 0.0010586829, 0.0013010352, 0.0017103306, 0.0019915549, 0.0026701163, 0.0033524863, 0.0036201973, 0.0038653456, 0.0036067397, 0.0032756182, 0.002254172, 0.0008691348, -0.0006920095, -0.0014740636, -0.0029146832, -0.0040487805, -0.004459497, -0.00492115, -0.004881127, -0.0043619066, -0.0039432524, -0.002860429, -0.001577689, -0.0009197431, 0.0003062725, 0.0012608785, 0.001591045, 0.001900797, 0.0017121299, 0.0010367854, 0.0005328231, -0.00074785925, -0.0022765123, -0.0030808607, -0.0046496564, -0.006008663, -0.006997514, -0.0073166527, -0.007570606, -0.0073384605, -0.0070869057, -0.0065449607, -0.0064486545
0, 0, 0, -0.0013495319, -0.0009996545, -0.00032379385, -0.0001545653, -0.00021136204, -0.00057029026, -0.0012328184, -0.0021447816, -0.0026604752, -0.0037192702, -0.0046490193, -0.004997011, -0.0053285128, -0.005068057, -0.0042117033, -0.0035984695, -0.0021339452, -0.00056381914, 0.00017875886, 0.0014397865, 0.002259389, 0.002471815, 0.002482271, 0.0019808663, 0.0010742747, 0.0005163049, -0.00069888105, -0.0018905953, -0.0024196962, -0.0032396442, -0.0036361718, -0.0035527197, -0.003337528, -0.0026180216, -0.0016253062, -0.0010741914, 4.231669e-05, 0.0010544598, 0.0014778012, 0.0020878725, 0.0023132623, 0.0021240443, 0.0018825006, 0.0011537515, 0.00019429767, -0.00033260172, -0.001396663, -0.0023662765, -0.0031174945, -0.0033782907, -0.0036306456, -0.0035132214, -0.0033260053, -0.002740923, -0.00195811, -0.0015271497, -0.0006628313, 0.00010370618, 0.00064547366, 0.0007993558, 0.0008340208, 0.0005022068, 0.00021043062, -0.0005806654, -0.001574588, -0.0026713456, -0.0032226052, -0.004247035, -0.0050533745, -0.005339017, -0.0056285746, -0.0055316957, -0.0050796242, -0.004740043, -0.0038856086, -0.0028798424, -0.0023570824, -0.0013562194, -0.0005196101, -0.00019515202, 0.00023107785, 0.00035383317, 0.00019543072, 2.372263e-05, -0.00046618108, -0.0010769812, -0.0013893385, -0.0019381696, -0.0022683416, -0.002277715, -0.0021475602, -0.00162309, -0.00079041324, -0.00028543916, 0.0008154177, 0.0018743454, 0.0023143895, 0.0028643853, 0.0028487144, 0.002281197, 0.0018529699, 0.00090214564, 8.718538e-05, -0.00019367092, -0.00040411061, -7.9566125e-05, 0.00073549175, 0.001256287, 0.0022914328, 0.0029918358, 0.0031249525, 0.0028845896, 0.0020094127, 0.0013796545, -0.00013764511, -0.0018124798, -0.0034203487, -0.0041332482, -0.005264109, -0.00590115, -0.006014648, -0.0058363965, -0.005168102, -0.0041106525, -0.0034760255, -0.002094782, -0.0007140275, -8.395559e-05, 0.00093811, 0.0015205732, 0.0016168172, 0.0014045222, 0.0006734032, -0.0004992548, -0.0012164203, -0.0028167411, -0.004487242, -0.0052878493, -0.0067000585, -0.0077277427, -0.008262169, -0.00832671, -0.008056235, -0.0073265727, -0.006854243, -0.005957083, -0.005640309
0, 0, 0, -0.001424246, -0.0010308569, -0.000377713, -7.490825e-05, -5.4697754e-05, -0.00026774695, -0.0008121453, -0.0016458672, -0.0021448326, -0.0032253552, -0.004270699, -0.004715438, -0.0053135655, -0.005382301, -0.004850188, -0.0043739886, -0.0030987773, -0.001582708, -0.0008136891, 0.00059340446, 0.0016599114, 0.0020204415, 0.0023533732, 0.0021671432, 0.0015200948, 0.0010567274, -6.1609884e-05, -0.0012934781, -0.0018931555, -0.0029362447, -0.003627265, -0.0038579258, -0.0037910289, -0.0033258917, -0.0025045527, -0.0020000231, -0.0008909175, 0.00023379047, 0.00075459055, 0.0016257897, 0.0021608588, 0.0022785643, 0.0021735711, 0.0016663815, 0.0008429249, 0.00035066018, -0.0007189999, -0.0017945335, -0.0027471732, -0.00313846, -0.0036832776, -0.003859008, -0.0038032054, -0.0034240908, -0.0027457138, -0.0023249, -0.0013966686, -0.00046792012, 0.0003095359, 0.0005988414, 0.0009203377, 0.0008661728, 0.00069975964, 0.000112324175, -0.0007657187, -0.0018633124, -0.0024640188, -0.003683262, -0.0047911946, -0.005252753, -0.0059097772, -0.0061598644, -0.0060025365, -0.0057831546, -0.005102484, -0.004160956, -0.0036258234, -0.0025070005, -0.0014500634, -0.0009892992, -0.00026826112, 0.00014042637, 0.00022204012, 0.00014470262, -0.00022283822, -0.00081034226, -0.0011503377, -0.0018261296, -0.0023601074, -0.00261383, -0.002607221, -0.0022949835, -0.0015656857, -0.0010454939, 0.00027510538, 0.0018412486, 0.0026311208, 0.0039563943, 0.004509106, 0.0038396274, 0.003002041, 0.0005814113, -0.0020101236, -0.0030022191, -0.0038290403, -0.0029862009, -0.0010814277, -5.1284682e-05, 0.0016014714, 0.0023160276, 0.0022867876, 0.0015574741, 0.00017229798, -0.0006718771, -0.0024845952, -0.0042529716, -0.005746645, -0.006328614, -0.007068749, -0.007185289, -0.007011067, -0.0062497845, -0.0050512273, -0.003577725, -0.002793728, -0.0012453821, 0.00011661649, 0.0006691806, 0.0014135205, 0.0015884857, 0.0014490503, 0.00073850335, -0.00047645177, -0.0020660546, -0.0029506653, -0.0047804187, -0.0065114037, -0.0072756815, -0.008487865, -0.009178047, -0.009283678, -0.00911658, -0.00837724, -0.007210695, -0.006543389, -0.005312307, -0.004718417

